timestamp,labels,value
2026-09-27T02:49:45.945136Z,"{""command"": ""(sd-pam)"", ""command_line"": ""(sd-pam)"", ""owner"": ""dialmupe"", ""pid"": ""5366"", ""process"": ""all"", ""resource_instance_id"": ""1398563761166861218"", ""resource_project_id"": ""proyecto-2-cloud-509714"", ""resource_type"": ""gce_instance"", ""resource_zone"": ""us-central1-a"", ""vm"": ""mooc-web""}",106037248
2026-09-27T02:49:15.939791Z,"{""command"": ""(sd-pam)"", ""command_line"": ""(sd-pam)"", ""owner"": ""dialmupe"", ""pid"": ""5366"", ""process"": ""all"", ""resource_instance_id"": ""1398563761166861218"", ""resource_project_id"": ""proyecto-2-cloud-509714"", ""resource_type"": ""gce_instance"", ""resource_zone"": ""us-central1-a"", ""vm"": ""mooc-web""}",106037248
2026-09-27T02:48:45.940429Z,"{""command"": ""(sd-pam)"", ""command_line"": ""(sd-pam)"", ""owner"": ""dialmupe"", ""pid"": ""5366"", ""process"": ""all"", ""resource_instance_id"": ""1398563761166861218"", ""resource_project_id"": ""proyecto-2-cloud-509714"", ""resource_type"": ""gce_instance"", ""resource_zone"": ""us-central1-a"", ""vm"": ""mooc-web""}",106037248
2026-09-27T02:48:15.952296Z,"{""command"": ""(sd-pam)"", ""command_line"": ""(sd-pam)"", ""owner"": ""dialmupe"", ""pid"": ""5366"", ""process"": ""all"", ""resource_instance_id"": ""1398563761166861218"", ""resource_project_id"": ""proyecto-2-cloud-509714"", ""resource_type"": ""gce_instance"", ""resource_zone"": ""us-central1-a"", ""vm"": ""mooc-web""}",106037248
2026-09-27T02:47:45.941457Z,"{""command"": ""(sd-pam)"", ""command_line"": ""(sd-pam)"", ""owner"": ""dialmupe"", ""pid"": ""5366"", ""process"": ""all"", ""resource_instance_id"": ""1398563761166861218"", ""resource_project_id"": ""proyecto-2-cloud-509714"", ""resource_type"": ""gce_instance"", ""resource_zone"": ""us-central1-a"", ""vm"": ""mooc-web""}",106037248
2026-09-27T02:47:15.939646Z,"{""command"": ""(sd-pam)"", ""command_line"": ""(sd-pam)"", ""owner"": ""dialmupe"", ""pid"": ""5366"", ""process"": ""all"", ""resource_instance_id"": ""1398563761166861218"", ""resource_project_id"": ""proyecto-2-cloud-509714"", ""resource_type"": ""gce_instance"", ""resource_zone"": ""us-central1-a"", ""vm"": ""mooc-web""}",106037248
2026-09-27T02:46:45.942564Z,"{""command"": ""(sd-pam)"", ""command_line"": ""(sd-pam)"", ""owner"": ""dialmupe"", ""pid"": ""5366"", ""process"": ""all"", ""resource_instance_id"": ""1398563761166861218"", ""resource_project_id"": ""proyecto-2-cloud-509714"", ""resource_type"": ""gce_instance"", ""resource_zone"": ""us-central1-a"", ""vm"": ""mooc-web""}",106037248
2026-09-27T02:46:15.940489Z,"{""command"": ""(sd-pam)"", ""command_line"": ""(sd-pam)"", ""owner"": ""dialmupe"", ""pid"": ""5366"", ""process"": ""all"", ""resource_instance_id"": ""1398563761166861218"", ""resource_project_id"": ""proyecto-2-cloud-509714"", ""resource_type"": ""gce_instance"", ""resource_zone"": ""us-central1-a"", ""vm"": ""mooc-web""}",106037248
2026-09-27T02:45:45.947370Z,"{""command"": ""(sd-pam)"", ""command_line"": ""(sd-pam)"", ""owner"": ""dialmupe"", ""pid"": ""5366"", ""process"": ""all"", ""resource_instance_id"": ""1398563761166861218"", ""resource_project_id"": ""proyecto-2-cloud-509714"", ""resource_type"": ""gce_instance"", ""resource_zone"": ""us-central1-a"", ""vm"": ""mooc-web""}",106037248
2026-09-27T02:45:15.945276Z,"{""command"": ""(sd-pam)"", ""command_line"": ""(sd-pam)"", ""owner"": ""dialmupe"", ""pid"": ""5366"", ""process"": ""all"", ""resource_instance_id"": ""1398563761166861218"", ""resource_project_id"": ""proyecto-2-cloud-509714"", ""resource_type"": ""gce_instance"", ""resource_zone"": ""us-central1-a"", ""vm"": ""mooc-web""}",106037248
2026-09-27T02:44:45.942575Z,"{""command"": ""(sd-pam)"", ""command_line"": ""(sd-pam)"", ""owner"": ""dialmupe"", ""pid"": ""5366"", ""process"": ""all"", ""resource_instance_id"": ""1398563761166861218"", ""resource_project_id"": ""proyecto-2-cloud-509714"", ""resource_type"": ""gce_instance"", ""resource_zone"": ""us-central1-a"", ""vm"": ""mooc-web""}",106037248
2026-09-27T02:44:15.941580Z,"{""command"": ""(sd-pam)"", ""command_line"": ""(sd-pam)"", ""owner"": ""dialmupe"", ""pid"": ""5366"", ""process"": ""all"", ""resource_instance_id"": ""1398563761166861218"", ""resource_project_id"": ""proyecto-2-cloud-509714"", ""resource_type"": ""gce_instance"", ""resource_zone"": ""us-central1-a"", ""vm"": ""mooc-web""}",106037248
2026-09-27T02:43:45.940304Z,"{""command"": ""(sd-pam)"", ""command_line"": ""(sd-pam)"", ""owner"": ""dialmupe"", ""pid"": ""5366"", ""process"": ""all"", ""resource_instance_id"": ""1398563761166861218"", ""resource_project_id"": ""proyecto-2-cloud-509714"", ""resource_type"": ""gce_instance"", ""resource_zone"": ""us-central1-a"", ""vm"": ""mooc-web""}",106037248
2026-09-27T02:43:15.940496Z,"{""command"": ""(sd-pam)"", ""command_line"": ""(sd-pam)"", ""owner"": ""dialmupe"", ""pid"": ""5366"", ""process"": ""all"", ""resource_instance_id"": ""1398563761166861218"", ""resource_project_id"": ""proyecto-2-cloud-509714"", ""resource_type"": ""gce_instance"", ""resource_zone"": ""us-central1-a"", ""vm"": ""mooc-web""}",106037248
2026-09-27T02:42:45.948064Z,"{""command"": ""(sd-pam)"", ""command_line"": ""(sd-pam)"", ""owner"": ""dialmupe"", ""pid"": ""5366"", ""process"": ""all"", ""resource_instance_id"": ""1398563761166861218"", ""resource_project_id"": ""proyecto-2-cloud-509714"", ""resource_type"": ""gce_instance"", ""resource_zone"": ""us-central1-a"", ""vm"": ""mooc-web""}",106037248
2026-09-27T02:42:15.941361Z,"{""command"": ""(sd-pam)"", ""command_line"": ""(sd-pam)"", ""owner"": ""dialmupe"", ""pid"": ""5366"", ""process"": ""all"", ""resource_instance_id"": ""1398563761166861218"", ""resource_project_id"": ""proyecto-2-cloud-509714"", ""resource_type"": ""gce_instance"", ""resource_zone"": ""us-central1-a"", ""vm"": ""mooc-web""}",106037248
2026-09-27T02:41:45.942063Z,"{""command"": ""(sd-pam)"", ""command_line"": ""(sd-pam)"", ""owner"": ""dialmupe"", ""pid"": ""5366"", ""process"": ""all"", ""resource_instance_id"": ""1398563761166861218"", ""resource_project_id"": ""proyecto-2-cloud-509714"", ""resource_type"": ""gce_instance"", ""resource_zone"": ""us-central1-a"", ""vm"": ""mooc-web""}",106037248
2026-09-27T02:41:15.941950Z,"{""command"": ""(sd-pam)"", ""command_line"": ""(sd-pam)"", ""owner"": ""dialmupe"", ""pid"": ""5366"", ""process"": ""all"", ""resource_instance_id"": ""1398563761166861218"", ""resource_project_id"": ""proyecto-2-cloud-509714"", ""resource_type"": ""gce_instance"", ""resource_zone"": ""us-central1-a"", ""vm"": ""mooc-web""}",106037248
2026-09-27T02:40:45.942569Z,"{""command"": ""(sd-pam)"", ""command_line"": ""(sd-pam)"", ""owner"": ""dialmupe"", ""pid"": ""5366"", ""process"": ""all"", ""resource_instance_id"": ""1398563761166861218"", ""resource_project_id"": ""proyecto-2-cloud-509714"", ""resource_type"": ""gce_instance"", ""resource_zone"": ""us-central1-a"", ""vm"": ""mooc-web""}",106037248
2026-09-27T02:40:15.940806Z,"{""command"": ""(sd-pam)"", ""command_line"": ""(sd-pam)"", ""owner"": ""dialmupe"", ""pid"": ""5366"", ""process"": ""all"", ""resource_instance_id"": ""1398563761166861218"", ""resource_project_id"": ""proyecto-2-cloud-509714"", ""resource_type"": ""gce_instance"", ""resource_zone"": ""us-central1-a"", ""vm"": ""mooc-web""}",106037248
2026-09-27T02:39:45.942681Z,"{""command"": ""(sd-pam)"", ""command_line"": ""(sd-pam)"", ""owner"": ""dialmupe"", ""pid"": ""5366"", ""process"": ""all"", ""resource_instance_id"": ""1398563761166861218"", ""resource_project_id"": ""proyecto-2-cloud-509714"", ""resource_type"": ""gce_instance"", ""resource_zone"": ""us-central1-a"", ""vm"": ""mooc-web""}",106037248
2026-09-27T02:39:15.957828Z,"{""command"": ""(sd-pam)"", ""command_line"": ""(sd-pam)"", ""owner"": ""dialmupe"", ""pid"": ""5366"", ""process"": ""all"", ""resource_instance_id"": ""1398563761166861218"", ""resource_project_id"": ""proyecto-2-cloud-509714"", ""resource_type"": ""gce_instance"", ""resource_zone"": ""us-central1-a"", ""vm"": ""mooc-web""}",106037248
2026-09-27T02:49:45.942418Z,"{""command"": ""acpi_thermal_pm"", ""command_line"": """", ""owner"": ""root"", ""pid"": ""54"", ""process"": ""all"", ""resource_instance_id"": ""1398563761166861218"", ""resource_project_id"": ""proyecto-2-cloud-509714"", ""resource_type"": ""gce_instance"", ""resource_zone"": ""us-central1-a"", ""vm"": ""mooc-web""}",0
2026-09-27T02:49:15.937402Z,"{""command"": ""acpi_thermal_pm"", ""command_line"": """", ""owner"": ""root"", ""pid"": ""54"", ""process"": ""all"", ""resource_instance_id"": ""1398563761166861218"", ""resource_project_id"": ""proyecto-2-cloud-509714"", ""resource_type"": ""gce_instance"", ""resource_zone"": ""us-central1-a"", ""vm"": ""mooc-web""}",0
2026-09-27T02:48:45.937781Z,"{""command"": ""acpi_thermal_pm"", ""command_line"": """", ""owner"": ""root"", ""pid"": ""54"", ""process"": ""all"", ""resource_instance_id"": ""1398563761166861218"", ""resource_project_id"": ""proyecto-2-cloud-509714"", ""resource_type"": ""gce_instance"", ""resource_zone"": ""us-central1-a"", ""vm"": ""mooc-web""}",0
2026-09-27T02:48:15.948109Z,"{""command"": ""acpi_thermal_pm"", ""command_line"": """", ""owner"": ""root"", ""pid"": ""54"", ""process"": ""all"", ""resource_instance_id"": ""1398563761166861218"", ""resource_project_id"": ""proyecto-2-cloud-509714"", ""resource_type"": ""gce_instance"", ""resource_zone"": ""us-central1-a"", ""vm"": ""mooc-web""}",0
2026-09-27T02:47:45.938166Z,"{""command"": ""acpi_thermal_pm"", ""command_line"": """", ""owner"": ""root"", ""pid"": ""54"", ""process"": ""all"", ""resource_instance_id"": ""1398563761166861218"", ""resource_project_id"": ""proyecto-2-cloud-509714"", ""resource_type"": ""gce_instance"", ""resource_zone"": ""us-central1-a"", ""vm"": ""mooc-web""}",0
2026-09-27T02:47:15.937573Z,"{""command"": ""acpi_thermal_pm"", ""command_line"": """", ""owner"": ""root"", ""pid"": ""54"", ""process"": ""all"", ""resource_instance_id"": ""1398563761166861218"", ""resource_project_id"": ""proyecto-2-cloud-509714"", ""resource_type"": ""gce_instance"", ""resource_zone"": ""us-central1-a"", ""vm"": ""mooc-web""}",0
2026-09-27T02:46:45.940289Z,"{""command"": ""acpi_thermal_pm"", ""command_line"": """", ""owner"": ""root"", ""pid"": ""54"", ""process"": ""all"", ""resource_instance_id"": ""1398563761166861218"", ""resource_project_id"": ""proyecto-2-cloud-509714"", ""resource_type"": ""gce_instance"", ""resource_zone"": ""us-central1-a"", ""vm"": ""mooc-web""}",0
2026-09-27T02:46:15.937196Z,"{""command"": ""acpi_thermal_pm"", ""command_line"": """", ""owner"": ""root"", ""pid"": ""54"", ""process"": ""all"", ""resource_instance_id"": ""1398563761166861218"", ""resource_project_id"": ""proyecto-2-cloud-509714"", ""resource_type"": ""gce_instance"", ""resource_zone"": ""us-central1-a"", ""vm"": ""mooc-web""}",0
2026-09-27T02:45:45.944083Z,"{""command"": ""acpi_thermal_pm"", ""command_line"": """", ""owner"": ""root"", ""pid"": ""54"", ""process"": ""all"", ""resource_instance_id"": ""1398563761166861218"", ""resource_project_id"": ""proyecto-2-cloud-509714"", ""resource_type"": ""gce_instance"", ""resource_zone"": ""us-central1-a"", ""vm"": ""mooc-web""}",0
2026-09-27T02:45:15.942792Z,"{""command"": ""acpi_thermal_pm"", ""command_line"": """", ""owner"": ""root"", ""pid"": ""54"", ""process"": ""all"", ""resource_instance_id"": ""1398563761166861218"", ""resource_project_id"": ""proyecto-2-cloud-509714"", ""resource_type"": ""gce_instance"", ""resource_zone"": ""us-central1-a"", ""vm"": ""mooc-web""}",0
2026-09-27T02:44:45.939181Z,"{""command"": ""acpi_thermal_pm"", ""command_line"": """", ""owner"": ""root"", ""pid"": ""54"", ""process"": ""all"", ""resource_instance_id"": ""1398563761166861218"", ""resource_project_id"": ""proyecto-2-cloud-509714"", ""resource_type"": ""gce_instance"", ""resource_zone"": ""us-central1-a"", ""vm"": ""mooc-web""}",0
2026-09-27T02:44:15.939472Z,"{""command"": ""acpi_thermal_pm"", ""command_line"": """", ""owner"": ""root"", ""pid"": ""54"", ""process"": ""all"", ""resource_instance_id"": ""1398563761166861218"", ""resource_project_id"": ""proyecto-2-cloud-509714"", ""resource_type"": ""gce_instance"", ""resource_zone"": ""us-central1-a"", ""vm"": ""mooc-web""}",0
2026-09-27T02:43:45.937751Z,"{""command"": ""acpi_thermal_pm"", ""command_line"": """", ""owner"": ""root"", ""pid"": ""54"", ""process"": ""all"", ""resource_instance_id"": ""1398563761166861218"", ""resource_project_id"": ""proyecto-2-cloud-509714"", ""resource_type"": ""gce_instance"", ""resource_zone"": ""us-central1-a"", ""vm"": ""mooc-web""}",0
2026-09-27T02:43:15.937977Z,"{""command"": ""acpi_thermal_pm"", ""command_line"": """", ""owner"": ""root"", ""pid"": ""54"", ""process"": ""all"", ""resource_instance_id"": ""1398563761166861218"", ""resource_project_id"": ""proyecto-2-cloud-509714"", ""resource_type"": ""gce_instance"", ""resource_zone"": ""us-central1-a"", ""vm"": ""mooc-web""}",0
2026-09-27T02:42:45.945584Z,"{""command"": ""acpi_thermal_pm"", ""command_line"": """", ""owner"": ""root"", ""pid"": ""54"", ""process"": ""all"", ""resource_instance_id"": ""1398563761166861218"", ""resource_project_id"": ""proyecto-2-cloud-509714"", ""resource_type"": ""gce_instance"", ""resource_zone"": ""us-central1-a"", ""vm"": ""mooc-web""}",0
2026-09-27T02:42:15.938293Z,"{""command"": ""acpi_thermal_pm"", ""command_line"": """", ""owner"": ""root"", ""pid"": ""54"", ""process"": ""all"", ""resource_instance_id"": ""1398563761166861218"", ""resource_project_id"": ""proyecto-2-cloud-509714"", ""resource_type"": ""gce_instance"", ""resource_zone"": ""us-central1-a"", ""vm"": ""mooc-web""}",0
2026-09-27T02:41:45.939912Z,"{""command"": ""acpi_thermal_pm"", ""command_line"": """", ""owner"": ""root"", ""pid"": ""54"", ""process"": ""all"", ""resource_instance_id"": ""1398563761166861218"", ""resource_project_id"": ""proyecto-2-cloud-509714"", ""resource_type"": ""gce_instance"", ""resource_zone"": ""us-central1-a"", ""vm"": ""mooc-web""}",0
2026-09-27T02:41:15.939759Z,"{""command"": ""acpi_thermal_pm"", ""command_line"": """", ""owner"": ""root"", ""pid"": ""54"", ""process"": ""all"", ""resource_instance_id"": ""1398563761166861218"", ""resource_project_id"": ""proyecto-2-cloud-509714"", ""resource_type"": ""gce_instance"", ""resource_zone"": ""us-central1-a"", ""vm"": ""mooc-web""}",0
2026-09-27T02:40:45.940478Z,"{""command"": ""acpi_thermal_pm"", ""command_line"": """", ""owner"": ""root"", ""pid"": ""54"", ""process"": ""all"", ""resource_instance_id"": ""1398563761166861218"", ""resource_project_id"": ""proyecto-2-cloud-509714"", ""resource_type"": ""gce_instance"", ""resource_zone"": ""us-central1-a"", ""vm"": ""mooc-web""}",0
2026-09-27T02:40:15.938265Z,"{""command"": ""acpi_thermal_pm"", ""command_line"": """", ""owner"": ""root"", ""pid"": ""54"", ""process"": ""all"", ""resource_instance_id"": ""1398563761166861218"", ""resource_project_id"": ""proyecto-2-cloud-509714"", ""resource_type"": ""gce_instance"", ""resource_zone"": ""us-central1-a"", ""vm"": ""mooc-web""}",0
2026-09-27T02:39:45.939532Z,"{""command"": ""acpi_thermal_pm"", ""command_line"": """", ""owner"": ""root"", ""pid"": ""54"", ""process"": ""all"", ""resource_instance_id"": ""1398563761166861218"", ""resource_project_id"": ""proyecto-2-cloud-509714"", ""resource_type"": ""gce_instance"", ""resource_zone"": ""us-central1-a"", ""vm"": ""mooc-web""}",0
2026-09-27T02:39:15.954792Z,"{""command"": ""acpi_thermal_pm"", ""command_line"": """", ""owner"": ""root"", ""pid"": ""54"", ""process"": ""all"", ""resource_instance_id"": ""1398563761166861218"", ""resource_project_id"": ""proyecto-2-cloud-509714"", ""resource_type"": ""gce_instance"", ""resource_zone"": ""us-central1-a"", ""vm"": ""mooc-web""}",0
2026-09-27T02:49:45.944474Z,"{""command"": ""agetty"", ""command_line"": ""/sbin/agetty -o -p -- \\u --keep-baud 115200,57600,38400,9600 - vt220"", ""owner"": ""root"", ""pid"": ""409"", ""process"": ""all"", ""resource_instance_id"": ""1398563761166861218"", ""resource_project_id"": ""proyecto-2-cloud-509714"", ""resource_type"": ""gce_instance"", ""resource_zone"": ""us-central1-a"", ""vm"": ""mooc-web""}",3014656
2026-09-27T02:49:15.938831Z,"{""command"": ""agetty"", ""command_line"": ""/sbin/agetty -o -p -- \\u --keep-baud 115200,57600,38400,9600 - vt220"", ""owner"": ""root"", ""pid"": ""409"", ""process"": ""all"", ""resource_instance_id"": ""1398563761166861218"", ""resource_project_id"": ""proyecto-2-cloud-509714"", ""resource_type"": ""gce_instance"", ""resource_zone"": ""us-central1-a"", ""vm"": ""mooc-web""}",3014656
2026-09-27T02:48:45.939594Z,"{""command"": ""agetty"", ""command_line"": ""/sbin/agetty -o -p -- \\u --keep-baud 115200,57600,38400,9600 - vt220"", ""owner"": ""root"", ""pid"": ""409"", ""process"": ""all"", ""resource_instance_id"": ""1398563761166861218"", ""resource_project_id"": ""proyecto-2-cloud-509714"", ""resource_type"": ""gce_instance"", ""resource_zone"": ""us-central1-a"", ""vm"": ""mooc-web""}",3014656
2026-09-27T02:48:15.951527Z,"{""command"": ""agetty"", ""command_line"": ""/sbin/agetty -o -p -- \\u --keep-baud 115200,57600,38400,9600 - vt220"", ""owner"": ""root"", ""pid"": ""409"", ""process"": ""all"", ""resource_instance_id"": ""1398563761166861218"", ""resource_project_id"": ""proyecto-2-cloud-509714"", ""resource_type"": ""gce_instance"", ""resource_zone"": ""us-central1-a"", ""vm"": ""mooc-web""}",3014656
2026-09-27T02:47:45.940449Z,"{""command"": ""agetty"", ""command_line"": ""/sbin/agetty -o -p -- \\u --keep-baud 115200,57600,38400,9600 - vt220"", ""owner"": ""root"", ""pid"": ""409"", ""process"": ""all"", ""resource_instance_id"": ""1398563761166861218"", ""resource_project_id"": ""proyecto-2-cloud-509714"", ""resource_type"": ""gce_instance"", ""resource_zone"": ""us-central1-a"", ""vm"": ""mooc-web""}",3014656
2026-09-27T02:47:15.938996Z,"{""command"": ""agetty"", ""command_line"": ""/sbin/agetty -o -p -- \\u --keep-baud 115200,57600,38400,9600 - vt220"", ""owner"": ""root"", ""pid"": ""409"", ""process"": ""all"", ""resource_instance_id"": ""1398563761166861218"", ""resource_project_id"": ""proyecto-2-cloud-509714"", ""resource_type"": ""gce_instance"", ""resource_zone"": ""us-central1-a"", ""vm"": ""mooc-web""}",3014656
2026-09-27T02:46:45.941788Z,"{""command"": ""agetty"", ""command_line"": ""/sbin/agetty -o -p -- \\u --keep-baud 115200,57600,38400,9600 - vt220"", ""owner"": ""root"", ""pid"": ""409"", ""process"": ""all"", ""resource_instance_id"": ""1398563761166861218"", ""resource_project_id"": ""proyecto-2-cloud-509714"", ""resource_type"": ""gce_instance"", ""resource_zone"": ""us-central1-a"", ""vm"": ""mooc-web""}",3014656
2026-09-27T02:46:15.939516Z,"{""command"": ""agetty"", ""command_line"": ""/sbin/agetty -o -p -- \\u --keep-baud 115200,57600,38400,9600 - vt220"", ""owner"": ""root"", ""pid"": ""409"", ""process"": ""all"", ""resource_instance_id"": ""1398563761166861218"", ""resource_project_id"": ""proyecto-2-cloud-509714"", ""resource_type"": ""gce_instance"", ""resource_zone"": ""us-central1-a"", ""vm"": ""mooc-web""}",3014656
2026-09-27T02:45:45.946245Z,"{""command"": ""agetty"", ""command_line"": ""/sbin/agetty -o -p -- \\u --keep-baud 115200,57600,38400,9600 - vt220"", ""owner"": ""root"", ""pid"": ""409"", ""process"": ""all"", ""resource_instance_id"": ""1398563761166861218"", ""resource_project_id"": ""proyecto-2-cloud-509714"", ""resource_type"": ""gce_instance"", ""resource_zone"": ""us-central1-a"", ""vm"": ""mooc-web""}",3014656
2026-09-27T02:45:15.944574Z,"{""command"": ""agetty"", ""command_line"": ""/sbin/agetty -o -p -- \\u --keep-baud 115200,57600,38400,9600 - vt220"", ""owner"": ""root"", ""pid"": ""409"", ""process"": ""all"", ""resource_instance_id"": ""1398563761166861218"", ""resource_project_id"": ""proyecto-2-cloud-509714"", ""resource_type"": ""gce_instance"", ""resource_zone"": ""us-central1-a"", ""vm"": ""mooc-web""}",3014656
2026-09-27T02:44:45.941483Z,"{""command"": ""agetty"", ""command_line"": ""/sbin/agetty -o -p -- \\u --keep-baud 115200,57600,38400,9600 - vt220"", ""owner"": ""root"", ""pid"": ""409"", ""process"": ""all"", ""resource_instance_id"": ""1398563761166861218"", ""resource_project_id"": ""proyecto-2-cloud-509714"", ""resource_type"": ""gce_instance"", ""resource_zone"": ""us-central1-a"", ""vm"": ""mooc-web""}",3014656
2026-09-27T02:44:15.940850Z,"{""command"": ""agetty"", ""command_line"": ""/sbin/agetty -o -p -- \\u --keep-baud 115200,57600,38400,9600 - vt220"", ""owner"": ""root"", ""pid"": ""409"", ""process"": ""all"", ""resource_instance_id"": ""1398563761166861218"", ""resource_project_id"": ""proyecto-2-cloud-509714"", ""resource_type"": ""gce_instance"", ""resource_zone"": ""us-central1-a"", ""vm"": ""mooc-web""}",3014656
2026-09-27T02:43:45.939413Z,"{""command"": ""agetty"", ""command_line"": ""/sbin/agetty -o -p -- \\u --keep-baud 115200,57600,38400,9600 - vt220"", ""owner"": ""root"", ""pid"": ""409"", ""process"": ""all"", ""resource_instance_id"": ""1398563761166861218"", ""resource_project_id"": ""proyecto-2-cloud-509714"", ""resource_type"": ""gce_instance"", ""resource_zone"": ""us-central1-a"", ""vm"": ""mooc-web""}",3014656
2026-09-27T02:43:15.939732Z,"{""command"": ""agetty"", ""command_line"": ""/sbin/agetty -o -p -- \\u --keep-baud 115200,57600,38400,9600 - vt220"", ""owner"": ""root"", ""pid"": ""409"", ""process"": ""all"", ""resource_instance_id"": ""1398563761166861218"", ""resource_project_id"": ""proyecto-2-cloud-509714"", ""resource_type"": ""gce_instance"", ""resource_zone"": ""us-central1-a"", ""vm"": ""mooc-web""}",3014656
2026-09-27T02:42:45.947278Z,"{""command"": ""agetty"", ""command_line"": ""/sbin/agetty -o -p -- \\u --keep-baud 115200,57600,38400,9600 - vt220"", ""owner"": ""root"", ""pid"": ""409"", ""process"": ""all"", ""resource_instance_id"": ""1398563761166861218"", ""resource_project_id"": ""proyecto-2-cloud-509714"", ""resource_type"": ""gce_instance"", ""resource_zone"": ""us-central1-a"", ""vm"": ""mooc-web""}",3014656
2026-09-27T02:42:15.940297Z,"{""command"": ""agetty"", ""command_line"": ""/sbin/agetty -o -p -- \\u --keep-baud 115200,57600,38400,9600 - vt220"", ""owner"": ""root"", ""pid"": ""409"", ""process"": ""all"", ""resource_instance_id"": ""1398563761166861218"", ""resource_project_id"": ""proyecto-2-cloud-509714"", ""resource_type"": ""gce_instance"", ""resource_zone"": ""us-central1-a"", ""vm"": ""mooc-web""}",3014656
2026-09-27T02:41:45.941334Z,"{""command"": ""agetty"", ""command_line"": ""/sbin/agetty -o -p -- \\u --keep-baud 115200,57600,38400,9600 - vt220"", ""owner"": ""root"", ""pid"": ""409"", ""process"": ""all"", ""resource_instance_id"": ""1398563761166861218"", ""resource_project_id"": ""proyecto-2-cloud-509714"", ""resource_type"": ""gce_instance"", ""resource_zone"": ""us-central1-a"", ""vm"": ""mooc-web""}",3014656
2026-09-27T02:41:15.941233Z,"{""command"": ""agetty"", ""command_line"": ""/sbin/agetty -o -p -- \\u --keep-baud 115200,57600,38400,9600 - vt220"", ""owner"": ""root"", ""pid"": ""409"", ""process"": ""all"", ""resource_instance_id"": ""1398563761166861218"", ""resource_project_id"": ""proyecto-2-cloud-509714"", ""resource_type"": ""gce_instance"", ""resource_zone"": ""us-central1-a"", ""vm"": ""mooc-web""}",3014656
2026-09-27T02:40:45.941822Z,"{""command"": ""agetty"", ""command_line"": ""/sbin/agetty -o -p -- \\u --keep-baud 115200,57600,38400,9600 - vt220"", ""owner"": ""root"", ""pid"": ""409"", ""process"": ""all"", ""resource_instance_id"": ""1398563761166861218"", ""resource_project_id"": ""proyecto-2-cloud-509714"", ""resource_type"": ""gce_instance"", ""resource_zone"": ""us-central1-a"", ""vm"": ""mooc-web""}",3014656
2026-09-27T02:40:15.940101Z,"{""command"": ""agetty"", ""command_line"": ""/sbin/agetty -o -p -- \\u --keep-baud 115200,57600,38400,9600 - vt220"", ""owner"": ""root"", ""pid"": ""409"", ""process"": ""all"", ""resource_instance_id"": ""1398563761166861218"", ""resource_project_id"": ""proyecto-2-cloud-509714"", ""resource_type"": ""gce_instance"", ""resource_zone"": ""us-central1-a"", ""vm"": ""mooc-web""}",3014656
2026-09-27T02:39:45.941625Z,"{""command"": ""agetty"", ""command_line"": ""/sbin/agetty -o -p -- \\u --keep-baud 115200,57600,38400,9600 - vt220"", ""owner"": ""root"", ""pid"": ""409"", ""process"": ""all"", ""resource_instance_id"": ""1398563761166861218"", ""resource_project_id"": ""proyecto-2-cloud-509714"", ""resource_type"": ""gce_instance"", ""resource_zone"": ""us-central1-a"", ""vm"": ""mooc-web""}",3014656
2026-09-27T02:39:15.956607Z,"{""command"": ""agetty"", ""command_line"": ""/sbin/agetty -o -p -- \\u --keep-baud 115200,57600,38400,9600 - vt220"", ""owner"": ""root"", ""pid"": ""409"", ""process"": ""all"", ""resource_instance_id"": ""1398563761166861218"", ""resource_project_id"": ""proyecto-2-cloud-509714"", ""resource_type"": ""gce_instance"", ""resource_zone"": ""us-central1-a"", ""vm"": ""mooc-web""}",3014656
2026-09-27T02:49:45.944397Z,"{""command"": ""agetty"", ""command_line"": ""/sbin/agetty -o -p -- \\u --noclear - linux"", ""owner"": ""root"", ""pid"": ""407"", ""process"": ""all"", ""resource_instance_id"": ""1398563761166861218"", ""resource_project_id"": ""proyecto-2-cloud-509714"", ""resource_type"": ""gce_instance"", ""resource_zone"": ""us-central1-a"", ""vm"": ""mooc-web""}",2969600
2026-09-27T02:49:15.938761Z,"{""command"": ""agetty"", ""command_line"": ""/sbin/agetty -o -p -- \\u --noclear - linux"", ""owner"": ""root"", ""pid"": ""407"", ""process"": ""all"", ""resource_instance_id"": ""1398563761166861218"", ""resource_project_id"": ""proyecto-2-cloud-509714"", ""resource_type"": ""gce_instance"", ""resource_zone"": ""us-central1-a"", ""vm"": ""mooc-web""}",2969600
2026-09-27T02:48:45.939538Z,"{""command"": ""agetty"", ""command_line"": ""/sbin/agetty -o -p -- \\u --noclear - linux"", ""owner"": ""root"", ""pid"": ""407"", ""process"": ""all"", ""resource_instance_id"": ""1398563761166861218"", ""resource_project_id"": ""proyecto-2-cloud-509714"", ""resource_type"": ""gce_instance"", ""resource_zone"": ""us-central1-a"", ""vm"": ""mooc-web""}",2969600
2026-09-27T02:48:15.951451Z,"{""command"": ""agetty"", ""command_line"": ""/sbin/agetty -o -p -- \\u --noclear - linux"", ""owner"": ""root"", ""pid"": ""407"", ""process"": ""all"", ""resource_instance_id"": ""1398563761166861218"", ""resource_project_id"": ""proyecto-2-cloud-509714"", ""resource_type"": ""gce_instance"", ""resource_zone"": ""us-central1-a"", ""vm"": ""mooc-web""}",2969600
2026-09-27T02:47:45.940370Z,"{""command"": ""agetty"", ""command_line"": ""/sbin/agetty -o -p -- \\u --noclear - linux"", ""owner"": ""root"", ""pid"": ""407"", ""process"": ""all"", ""resource_instance_id"": ""1398563761166861218"", ""resource_project_id"": ""proyecto-2-cloud-509714"", ""resource_type"": ""gce_instance"", ""resource_zone"": ""us-central1-a"", ""vm"": ""mooc-web""}",2969600
2026-09-27T02:47:15.938897Z,"{""command"": ""agetty"", ""command_line"": ""/sbin/agetty -o -p -- \\u --noclear - linux"", ""owner"": ""root"", ""pid"": ""407"", ""process"": ""all"", ""resource_instance_id"": ""1398563761166861218"", ""resource_project_id"": ""proyecto-2-cloud-509714"", ""resource_type"": ""gce_instance"", ""resource_zone"": ""us-central1-a"", ""vm"": ""mooc-web""}",2969600
2026-09-27T02:46:45.941737Z,"{""command"": ""agetty"", ""command_line"": ""/sbin/agetty -o -p -- \\u --noclear - linux"", ""owner"": ""root"", ""pid"": ""407"", ""process"": ""all"", ""resource_instance_id"": ""1398563761166861218"", ""resource_project_id"": ""proyecto-2-cloud-509714"", ""resource_type"": ""gce_instance"", ""resource_zone"": ""us-central1-a"", ""vm"": ""mooc-web""}",2969600
2026-09-27T02:46:15.939450Z,"{""command"": ""agetty"", ""command_line"": ""/sbin/agetty -o -p -- \\u --noclear - linux"", ""owner"": ""root"", ""pid"": ""407"", ""process"": ""all"", ""resource_instance_id"": ""1398563761166861218"", ""resource_project_id"": ""proyecto-2-cloud-509714"", ""resource_type"": ""gce_instance"", ""resource_zone"": ""us-central1-a"", ""vm"": ""mooc-web""}",2969600
2026-09-27T02:45:45.946164Z,"{""command"": ""agetty"", ""command_line"": ""/sbin/agetty -o -p -- \\u --noclear - linux"", ""owner"": ""root"", ""pid"": ""407"", ""process"": ""all"", ""resource_instance_id"": ""1398563761166861218"", ""resource_project_id"": ""proyecto-2-cloud-509714"", ""resource_type"": ""gce_instance"", ""resource_zone"": ""us-central1-a"", ""vm"": ""mooc-web""}",2969600
2026-09-27T02:45:15.944485Z,"{""command"": ""agetty"", ""command_line"": ""/sbin/agetty -o -p -- \\u --noclear - linux"", ""owner"": ""root"", ""pid"": ""407"", ""process"": ""all"", ""resource_instance_id"": ""1398563761166861218"", ""resource_project_id"": ""proyecto-2-cloud-509714"", ""resource_type"": ""gce_instance"", ""resource_zone"": ""us-central1-a"", ""vm"": ""mooc-web""}",2969600
2026-09-27T02:44:45.941392Z,"{""command"": ""agetty"", ""command_line"": ""/sbin/agetty -o -p -- \\u --noclear - linux"", ""owner"": ""root"", ""pid"": ""407"", ""process"": ""all"", ""resource_instance_id"": ""1398563761166861218"", ""resource_project_id"": ""proyecto-2-cloud-509714"", ""resource_type"": ""gce_instance"", ""resource_zone"": ""us-central1-a"", ""vm"": ""mooc-web""}",2969600
2026-09-27T02:44:15.940800Z,"{""command"": ""agetty"", ""command_line"": ""/sbin/agetty -o -p -- \\u --noclear - linux"", ""owner"": ""root"", ""pid"": ""407"", ""process"": ""all"", ""resource_instance_id"": ""1398563761166861218"", ""resource_project_id"": ""proyecto-2-cloud-509714"", ""resource_type"": ""gce_instance"", ""resource_zone"": ""us-central1-a"", ""vm"": ""mooc-web""}",2969600
2026-09-27T02:43:45.939360Z,"{""command"": ""agetty"", ""command_line"": ""/sbin/agetty -o -p -- \\u --noclear - linux"", ""owner"": ""root"", ""pid"": ""407"", ""process"": ""all"", ""resource_instance_id"": ""1398563761166861218"", ""resource_project_id"": ""proyecto-2-cloud-509714"", ""resource_type"": ""gce_instance"", ""resource_zone"": ""us-central1-a"", ""vm"": ""mooc-web""}",2969600
2026-09-27T02:43:15.939680Z,"{""command"": ""agetty"", ""command_line"": ""/sbin/agetty -o -p -- \\u --noclear - linux"", ""owner"": ""root"", ""pid"": ""407"", ""process"": ""all"", ""resource_instance_id"": ""1398563761166861218"", ""resource_project_id"": ""proyecto-2-cloud-509714"", ""resource_type"": ""gce_instance"", ""resource_zone"": ""us-central1-a"", ""vm"": ""mooc-web""}",2969600
2026-09-27T02:42:45.947223Z,"{""command"": ""agetty"", ""command_line"": ""/sbin/agetty -o -p -- \\u --noclear - linux"", ""owner"": ""root"", ""pid"": ""407"", ""process"": ""all"", ""resource_instance_id"": ""1398563761166861218"", ""resource_project_id"": ""proyecto-2-cloud-509714"", ""resource_type"": ""gce_instance"", ""resource_zone"": ""us-central1-a"", ""vm"": ""mooc-web""}",2969600
2026-09-27T02:42:15.940214Z,"{""command"": ""agetty"", ""command_line"": ""/sbin/agetty -o -p -- \\u --noclear - linux"", ""owner"": ""root"", ""pid"": ""407"", ""process"": ""all"", ""resource_instance_id"": ""1398563761166861218"", ""resource_project_id"": ""proyecto-2-cloud-509714"", ""resource_type"": ""gce_instance"", ""resource_zone"": ""us-central1-a"", ""vm"": ""mooc-web""}",2969600
2026-09-27T02:41:45.941282Z,"{""command"": ""agetty"", ""command_line"": ""/sbin/agetty -o -p -- \\u --noclear - linux"", ""owner"": ""root"", ""pid"": ""407"", ""process"": ""all"", ""resource_instance_id"": ""1398563761166861218"", ""resource_project_id"": ""proyecto-2-cloud-509714"", ""resource_type"": ""gce_instance"", ""resource_zone"": ""us-central1-a"", ""vm"": ""mooc-web""}",2969600
2026-09-27T02:41:15.941182Z,"{""command"": ""agetty"", ""command_line"": ""/sbin/agetty -o -p -- \\u --noclear - linux"", ""owner"": ""root"", ""pid"": ""407"", ""process"": ""all"", ""resource_instance_id"": ""1398563761166861218"", ""resource_project_id"": ""proyecto-2-cloud-509714"", ""resource_type"": ""gce_instance"", ""resource_zone"": ""us-central1-a"", ""vm"": ""mooc-web""}",2969600
2026-09-27T02:40:45.941770Z,"{""command"": ""agetty"", ""command_line"": ""/sbin/agetty -o -p -- \\u --noclear - linux"", ""owner"": ""root"", ""pid"": ""407"", ""process"": ""all"", ""resource_instance_id"": ""1398563761166861218"", ""resource_project_id"": ""proyecto-2-cloud-509714"", ""resource_type"": ""gce_instance"", ""resource_zone"": ""us-central1-a"", ""vm"": ""mooc-web""}",2969600
2026-09-27T02:40:15.940035Z,"{""command"": ""agetty"", ""command_line"": ""/sbin/agetty -o -p -- \\u --noclear - linux"", ""owner"": ""root"", ""pid"": ""407"", ""process"": ""all"", ""resource_instance_id"": ""1398563761166861218"", ""resource_project_id"": ""proyecto-2-cloud-509714"", ""resource_type"": ""gce_instance"", ""resource_zone"": ""us-central1-a"", ""vm"": ""mooc-web""}",2969600
2026-09-27T02:39:45.941541Z,"{""command"": ""agetty"", ""command_line"": ""/sbin/agetty -o -p -- \\u --noclear - linux"", ""owner"": ""root"", ""pid"": ""407"", ""process"": ""all"", ""resource_instance_id"": ""1398563761166861218"", ""resource_project_id"": ""proyecto-2-cloud-509714"", ""resource_type"": ""gce_instance"", ""resource_zone"": ""us-central1-a"", ""vm"": ""mooc-web""}",2969600
2026-09-27T02:39:15.956550Z,"{""command"": ""agetty"", ""command_line"": ""/sbin/agetty -o -p -- \\u --noclear - linux"", ""owner"": ""root"", ""pid"": ""407"", ""process"": ""all"", ""resource_instance_id"": ""1398563761166861218"", ""resource_project_id"": ""proyecto-2-cloud-509714"", ""resource_type"": ""gce_instance"", ""resource_zone"": ""us-central1-a"", ""vm"": ""mooc-web""}",2969600
2026-09-27T02:49:45.945536Z,"{""command"": ""bash"", ""command_line"": ""-bash"", ""owner"": ""dialmupe"", ""pid"": ""6579"", ""process"": ""all"", ""resource_instance_id"": ""1398563761166861218"", ""resource_project_id"": ""proyecto-2-cloud-509714"", ""resource_type"": ""gce_instance"", ""resource_zone"": ""us-central1-a"", ""vm"": ""mooc-web""}",5820416
2026-09-27T02:49:15.940272Z,"{""command"": ""bash"", ""command_line"": ""-bash"", ""owner"": ""dialmupe"", ""pid"": ""6579"", ""process"": ""all"", ""resource_instance_id"": ""1398563761166861218"", ""resource_project_id"": ""proyecto-2-cloud-509714"", ""resource_type"": ""gce_instance"", ""resource_zone"": ""us-central1-a"", ""vm"": ""mooc-web""}",5820416
2026-09-27T02:48:45.940856Z,"{""command"": ""bash"", ""command_line"": ""-bash"", ""owner"": ""dialmupe"", ""pid"": ""6579"", ""process"": ""all"", ""resource_instance_id"": ""1398563761166861218"", ""resource_project_id"": ""proyecto-2-cloud-509714"", ""resource_type"": ""gce_instance"", ""resource_zone"": ""us-central1-a"", ""vm"": ""mooc-web""}",5820416
2026-09-27T02:48:15.952798Z,"{""command"": ""bash"", ""command_line"": ""-bash"", ""owner"": ""dialmupe"", ""pid"": ""6579"", ""process"": ""all"", ""resource_instance_id"": ""1398563761166861218"", ""resource_project_id"": ""proyecto-2-cloud-509714"", ""resource_type"": ""gce_instance"", ""resource_zone"": ""us-central1-a"", ""vm"": ""mooc-web""}",5820416
2026-09-27T02:47:45.942236Z,"{""command"": ""bash"", ""command_line"": ""-bash"", ""owner"": ""dialmupe"", ""pid"": ""6579"", ""process"": ""all"", ""resource_instance_id"": ""1398563761166861218"", ""resource_project_id"": ""proyecto-2-cloud-509714"", ""resource_type"": ""gce_instance"", ""resource_zone"": ""us-central1-a"", ""vm"": ""mooc-web""}",5820416
2026-09-27T02:47:15.940337Z,"{""command"": ""bash"", ""command_line"": ""-bash"", ""owner"": ""dialmupe"", ""pid"": ""6579"", ""process"": ""all"", ""resource_instance_id"": ""1398563761166861218"", ""resource_project_id"": ""proyecto-2-cloud-509714"", ""resource_type"": ""gce_instance"", ""resource_zone"": ""us-central1-a"", ""vm"": ""mooc-web""}",5820416
2026-09-27T02:46:45.943661Z,"{""command"": ""bash"", ""command_line"": ""-bash"", ""owner"": ""dialmupe"", ""pid"": ""6579"", ""process"": ""all"", ""resource_instance_id"": ""1398563761166861218"", ""resource_project_id"": ""proyecto-2-cloud-509714"", ""resource_type"": ""gce_instance"", ""resource_zone"": ""us-central1-a"", ""vm"": ""mooc-web""}",5820416
2026-09-27T02:46:15.941117Z,"{""command"": ""bash"", ""command_line"": ""-bash"", ""owner"": ""dialmupe"", ""pid"": ""6579"", ""process"": ""all"", ""resource_instance_id"": ""1398563761166861218"", ""resource_project_id"": ""proyecto-2-cloud-509714"", ""resource_type"": ""gce_instance"", ""resource_zone"": ""us-central1-a"", ""vm"": ""mooc-web""}",5820416
2026-09-27T02:45:45.948114Z,"{""command"": ""bash"", ""command_line"": ""-bash"", ""owner"": ""dialmupe"", ""pid"": ""6579"", ""process"": ""all"", ""resource_instance_id"": ""1398563761166861218"", ""resource_project_id"": ""proyecto-2-cloud-509714"", ""resource_type"": ""gce_instance"", ""resource_zone"": ""us-central1-a"", ""vm"": ""mooc-web""}",5820416
2026-09-27T02:45:15.945705Z,"{""command"": ""bash"", ""command_line"": ""-bash"", ""owner"": ""dialmupe"", ""pid"": ""6579"", ""process"": ""all"", ""resource_instance_id"": ""1398563761166861218"", ""resource_project_id"": ""proyecto-2-cloud-509714"", ""resource_type"": ""gce_instance"", ""resource_zone"": ""us-central1-a"", ""vm"": ""mooc-web""}",5820416
2026-09-27T02:44:45.943463Z,"{""command"": ""bash"", ""command_line"": ""-bash"", ""owner"": ""dialmupe"", ""pid"": ""6579"", ""process"": ""all"", ""resource_instance_id"": ""1398563761166861218"", ""resource_project_id"": ""proyecto-2-cloud-509714"", ""resource_type"": ""gce_instance"", ""resource_zone"": ""us-central1-a"", ""vm"": ""mooc-web""}",5820416
2026-09-27T02:44:15.942043Z,"{""command"": ""bash"", ""command_line"": ""-bash"", ""owner"": ""dialmupe"", ""pid"": ""6579"", ""process"": ""all"", ""resource_instance_id"": ""1398563761166861218"", ""resource_project_id"": ""proyecto-2-cloud-509714"", ""resource_type"": ""gce_instance"", ""resource_zone"": ""us-central1-a"", ""vm"": ""mooc-web""}",5820416
2026-09-27T02:43:45.941202Z,"{""command"": ""bash"", ""command_line"": ""-bash"", ""owner"": ""dialmupe"", ""pid"": ""6579"", ""process"": ""all"", ""resource_instance_id"": ""1398563761166861218"", ""resource_project_id"": ""proyecto-2-cloud-509714"", ""resource_type"": ""gce_instance"", ""resource_zone"": ""us-central1-a"", ""vm"": ""mooc-web""}",5820416
2026-09-27T02:43:15.941117Z,"{""command"": ""bash"", ""command_line"": ""-bash"", ""owner"": ""dialmupe"", ""pid"": ""6579"", ""process"": ""all"", ""resource_instance_id"": ""1398563761166861218"", ""resource_project_id"": ""proyecto-2-cloud-509714"", ""resource_type"": ""gce_instance"", ""resource_zone"": ""us-central1-a"", ""vm"": ""mooc-web""}",5820416
2026-09-27T02:42:45.948709Z,"{""command"": ""bash"", ""command_line"": ""-bash"", ""owner"": ""dialmupe"", ""pid"": ""6579"", ""process"": ""all"", ""resource_instance_id"": ""1398563761166861218"", ""resource_project_id"": ""proyecto-2-cloud-509714"", ""resource_type"": ""gce_instance"", ""resource_zone"": ""us-central1-a"", ""vm"": ""mooc-web""}",5820416
2026-09-27T02:42:15.942333Z,"{""command"": ""bash"", ""command_line"": ""-bash"", ""owner"": ""dialmupe"", ""pid"": ""6579"", ""process"": ""all"", ""resource_instance_id"": ""1398563761166861218"", ""resource_project_id"": ""proyecto-2-cloud-509714"", ""resource_type"": ""gce_instance"", ""resource_zone"": ""us-central1-a"", ""vm"": ""mooc-web""}",5820416
2026-09-27T02:41:45.942696Z,"{""command"": ""bash"", ""command_line"": ""-bash"", ""owner"": ""dialmupe"", ""pid"": ""6579"", ""process"": ""all"", ""resource_instance_id"": ""1398563761166861218"", ""resource_project_id"": ""proyecto-2-cloud-509714"", ""resource_type"": ""gce_instance"", ""resource_zone"": ""us-central1-a"", ""vm"": ""mooc-web""}",5820416
2026-09-27T02:41:15.942630Z,"{""command"": ""bash"", ""command_line"": ""-bash"", ""owner"": ""dialmupe"", ""pid"": ""6579"", ""process"": ""all"", ""resource_instance_id"": ""1398563761166861218"", ""resource_project_id"": ""proyecto-2-cloud-509714"", ""resource_type"": ""gce_instance"", ""resource_zone"": ""us-central1-a"", ""vm"": ""mooc-web""}",5820416
2026-09-27T02:40:45.943317Z,"{""command"": ""bash"", ""command_line"": ""-bash"", ""owner"": ""dialmupe"", ""pid"": ""6579"", ""process"": ""all"", ""resource_instance_id"": ""1398563761166861218"", ""resource_project_id"": ""proyecto-2-cloud-509714"", ""resource_type"": ""gce_instance"", ""resource_zone"": ""us-central1-a"", ""vm"": ""mooc-web""}",5820416
2026-09-27T02:40:15.941440Z,"{""command"": ""bash"", ""command_line"": ""-bash"", ""owner"": ""dialmupe"", ""pid"": ""6579"", ""process"": ""all"", ""resource_instance_id"": ""1398563761166861218"", ""resource_project_id"": ""proyecto-2-cloud-509714"", ""resource_type"": ""gce_instance"", ""resource_zone"": ""us-central1-a"", ""vm"": ""mooc-web""}",5820416
2026-09-27T02:39:45.943690Z,"{""command"": ""bash"", ""command_line"": ""-bash"", ""owner"": ""dialmupe"", ""pid"": ""6579"", ""process"": ""all"", ""resource_instance_id"": ""1398563761166861218"", ""resource_project_id"": ""proyecto-2-cloud-509714"", ""resource_type"": ""gce_instance"", ""resource_zone"": ""us-central1-a"", ""vm"": ""mooc-web""}",5820416
2026-09-27T02:39:15.958792Z,"{""command"": ""bash"", ""command_line"": ""-bash"", ""owner"": ""dialmupe"", ""pid"": ""6579"", ""process"": ""all"", ""resource_instance_id"": ""1398563761166861218"", ""resource_project_id"": ""proyecto-2-cloud-509714"", ""resource_type"": ""gce_instance"", ""resource_zone"": ""us-central1-a"", ""vm"": ""mooc-web""}",5820416
2026-09-27T02:39:15.957213Z,"{""command"": ""bash"", ""command_line"": ""bash /usr/bin/google_metadata_script_runner_adapt startup"", ""owner"": ""root"", ""pid"": ""943"", ""process"": ""all"", ""resource_instance_id"": ""1398563761166861218"", ""resource_project_id"": ""proyecto-2-cloud-509714"", ""resource_type"": ""gce_instance"", ""resource_zone"": ""us-central1-a"", ""vm"": ""mooc-web""}",4456448
2026-09-27T02:49:45.941959Z,"{""command"": ""blkcg_punt_bio"", ""command_line"": """", ""owner"": ""root"", ""pid"": ""39"", ""process"": ""all"", ""resource_instance_id"": ""1398563761166861218"", ""resource_project_id"": ""proyecto-2-cloud-509714"", ""resource_type"": ""gce_instance"", ""resource_zone"": ""us-central1-a"", ""vm"": ""mooc-web""}",0
2026-09-27T02:49:15.937090Z,"{""command"": ""blkcg_punt_bio"", ""command_line"": """", ""owner"": ""root"", ""pid"": ""39"", ""process"": ""all"", ""resource_instance_id"": ""1398563761166861218"", ""resource_project_id"": ""proyecto-2-cloud-509714"", ""resource_type"": ""gce_instance"", ""resource_zone"": ""us-central1-a"", ""vm"": ""mooc-web""}",0
2026-09-27T02:48:45.937197Z,"{""command"": ""blkcg_punt_bio"", ""command_line"": """", ""owner"": ""root"", ""pid"": ""39"", ""process"": ""all"", ""resource_instance_id"": ""1398563761166861218"", ""resource_project_id"": ""proyecto-2-cloud-509714"", ""resource_type"": ""gce_instance"", ""resource_zone"": ""us-central1-a"", ""vm"": ""mooc-web""}",0
2026-09-27T02:48:15.947599Z,"{""command"": ""blkcg_punt_bio"", ""command_line"": """", ""owner"": ""root"", ""pid"": ""39"", ""process"": ""all"", ""resource_instance_id"": ""1398563761166861218"", ""resource_project_id"": ""proyecto-2-cloud-509714"", ""resource_type"": ""gce_instance"", ""resource_zone"": ""us-central1-a"", ""vm"": ""mooc-web""}",0
2026-09-27T02:47:45.937699Z,"{""command"": ""blkcg_punt_bio"", ""command_line"": """", ""owner"": ""root"", ""pid"": ""39"", ""process"": ""all"", ""resource_instance_id"": ""1398563761166861218"", ""resource_project_id"": ""proyecto-2-cloud-509714"", ""resource_type"": ""gce_instance"", ""resource_zone"": ""us-central1-a"", ""vm"": ""mooc-web""}",0
2026-09-27T02:47:15.937266Z,"{""command"": ""blkcg_punt_bio"", ""command_line"": """", ""owner"": ""root"", ""pid"": ""39"", ""process"": ""all"", ""resource_instance_id"": ""1398563761166861218"", ""resource_project_id"": ""proyecto-2-cloud-509714"", ""resource_type"": ""gce_instance"", ""resource_zone"": ""us-central1-a"", ""vm"": ""mooc-web""}",0
2026-09-27T02:46:45.939920Z,"{""command"": ""blkcg_punt_bio"", ""command_line"": """", ""owner"": ""root"", ""pid"": ""39"", ""process"": ""all"", ""resource_instance_id"": ""1398563761166861218"", ""resource_project_id"": ""proyecto-2-cloud-509714"", ""resource_type"": ""gce_instance"", ""resource_zone"": ""us-central1-a"", ""vm"": ""mooc-web""}",0
2026-09-27T02:46:15.936898Z,"{""command"": ""blkcg_punt_bio"", ""command_line"": """", ""owner"": ""root"", ""pid"": ""39"", ""process"": ""all"", ""resource_instance_id"": ""1398563761166861218"", ""resource_project_id"": ""proyecto-2-cloud-509714"", ""resource_type"": ""gce_instance"", ""resource_zone"": ""us-central1-a"", ""vm"": ""mooc-web""}",0
2026-09-27T02:45:45.943577Z,"{""command"": ""blkcg_punt_bio"", ""command_line"": """", ""owner"": ""root"", ""pid"": ""39"", ""process"": ""all"", ""resource_instance_id"": ""1398563761166861218"", ""resource_project_id"": ""proyecto-2-cloud-509714"", ""resource_type"": ""gce_instance"", ""resource_zone"": ""us-central1-a"", ""vm"": ""mooc-web""}",0
2026-09-27T02:45:15.942476Z,"{""command"": ""blkcg_punt_bio"", ""command_line"": """", ""owner"": ""root"", ""pid"": ""39"", ""process"": ""all"", ""resource_instance_id"": ""1398563761166861218"", ""resource_project_id"": ""proyecto-2-cloud-509714"", ""resource_type"": ""gce_instance"", ""resource_zone"": ""us-central1-a"", ""vm"": ""mooc-web""}",0
2026-09-27T02:44:45.938598Z,"{""command"": ""blkcg_punt_bio"", ""command_line"": """", ""owner"": ""root"", ""pid"": ""39"", ""process"": ""all"", ""resource_instance_id"": ""1398563761166861218"", ""resource_project_id"": ""proyecto-2-cloud-509714"", ""resource_type"": ""gce_instance"", ""resource_zone"": ""us-central1-a"", ""vm"": ""mooc-web""}",0
2026-09-27T02:44:15.939161Z,"{""command"": ""blkcg_punt_bio"", ""command_line"": """", ""owner"": ""root"", ""pid"": ""39"", ""process"": ""all"", ""resource_instance_id"": ""1398563761166861218"", ""resource_project_id"": ""proyecto-2-cloud-509714"", ""resource_type"": ""gce_instance"", ""resource_zone"": ""us-central1-a"", ""vm"": ""mooc-web""}",0
2026-09-27T02:43:45.937413Z,"{""command"": ""blkcg_punt_bio"", ""command_line"": """", ""owner"": ""root"", ""pid"": ""39"", ""process"": ""all"", ""resource_instance_id"": ""1398563761166861218"", ""resource_project_id"": ""proyecto-2-cloud-509714"", ""resource_type"": ""gce_instance"", ""resource_zone"": ""us-central1-a"", ""vm"": ""mooc-web""}",0
2026-09-27T02:43:15.937680Z,"{""command"": ""blkcg_punt_bio"", ""command_line"": """", ""owner"": ""root"", ""pid"": ""39"", ""process"": ""all"", ""resource_instance_id"": ""1398563761166861218"", ""resource_project_id"": ""proyecto-2-cloud-509714"", ""resource_type"": ""gce_instance"", ""resource_zone"": ""us-central1-a"", ""vm"": ""mooc-web""}",0
2026-09-27T02:42:45.945261Z,"{""command"": ""blkcg_punt_bio"", ""command_line"": """", ""owner"": ""root"", ""pid"": ""39"", ""process"": ""all"", ""resource_instance_id"": ""1398563761166861218"", ""resource_project_id"": ""proyecto-2-cloud-509714"", ""resource_type"": ""gce_instance"", ""resource_zone"": ""us-central1-a"", ""vm"": ""mooc-web""}",0
2026-09-27T02:42:15.937818Z,"{""command"": ""blkcg_punt_bio"", ""command_line"": """", ""owner"": ""root"", ""pid"": ""39"", ""process"": ""all"", ""resource_instance_id"": ""1398563761166861218"", ""resource_project_id"": ""proyecto-2-cloud-509714"", ""resource_type"": ""gce_instance"", ""resource_zone"": ""us-central1-a"", ""vm"": ""mooc-web""}",0
2026-09-27T02:41:45.939617Z,"{""command"": ""blkcg_punt_bio"", ""command_line"": """", ""owner"": ""root"", ""pid"": ""39"", ""process"": ""all"", ""resource_instance_id"": ""1398563761166861218"", ""resource_project_id"": ""proyecto-2-cloud-509714"", ""resource_type"": ""gce_instance"", ""resource_zone"": ""us-central1-a"", ""vm"": ""mooc-web""}",0
2026-09-27T02:41:15.939441Z,"{""command"": ""blkcg_punt_bio"", ""command_line"": """", ""owner"": ""root"", ""pid"": ""39"", ""process"": ""all"", ""resource_instance_id"": ""1398563761166861218"", ""resource_project_id"": ""proyecto-2-cloud-509714"", ""resource_type"": ""gce_instance"", ""resource_zone"": ""us-central1-a"", ""vm"": ""mooc-web""}",0
2026-09-27T02:40:45.940170Z,"{""command"": ""blkcg_punt_bio"", ""command_line"": """", ""owner"": ""root"", ""pid"": ""39"", ""process"": ""all"", ""resource_instance_id"": ""1398563761166861218"", ""resource_project_id"": ""proyecto-2-cloud-509714"", ""resource_type"": ""gce_instance"", ""resource_zone"": ""us-central1-a"", ""vm"": ""mooc-web""}",0
2026-09-27T02:40:15.937772Z,"{""command"": ""blkcg_punt_bio"", ""command_line"": """", ""owner"": ""root"", ""pid"": ""39"", ""process"": ""all"", ""resource_instance_id"": ""1398563761166861218"", ""resource_project_id"": ""proyecto-2-cloud-509714"", ""resource_type"": ""gce_instance"", ""resource_zone"": ""us-central1-a"", ""vm"": ""mooc-web""}",0
2026-09-27T02:39:45.939074Z,"{""command"": ""blkcg_punt_bio"", ""command_line"": """", ""owner"": ""root"", ""pid"": ""39"", ""process"": ""all"", ""resource_instance_id"": ""1398563761166861218"", ""resource_project_id"": ""proyecto-2-cloud-509714"", ""resource_type"": ""gce_instance"", ""resource_zone"": ""us-central1-a"", ""vm"": ""mooc-web""}",0
2026-09-27T02:39:15.954458Z,"{""command"": ""blkcg_punt_bio"", ""command_line"": """", ""owner"": ""root"", ""pid"": ""39"", ""process"": ""all"", ""resource_instance_id"": ""1398563761166861218"", ""resource_project_id"": ""proyecto-2-cloud-509714"", ""resource_type"": ""gce_instance"", ""resource_zone"": ""us-central1-a"", ""vm"": ""mooc-web""}",0
2026-09-27T02:49:45.946016Z,"{""command"": ""caddy"", ""command_line"": ""caddy run --config /etc/caddy/Caddyfile --adapter caddyfile"", ""owner"": ""root"", ""pid"": ""7244"", ""process"": ""all"", ""resource_instance_id"": ""1398563761166861218"", ""resource_project_id"": ""proyecto-2-cloud-509714"", ""resource_type"": ""gce_instance"", ""resource_zone"": ""us-central1-a"", ""vm"": ""mooc-web""}",1339678720
2026-09-27T02:49:15.940752Z,"{""command"": ""caddy"", ""command_line"": ""caddy run --config /etc/caddy/Caddyfile --adapter caddyfile"", ""owner"": ""root"", ""pid"": ""7244"", ""process"": ""all"", ""resource_instance_id"": ""1398563761166861218"", ""resource_project_id"": ""proyecto-2-cloud-509714"", ""resource_type"": ""gce_instance"", ""resource_zone"": ""us-central1-a"", ""vm"": ""mooc-web""}",1339678720
2026-09-27T02:48:45.941360Z,"{""command"": ""caddy"", ""command_line"": ""caddy run --config /etc/caddy/Caddyfile --adapter caddyfile"", ""owner"": ""root"", ""pid"": ""7244"", ""process"": ""all"", ""resource_instance_id"": ""1398563761166861218"", ""resource_project_id"": ""proyecto-2-cloud-509714"", ""resource_type"": ""gce_instance"", ""resource_zone"": ""us-central1-a"", ""vm"": ""mooc-web""}",1339678720
2026-09-27T02:48:15.953319Z,"{""command"": ""caddy"", ""command_line"": ""caddy run --config /etc/caddy/Caddyfile --adapter caddyfile"", ""owner"": ""root"", ""pid"": ""7244"", ""process"": ""all"", ""resource_instance_id"": ""1398563761166861218"", ""resource_project_id"": ""proyecto-2-cloud-509714"", ""resource_type"": ""gce_instance"", ""resource_zone"": ""us-central1-a"", ""vm"": ""mooc-web""}",1339678720
2026-09-27T02:47:45.942983Z,"{""command"": ""caddy"", ""command_line"": ""caddy run --config /etc/caddy/Caddyfile --adapter caddyfile"", ""owner"": ""root"", ""pid"": ""7244"", ""process"": ""all"", ""resource_instance_id"": ""1398563761166861218"", ""resource_project_id"": ""proyecto-2-cloud-509714"", ""resource_type"": ""gce_instance"", ""resource_zone"": ""us-central1-a"", ""vm"": ""mooc-web""}",1339678720
2026-09-27T02:47:15.941084Z,"{""command"": ""caddy"", ""command_line"": ""caddy run --config /etc/caddy/Caddyfile --adapter caddyfile"", ""owner"": ""root"", ""pid"": ""7244"", ""process"": ""all"", ""resource_instance_id"": ""1398563761166861218"", ""resource_project_id"": ""proyecto-2-cloud-509714"", ""resource_type"": ""gce_instance"", ""resource_zone"": ""us-central1-a"", ""vm"": ""mooc-web""}",1339678720
2026-09-27T02:46:45.944532Z,"{""command"": ""caddy"", ""command_line"": ""caddy run --config /etc/caddy/Caddyfile --adapter caddyfile"", ""owner"": ""root"", ""pid"": ""7244"", ""process"": ""all"", ""resource_instance_id"": ""1398563761166861218"", ""resource_project_id"": ""proyecto-2-cloud-509714"", ""resource_type"": ""gce_instance"", ""resource_zone"": ""us-central1-a"", ""vm"": ""mooc-web""}",1339678720
2026-09-27T02:46:15.941823Z,"{""command"": ""caddy"", ""command_line"": ""caddy run --config /etc/caddy/Caddyfile --adapter caddyfile"", ""owner"": ""root"", ""pid"": ""7244"", ""process"": ""all"", ""resource_instance_id"": ""1398563761166861218"", ""resource_project_id"": ""proyecto-2-cloud-509714"", ""resource_type"": ""gce_instance"", ""resource_zone"": ""us-central1-a"", ""vm"": ""mooc-web""}",1339678720
2026-09-27T02:45:45.948906Z,"{""command"": ""caddy"", ""command_line"": ""caddy run --config /etc/caddy/Caddyfile --adapter caddyfile"", ""owner"": ""root"", ""pid"": ""7244"", ""process"": ""all"", ""resource_instance_id"": ""1398563761166861218"", ""resource_project_id"": ""proyecto-2-cloud-509714"", ""resource_type"": ""gce_instance"", ""resource_zone"": ""us-central1-a"", ""vm"": ""mooc-web""}",1339678720
2026-09-27T02:45:15.946209Z,"{""command"": ""caddy"", ""command_line"": ""caddy run --config /etc/caddy/Caddyfile --adapter caddyfile"", ""owner"": ""root"", ""pid"": ""7244"", ""process"": ""all"", ""resource_instance_id"": ""1398563761166861218"", ""resource_project_id"": ""proyecto-2-cloud-509714"", ""resource_type"": ""gce_instance"", ""resource_zone"": ""us-central1-a"", ""vm"": ""mooc-web""}",1339678720
2026-09-27T02:44:45.944024Z,"{""command"": ""caddy"", ""command_line"": ""caddy run --config /etc/caddy/Caddyfile --adapter caddyfile"", ""owner"": ""root"", ""pid"": ""7244"", ""process"": ""all"", ""resource_instance_id"": ""1398563761166861218"", ""resource_project_id"": ""proyecto-2-cloud-509714"", ""resource_type"": ""gce_instance"", ""resource_zone"": ""us-central1-a"", ""vm"": ""mooc-web""}",1339678720
2026-09-27T02:44:15.942514Z,"{""command"": ""caddy"", ""command_line"": ""caddy run --config /etc/caddy/Caddyfile --adapter caddyfile"", ""owner"": ""root"", ""pid"": ""7244"", ""process"": ""all"", ""resource_instance_id"": ""1398563761166861218"", ""resource_project_id"": ""proyecto-2-cloud-509714"", ""resource_type"": ""gce_instance"", ""resource_zone"": ""us-central1-a"", ""vm"": ""mooc-web""}",1339678720
2026-09-27T02:43:45.942020Z,"{""command"": ""caddy"", ""command_line"": ""caddy run --config /etc/caddy/Caddyfile --adapter caddyfile"", ""owner"": ""root"", ""pid"": ""7244"", ""process"": ""all"", ""resource_instance_id"": ""1398563761166861218"", ""resource_project_id"": ""proyecto-2-cloud-509714"", ""resource_type"": ""gce_instance"", ""resource_zone"": ""us-central1-a"", ""vm"": ""mooc-web""}",1339678720
2026-09-27T02:43:15.941597Z,"{""command"": ""caddy"", ""command_line"": ""caddy run --config /etc/caddy/Caddyfile --adapter caddyfile"", ""owner"": ""root"", ""pid"": ""7244"", ""process"": ""all"", ""resource_instance_id"": ""1398563761166861218"", ""resource_project_id"": ""proyecto-2-cloud-509714"", ""resource_type"": ""gce_instance"", ""resource_zone"": ""us-central1-a"", ""vm"": ""mooc-web""}",1339678720
2026-09-27T02:42:45.949240Z,"{""command"": ""caddy"", ""command_line"": ""caddy run --config /etc/caddy/Caddyfile --adapter caddyfile"", ""owner"": ""root"", ""pid"": ""7244"", ""process"": ""all"", ""resource_instance_id"": ""1398563761166861218"", ""resource_project_id"": ""proyecto-2-cloud-509714"", ""resource_type"": ""gce_instance"", ""resource_zone"": ""us-central1-a"", ""vm"": ""mooc-web""}",1339678720
2026-09-27T02:42:15.943102Z,"{""command"": ""caddy"", ""command_line"": ""caddy run --config /etc/caddy/Caddyfile --adapter caddyfile"", ""owner"": ""root"", ""pid"": ""7244"", ""process"": ""all"", ""resource_instance_id"": ""1398563761166861218"", ""resource_project_id"": ""proyecto-2-cloud-509714"", ""resource_type"": ""gce_instance"", ""resource_zone"": ""us-central1-a"", ""vm"": ""mooc-web""}",1339416576
2026-09-27T02:41:45.943236Z,"{""command"": ""caddy"", ""command_line"": ""caddy run --config /etc/caddy/Caddyfile --adapter caddyfile"", ""owner"": ""root"", ""pid"": ""7244"", ""process"": ""all"", ""resource_instance_id"": ""1398563761166861218"", ""resource_project_id"": ""proyecto-2-cloud-509714"", ""resource_type"": ""gce_instance"", ""resource_zone"": ""us-central1-a"", ""vm"": ""mooc-web""}",1339416576
2026-09-27T02:41:15.943159Z,"{""command"": ""caddy"", ""command_line"": ""caddy run --config /etc/caddy/Caddyfile --adapter caddyfile"", ""owner"": ""root"", ""pid"": ""7244"", ""process"": ""all"", ""resource_instance_id"": ""1398563761166861218"", ""resource_project_id"": ""proyecto-2-cloud-509714"", ""resource_type"": ""gce_instance"", ""resource_zone"": ""us-central1-a"", ""vm"": ""mooc-web""}",1339416576
2026-09-27T02:40:45.943811Z,"{""command"": ""caddy"", ""command_line"": ""caddy run --config /etc/caddy/Caddyfile --adapter caddyfile"", ""owner"": ""root"", ""pid"": ""7244"", ""process"": ""all"", ""resource_instance_id"": ""1398563761166861218"", ""resource_project_id"": ""proyecto-2-cloud-509714"", ""resource_type"": ""gce_instance"", ""resource_zone"": ""us-central1-a"", ""vm"": ""mooc-web""}",1339416576
2026-09-27T02:40:15.941910Z,"{""command"": ""caddy"", ""command_line"": ""caddy run --config /etc/caddy/Caddyfile --adapter caddyfile"", ""owner"": ""root"", ""pid"": ""7244"", ""process"": ""all"", ""resource_instance_id"": ""1398563761166861218"", ""resource_project_id"": ""proyecto-2-cloud-509714"", ""resource_type"": ""gce_instance"", ""resource_zone"": ""us-central1-a"", ""vm"": ""mooc-web""}",1339416576
2026-09-27T02:39:45.944405Z,"{""command"": ""caddy"", ""command_line"": ""caddy run --config /etc/caddy/Caddyfile --adapter caddyfile"", ""owner"": ""root"", ""pid"": ""7244"", ""process"": ""all"", ""resource_instance_id"": ""1398563761166861218"", ""resource_project_id"": ""proyecto-2-cloud-509714"", ""resource_type"": ""gce_instance"", ""resource_zone"": ""us-central1-a"", ""vm"": ""mooc-web""}",1339416576
2026-09-27T02:39:15.959657Z,"{""command"": ""caddy"", ""command_line"": ""caddy run --config /etc/caddy/Caddyfile --adapter caddyfile"", ""owner"": ""root"", ""pid"": ""7244"", ""process"": ""all"", ""resource_instance_id"": ""1398563761166861218"", ""resource_project_id"": ""proyecto-2-cloud-509714"", ""resource_type"": ""gce_instance"", ""resource_zone"": ""us-central1-a"", ""vm"": ""mooc-web""}",1339416576
2026-09-27T02:49:45.944962Z,"{""command"": ""containerd"", ""command_line"": ""/usr/bin/containerd"", ""owner"": ""root"", ""pid"": ""2286"", ""process"": ""all"", ""resource_instance_id"": ""1398563761166861218"", ""resource_project_id"": ""proyecto-2-cloud-509714"", ""resource_type"": ""gce_instance"", ""resource_zone"": ""us-central1-a"", ""vm"": ""mooc-web""}",2470711296
2026-09-27T02:49:15.939619Z,"{""command"": ""containerd"", ""command_line"": ""/usr/bin/containerd"", ""owner"": ""root"", ""pid"": ""2286"", ""process"": ""all"", ""resource_instance_id"": ""1398563761166861218"", ""resource_project_id"": ""proyecto-2-cloud-509714"", ""resource_type"": ""gce_instance"", ""resource_zone"": ""us-central1-a"", ""vm"": ""mooc-web""}",2470711296
2026-09-27T02:48:45.940163Z,"{""command"": ""containerd"", ""command_line"": ""/usr/bin/containerd"", ""owner"": ""root"", ""pid"": ""2286"", ""process"": ""all"", ""resource_instance_id"": ""1398563761166861218"", ""resource_project_id"": ""proyecto-2-cloud-509714"", ""resource_type"": ""gce_instance"", ""resource_zone"": ""us-central1-a"", ""vm"": ""mooc-web""}",2470711296
2026-09-27T02:48:15.952060Z,"{""command"": ""containerd"", ""command_line"": ""/usr/bin/containerd"", ""owner"": ""root"", ""pid"": ""2286"", ""process"": ""all"", ""resource_instance_id"": ""1398563761166861218"", ""resource_project_id"": ""proyecto-2-cloud-509714"", ""resource_type"": ""gce_instance"", ""resource_zone"": ""us-central1-a"", ""vm"": ""mooc-web""}",2470711296
2026-09-27T02:47:45.941188Z,"{""command"": ""containerd"", ""command_line"": ""/usr/bin/containerd"", ""owner"": ""root"", ""pid"": ""2286"", ""process"": ""all"", ""resource_instance_id"": ""1398563761166861218"", ""resource_project_id"": ""proyecto-2-cloud-509714"", ""resource_type"": ""gce_instance"", ""resource_zone"": ""us-central1-a"", ""vm"": ""mooc-web""}",2470711296
2026-09-27T02:47:15.939480Z,"{""command"": ""containerd"", ""command_line"": ""/usr/bin/containerd"", ""owner"": ""root"", ""pid"": ""2286"", ""process"": ""all"", ""resource_instance_id"": ""1398563761166861218"", ""resource_project_id"": ""proyecto-2-cloud-509714"", ""resource_type"": ""gce_instance"", ""resource_zone"": ""us-central1-a"", ""vm"": ""mooc-web""}",2470711296
2026-09-27T02:46:45.942382Z,"{""command"": ""containerd"", ""command_line"": ""/usr/bin/containerd"", ""owner"": ""root"", ""pid"": ""2286"", ""process"": ""all"", ""resource_instance_id"": ""1398563761166861218"", ""resource_project_id"": ""proyecto-2-cloud-509714"", ""resource_type"": ""gce_instance"", ""resource_zone"": ""us-central1-a"", ""vm"": ""mooc-web""}",2470711296
2026-09-27T02:46:15.940238Z,"{""command"": ""containerd"", ""command_line"": ""/usr/bin/containerd"", ""owner"": ""root"", ""pid"": ""2286"", ""process"": ""all"", ""resource_instance_id"": ""1398563761166861218"", ""resource_project_id"": ""proyecto-2-cloud-509714"", ""resource_type"": ""gce_instance"", ""resource_zone"": ""us-central1-a"", ""vm"": ""mooc-web""}",2470711296
2026-09-27T02:45:45.947044Z,"{""command"": ""containerd"", ""command_line"": ""/usr/bin/containerd"", ""owner"": ""root"", ""pid"": ""2286"", ""process"": ""all"", ""resource_instance_id"": ""1398563761166861218"", ""resource_project_id"": ""proyecto-2-cloud-509714"", ""resource_type"": ""gce_instance"", ""resource_zone"": ""us-central1-a"", ""vm"": ""mooc-web""}",2470711296
2026-09-27T02:45:15.945098Z,"{""command"": ""containerd"", ""command_line"": ""/usr/bin/containerd"", ""owner"": ""root"", ""pid"": ""2286"", ""process"": ""all"", ""resource_instance_id"": ""1398563761166861218"", ""resource_project_id"": ""proyecto-2-cloud-509714"", ""resource_type"": ""gce_instance"", ""resource_zone"": ""us-central1-a"", ""vm"": ""mooc-web""}",2470711296
2026-09-27T02:44:45.942302Z,"{""command"": ""containerd"", ""command_line"": ""/usr/bin/containerd"", ""owner"": ""root"", ""pid"": ""2286"", ""process"": ""all"", ""resource_instance_id"": ""1398563761166861218"", ""resource_project_id"": ""proyecto-2-cloud-509714"", ""resource_type"": ""gce_instance"", ""resource_zone"": ""us-central1-a"", ""vm"": ""mooc-web""}",2470711296
2026-09-27T02:44:15.941400Z,"{""command"": ""containerd"", ""command_line"": ""/usr/bin/containerd"", ""owner"": ""root"", ""pid"": ""2286"", ""process"": ""all"", ""resource_instance_id"": ""1398563761166861218"", ""resource_project_id"": ""proyecto-2-cloud-509714"", ""resource_type"": ""gce_instance"", ""resource_zone"": ""us-central1-a"", ""vm"": ""mooc-web""}",2470711296
2026-09-27T02:43:45.940010Z,"{""command"": ""containerd"", ""command_line"": ""/usr/bin/containerd"", ""owner"": ""root"", ""pid"": ""2286"", ""process"": ""all"", ""resource_instance_id"": ""1398563761166861218"", ""resource_project_id"": ""proyecto-2-cloud-509714"", ""resource_type"": ""gce_instance"", ""resource_zone"": ""us-central1-a"", ""vm"": ""mooc-web""}",2470711296
2026-09-27T02:43:15.940329Z,"{""command"": ""containerd"", ""command_line"": ""/usr/bin/containerd"", ""owner"": ""root"", ""pid"": ""2286"", ""process"": ""all"", ""resource_instance_id"": ""1398563761166861218"", ""resource_project_id"": ""proyecto-2-cloud-509714"", ""resource_type"": ""gce_instance"", ""resource_zone"": ""us-central1-a"", ""vm"": ""mooc-web""}",2470711296
2026-09-27T02:42:45.947886Z,"{""command"": ""containerd"", ""command_line"": ""/usr/bin/containerd"", ""owner"": ""root"", ""pid"": ""2286"", ""process"": ""all"", ""resource_instance_id"": ""1398563761166861218"", ""resource_project_id"": ""proyecto-2-cloud-509714"", ""resource_type"": ""gce_instance"", ""resource_zone"": ""us-central1-a"", ""vm"": ""mooc-web""}",2470711296
2026-09-27T02:42:15.941111Z,"{""command"": ""containerd"", ""command_line"": ""/usr/bin/containerd"", ""owner"": ""root"", ""pid"": ""2286"", ""process"": ""all"", ""resource_instance_id"": ""1398563761166861218"", ""resource_project_id"": ""proyecto-2-cloud-509714"", ""resource_type"": ""gce_instance"", ""resource_zone"": ""us-central1-a"", ""vm"": ""mooc-web""}",2470711296
2026-09-27T02:41:45.941888Z,"{""command"": ""containerd"", ""command_line"": ""/usr/bin/containerd"", ""owner"": ""root"", ""pid"": ""2286"", ""process"": ""all"", ""resource_instance_id"": ""1398563761166861218"", ""resource_project_id"": ""proyecto-2-cloud-509714"", ""resource_type"": ""gce_instance"", ""resource_zone"": ""us-central1-a"", ""vm"": ""mooc-web""}",2470711296
2026-09-27T02:41:15.941790Z,"{""command"": ""containerd"", ""command_line"": ""/usr/bin/containerd"", ""owner"": ""root"", ""pid"": ""2286"", ""process"": ""all"", ""resource_instance_id"": ""1398563761166861218"", ""resource_project_id"": ""proyecto-2-cloud-509714"", ""resource_type"": ""gce_instance"", ""resource_zone"": ""us-central1-a"", ""vm"": ""mooc-web""}",2470711296
2026-09-27T02:40:45.942397Z,"{""command"": ""containerd"", ""command_line"": ""/usr/bin/containerd"", ""owner"": ""root"", ""pid"": ""2286"", ""process"": ""all"", ""resource_instance_id"": ""1398563761166861218"", ""resource_project_id"": ""proyecto-2-cloud-509714"", ""resource_type"": ""gce_instance"", ""resource_zone"": ""us-central1-a"", ""vm"": ""mooc-web""}",2470711296
2026-09-27T02:40:15.940627Z,"{""command"": ""containerd"", ""command_line"": ""/usr/bin/containerd"", ""owner"": ""root"", ""pid"": ""2286"", ""process"": ""all"", ""resource_instance_id"": ""1398563761166861218"", ""resource_project_id"": ""proyecto-2-cloud-509714"", ""resource_type"": ""gce_instance"", ""resource_zone"": ""us-central1-a"", ""vm"": ""mooc-web""}",2470711296
2026-09-27T02:39:45.942430Z,"{""command"": ""containerd"", ""command_line"": ""/usr/bin/containerd"", ""owner"": ""root"", ""pid"": ""2286"", ""process"": ""all"", ""resource_instance_id"": ""1398563761166861218"", ""resource_project_id"": ""proyecto-2-cloud-509714"", ""resource_type"": ""gce_instance"", ""resource_zone"": ""us-central1-a"", ""vm"": ""mooc-web""}",2470711296
2026-09-27T02:39:15.957544Z,"{""command"": ""containerd"", ""command_line"": ""/usr/bin/containerd"", ""owner"": ""root"", ""pid"": ""2286"", ""process"": ""all"", ""resource_instance_id"": ""1398563761166861218"", ""resource_project_id"": ""proyecto-2-cloud-509714"", ""resource_type"": ""gce_instance"", ""resource_zone"": ""us-central1-a"", ""vm"": ""mooc-web""}",2470711296
2026-09-27T02:49:45.945962Z,"{""command"": ""containerd-shim-runc-v2"", ""command_line"": ""/usr/bin/containerd-shim-runc-v2 -namespace moby -id 860170ab748e990b522e83bd7568d3fe293333ee79b63b244ff7d1bee087c581 -address /run/containerd/containerd.sock"", ""owner"": ""root"", ""pid"": ""7218"", ""process"": ""all"", ""resource_instance_id"": ""1398563761166861218"", ""resource_project_id"": ""proyecto-2-cloud-509714"", ""resource_type"": ""gce_instance"", ""resource_zone"": ""us-central1-a"", ""vm"": ""mooc-web""}",1298788352
2026-09-27T02:49:15.940700Z,"{""command"": ""containerd-shim-runc-v2"", ""command_line"": ""/usr/bin/containerd-shim-runc-v2 -namespace moby -id 860170ab748e990b522e83bd7568d3fe293333ee79b63b244ff7d1bee087c581 -address /run/containerd/containerd.sock"", ""owner"": ""root"", ""pid"": ""7218"", ""process"": ""all"", ""resource_instance_id"": ""1398563761166861218"", ""resource_project_id"": ""proyecto-2-cloud-509714"", ""resource_type"": ""gce_instance"", ""resource_zone"": ""us-central1-a"", ""vm"": ""mooc-web""}",1298788352
2026-09-27T02:48:45.941307Z,"{""command"": ""containerd-shim-runc-v2"", ""command_line"": ""/usr/bin/containerd-shim-runc-v2 -namespace moby -id 860170ab748e990b522e83bd7568d3fe293333ee79b63b244ff7d1bee087c581 -address /run/containerd/containerd.sock"", ""owner"": ""root"", ""pid"": ""7218"", ""process"": ""all"", ""resource_instance_id"": ""1398563761166861218"", ""resource_project_id"": ""proyecto-2-cloud-509714"", ""resource_type"": ""gce_instance"", ""resource_zone"": ""us-central1-a"", ""vm"": ""mooc-web""}",1298788352
2026-09-27T02:48:15.953265Z,"{""command"": ""containerd-shim-runc-v2"", ""command_line"": ""/usr/bin/containerd-shim-runc-v2 -namespace moby -id 860170ab748e990b522e83bd7568d3fe293333ee79b63b244ff7d1bee087c581 -address /run/containerd/containerd.sock"", ""owner"": ""root"", ""pid"": ""7218"", ""process"": ""all"", ""resource_instance_id"": ""1398563761166861218"", ""resource_project_id"": ""proyecto-2-cloud-509714"", ""resource_type"": ""gce_instance"", ""resource_zone"": ""us-central1-a"", ""vm"": ""mooc-web""}",1298788352
2026-09-27T02:47:45.942886Z,"{""command"": ""containerd-shim-runc-v2"", ""command_line"": ""/usr/bin/containerd-shim-runc-v2 -namespace moby -id 860170ab748e990b522e83bd7568d3fe293333ee79b63b244ff7d1bee087c581 -address /run/containerd/containerd.sock"", ""owner"": ""root"", ""pid"": ""7218"", ""process"": ""all"", ""resource_instance_id"": ""1398563761166861218"", ""resource_project_id"": ""proyecto-2-cloud-509714"", ""resource_type"": ""gce_instance"", ""resource_zone"": ""us-central1-a"", ""vm"": ""mooc-web""}",1298788352
2026-09-27T02:47:15.940997Z,"{""command"": ""containerd-shim-runc-v2"", ""command_line"": ""/usr/bin/containerd-shim-runc-v2 -namespace moby -id 860170ab748e990b522e83bd7568d3fe293333ee79b63b244ff7d1bee087c581 -address /run/containerd/containerd.sock"", ""owner"": ""root"", ""pid"": ""7218"", ""process"": ""all"", ""resource_instance_id"": ""1398563761166861218"", ""resource_project_id"": ""proyecto-2-cloud-509714"", ""resource_type"": ""gce_instance"", ""resource_zone"": ""us-central1-a"", ""vm"": ""mooc-web""}",1298788352
2026-09-27T02:46:45.944390Z,"{""command"": ""containerd-shim-runc-v2"", ""command_line"": ""/usr/bin/containerd-shim-runc-v2 -namespace moby -id 860170ab748e990b522e83bd7568d3fe293333ee79b63b244ff7d1bee087c581 -address /run/containerd/containerd.sock"", ""owner"": ""root"", ""pid"": ""7218"", ""process"": ""all"", ""resource_instance_id"": ""1398563761166861218"", ""resource_project_id"": ""proyecto-2-cloud-509714"", ""resource_type"": ""gce_instance"", ""resource_zone"": ""us-central1-a"", ""vm"": ""mooc-web""}",1298788352
2026-09-27T02:46:15.941745Z,"{""command"": ""containerd-shim-runc-v2"", ""command_line"": ""/usr/bin/containerd-shim-runc-v2 -namespace moby -id 860170ab748e990b522e83bd7568d3fe293333ee79b63b244ff7d1bee087c581 -address /run/containerd/containerd.sock"", ""owner"": ""root"", ""pid"": ""7218"", ""process"": ""all"", ""resource_instance_id"": ""1398563761166861218"", ""resource_project_id"": ""proyecto-2-cloud-509714"", ""resource_type"": ""gce_instance"", ""resource_zone"": ""us-central1-a"", ""vm"": ""mooc-web""}",1298788352
2026-09-27T02:45:45.948824Z,"{""command"": ""containerd-shim-runc-v2"", ""command_line"": ""/usr/bin/containerd-shim-runc-v2 -namespace moby -id 860170ab748e990b522e83bd7568d3fe293333ee79b63b244ff7d1bee087c581 -address /run/containerd/containerd.sock"", ""owner"": ""root"", ""pid"": ""7218"", ""process"": ""all"", ""resource_instance_id"": ""1398563761166861218"", ""resource_project_id"": ""proyecto-2-cloud-509714"", ""resource_type"": ""gce_instance"", ""resource_zone"": ""us-central1-a"", ""vm"": ""mooc-web""}",1298788352
2026-09-27T02:45:15.946155Z,"{""command"": ""containerd-shim-runc-v2"", ""command_line"": ""/usr/bin/containerd-shim-runc-v2 -namespace moby -id 860170ab748e990b522e83bd7568d3fe293333ee79b63b244ff7d1bee087c581 -address /run/containerd/containerd.sock"", ""owner"": ""root"", ""pid"": ""7218"", ""process"": ""all"", ""resource_instance_id"": ""1398563761166861218"", ""resource_project_id"": ""proyecto-2-cloud-509714"", ""resource_type"": ""gce_instance"", ""resource_zone"": ""us-central1-a"", ""vm"": ""mooc-web""}",1298788352
2026-09-27T02:44:45.943961Z,"{""command"": ""containerd-shim-runc-v2"", ""command_line"": ""/usr/bin/containerd-shim-runc-v2 -namespace moby -id 860170ab748e990b522e83bd7568d3fe293333ee79b63b244ff7d1bee087c581 -address /run/containerd/containerd.sock"", ""owner"": ""root"", ""pid"": ""7218"", ""process"": ""all"", ""resource_instance_id"": ""1398563761166861218"", ""resource_project_id"": ""proyecto-2-cloud-509714"", ""resource_type"": ""gce_instance"", ""resource_zone"": ""us-central1-a"", ""vm"": ""mooc-web""}",1298788352
2026-09-27T02:44:15.942463Z,"{""command"": ""containerd-shim-runc-v2"", ""command_line"": ""/usr/bin/containerd-shim-runc-v2 -namespace moby -id 860170ab748e990b522e83bd7568d3fe293333ee79b63b244ff7d1bee087c581 -address /run/containerd/containerd.sock"", ""owner"": ""root"", ""pid"": ""7218"", ""process"": ""all"", ""resource_instance_id"": ""1398563761166861218"", ""resource_project_id"": ""proyecto-2-cloud-509714"", ""resource_type"": ""gce_instance"", ""resource_zone"": ""us-central1-a"", ""vm"": ""mooc-web""}",1298788352
2026-09-27T02:43:45.941930Z,"{""command"": ""containerd-shim-runc-v2"", ""command_line"": ""/usr/bin/containerd-shim-runc-v2 -namespace moby -id 860170ab748e990b522e83bd7568d3fe293333ee79b63b244ff7d1bee087c581 -address /run/containerd/containerd.sock"", ""owner"": ""root"", ""pid"": ""7218"", ""process"": ""all"", ""resource_instance_id"": ""1398563761166861218"", ""resource_project_id"": ""proyecto-2-cloud-509714"", ""resource_type"": ""gce_instance"", ""resource_zone"": ""us-central1-a"", ""vm"": ""mooc-web""}",1298788352
2026-09-27T02:43:15.941536Z,"{""command"": ""containerd-shim-runc-v2"", ""command_line"": ""/usr/bin/containerd-shim-runc-v2 -namespace moby -id 860170ab748e990b522e83bd7568d3fe293333ee79b63b244ff7d1bee087c581 -address /run/containerd/containerd.sock"", ""owner"": ""root"", ""pid"": ""7218"", ""process"": ""all"", ""resource_instance_id"": ""1398563761166861218"", ""resource_project_id"": ""proyecto-2-cloud-509714"", ""resource_type"": ""gce_instance"", ""resource_zone"": ""us-central1-a"", ""vm"": ""mooc-web""}",1298788352
2026-09-27T02:42:45.949188Z,"{""command"": ""containerd-shim-runc-v2"", ""command_line"": ""/usr/bin/containerd-shim-runc-v2 -namespace moby -id 860170ab748e990b522e83bd7568d3fe293333ee79b63b244ff7d1bee087c581 -address /run/containerd/containerd.sock"", ""owner"": ""root"", ""pid"": ""7218"", ""process"": ""all"", ""resource_instance_id"": ""1398563761166861218"", ""resource_project_id"": ""proyecto-2-cloud-509714"", ""resource_type"": ""gce_instance"", ""resource_zone"": ""us-central1-a"", ""vm"": ""mooc-web""}",1298788352
2026-09-27T02:42:15.943019Z,"{""command"": ""containerd-shim-runc-v2"", ""command_line"": ""/usr/bin/containerd-shim-runc-v2 -namespace moby -id 860170ab748e990b522e83bd7568d3fe293333ee79b63b244ff7d1bee087c581 -address /run/containerd/containerd.sock"", ""owner"": ""root"", ""pid"": ""7218"", ""process"": ""all"", ""resource_instance_id"": ""1398563761166861218"", ""resource_project_id"": ""proyecto-2-cloud-509714"", ""resource_type"": ""gce_instance"", ""resource_zone"": ""us-central1-a"", ""vm"": ""mooc-web""}",1298788352
2026-09-27T02:41:45.943184Z,"{""command"": ""containerd-shim-runc-v2"", ""command_line"": ""/usr/bin/containerd-shim-runc-v2 -namespace moby -id 860170ab748e990b522e83bd7568d3fe293333ee79b63b244ff7d1bee087c581 -address /run/containerd/containerd.sock"", ""owner"": ""root"", ""pid"": ""7218"", ""process"": ""all"", ""resource_instance_id"": ""1398563761166861218"", ""resource_project_id"": ""proyecto-2-cloud-509714"", ""resource_type"": ""gce_instance"", ""resource_zone"": ""us-central1-a"", ""vm"": ""mooc-web""}",1298788352
2026-09-27T02:41:15.943105Z,"{""command"": ""containerd-shim-runc-v2"", ""command_line"": ""/usr/bin/containerd-shim-runc-v2 -namespace moby -id 860170ab748e990b522e83bd7568d3fe293333ee79b63b244ff7d1bee087c581 -address /run/containerd/containerd.sock"", ""owner"": ""root"", ""pid"": ""7218"", ""process"": ""all"", ""resource_instance_id"": ""1398563761166861218"", ""resource_project_id"": ""proyecto-2-cloud-509714"", ""resource_type"": ""gce_instance"", ""resource_zone"": ""us-central1-a"", ""vm"": ""mooc-web""}",1298788352
2026-09-27T02:40:45.943757Z,"{""command"": ""containerd-shim-runc-v2"", ""command_line"": ""/usr/bin/containerd-shim-runc-v2 -namespace moby -id 860170ab748e990b522e83bd7568d3fe293333ee79b63b244ff7d1bee087c581 -address /run/containerd/containerd.sock"", ""owner"": ""root"", ""pid"": ""7218"", ""process"": ""all"", ""resource_instance_id"": ""1398563761166861218"", ""resource_project_id"": ""proyecto-2-cloud-509714"", ""resource_type"": ""gce_instance"", ""resource_zone"": ""us-central1-a"", ""vm"": ""mooc-web""}",1298780160
2026-09-27T02:40:15.941860Z,"{""command"": ""containerd-shim-runc-v2"", ""command_line"": ""/usr/bin/containerd-shim-runc-v2 -namespace moby -id 860170ab748e990b522e83bd7568d3fe293333ee79b63b244ff7d1bee087c581 -address /run/containerd/containerd.sock"", ""owner"": ""root"", ""pid"": ""7218"", ""process"": ""all"", ""resource_instance_id"": ""1398563761166861218"", ""resource_project_id"": ""proyecto-2-cloud-509714"", ""resource_type"": ""gce_instance"", ""resource_zone"": ""us-central1-a"", ""vm"": ""mooc-web""}",1298780160
2026-09-27T02:39:45.944330Z,"{""command"": ""containerd-shim-runc-v2"", ""command_line"": ""/usr/bin/containerd-shim-runc-v2 -namespace moby -id 860170ab748e990b522e83bd7568d3fe293333ee79b63b244ff7d1bee087c581 -address /run/containerd/containerd.sock"", ""owner"": ""root"", ""pid"": ""7218"", ""process"": ""all"", ""resource_instance_id"": ""1398563761166861218"", ""resource_project_id"": ""proyecto-2-cloud-509714"", ""resource_type"": ""gce_instance"", ""resource_zone"": ""us-central1-a"", ""vm"": ""mooc-web""}",1298771968
2026-09-27T02:39:15.959597Z,"{""command"": ""containerd-shim-runc-v2"", ""command_line"": ""/usr/bin/containerd-shim-runc-v2 -namespace moby -id 860170ab748e990b522e83bd7568d3fe293333ee79b63b244ff7d1bee087c581 -address /run/containerd/containerd.sock"", ""owner"": ""root"", ""pid"": ""7218"", ""process"": ""all"", ""resource_instance_id"": ""1398563761166861218"", ""resource_project_id"": ""proyecto-2-cloud-509714"", ""resource_type"": ""gce_instance"", ""resource_zone"": ""us-central1-a"", ""vm"": ""mooc-web""}",1298771968
2026-09-27T02:49:45.945640Z,"{""command"": ""containerd-shim-runc-v2"", ""command_line"": ""/usr/bin/containerd-shim-runc-v2 -namespace moby -id 8a3b2a59eedf4143e07ce697bc169573676d1ffb62805be2368b57905897d9b3 -address /run/containerd/containerd.sock"", ""owner"": ""root"", ""pid"": ""7041"", ""process"": ""all"", ""resource_instance_id"": ""1398563761166861218"", ""resource_project_id"": ""proyecto-2-cloud-509714"", ""resource_type"": ""gce_instance"", ""resource_zone"": ""us-central1-a"", ""vm"": ""mooc-web""}",1299050496
2026-09-27T02:49:15.940379Z,"{""command"": ""containerd-shim-runc-v2"", ""command_line"": ""/usr/bin/containerd-shim-runc-v2 -namespace moby -id 8a3b2a59eedf4143e07ce697bc169573676d1ffb62805be2368b57905897d9b3 -address /run/containerd/containerd.sock"", ""owner"": ""root"", ""pid"": ""7041"", ""process"": ""all"", ""resource_instance_id"": ""1398563761166861218"", ""resource_project_id"": ""proyecto-2-cloud-509714"", ""resource_type"": ""gce_instance"", ""resource_zone"": ""us-central1-a"", ""vm"": ""mooc-web""}",1299050496
2026-09-27T02:48:45.940979Z,"{""command"": ""containerd-shim-runc-v2"", ""command_line"": ""/usr/bin/containerd-shim-runc-v2 -namespace moby -id 8a3b2a59eedf4143e07ce697bc169573676d1ffb62805be2368b57905897d9b3 -address /run/containerd/containerd.sock"", ""owner"": ""root"", ""pid"": ""7041"", ""process"": ""all"", ""resource_instance_id"": ""1398563761166861218"", ""resource_project_id"": ""proyecto-2-cloud-509714"", ""resource_type"": ""gce_instance"", ""resource_zone"": ""us-central1-a"", ""vm"": ""mooc-web""}",1299050496
2026-09-27T02:48:15.952902Z,"{""command"": ""containerd-shim-runc-v2"", ""command_line"": ""/usr/bin/containerd-shim-runc-v2 -namespace moby -id 8a3b2a59eedf4143e07ce697bc169573676d1ffb62805be2368b57905897d9b3 -address /run/containerd/containerd.sock"", ""owner"": ""root"", ""pid"": ""7041"", ""process"": ""all"", ""resource_instance_id"": ""1398563761166861218"", ""resource_project_id"": ""proyecto-2-cloud-509714"", ""resource_type"": ""gce_instance"", ""resource_zone"": ""us-central1-a"", ""vm"": ""mooc-web""}",1299050496
2026-09-27T02:47:45.942415Z,"{""command"": ""containerd-shim-runc-v2"", ""command_line"": ""/usr/bin/containerd-shim-runc-v2 -namespace moby -id 8a3b2a59eedf4143e07ce697bc169573676d1ffb62805be2368b57905897d9b3 -address /run/containerd/containerd.sock"", ""owner"": ""root"", ""pid"": ""7041"", ""process"": ""all"", ""resource_instance_id"": ""1398563761166861218"", ""resource_project_id"": ""proyecto-2-cloud-509714"", ""resource_type"": ""gce_instance"", ""resource_zone"": ""us-central1-a"", ""vm"": ""mooc-web""}",1299050496
2026-09-27T02:47:15.940508Z,"{""command"": ""containerd-shim-runc-v2"", ""command_line"": ""/usr/bin/containerd-shim-runc-v2 -namespace moby -id 8a3b2a59eedf4143e07ce697bc169573676d1ffb62805be2368b57905897d9b3 -address /run/containerd/containerd.sock"", ""owner"": ""root"", ""pid"": ""7041"", ""process"": ""all"", ""resource_instance_id"": ""1398563761166861218"", ""resource_project_id"": ""proyecto-2-cloud-509714"", ""resource_type"": ""gce_instance"", ""resource_zone"": ""us-central1-a"", ""vm"": ""mooc-web""}",1299050496
2026-09-27T02:46:45.943835Z,"{""command"": ""containerd-shim-runc-v2"", ""command_line"": ""/usr/bin/containerd-shim-runc-v2 -namespace moby -id 8a3b2a59eedf4143e07ce697bc169573676d1ffb62805be2368b57905897d9b3 -address /run/containerd/containerd.sock"", ""owner"": ""root"", ""pid"": ""7041"", ""process"": ""all"", ""resource_instance_id"": ""1398563761166861218"", ""resource_project_id"": ""proyecto-2-cloud-509714"", ""resource_type"": ""gce_instance"", ""resource_zone"": ""us-central1-a"", ""vm"": ""mooc-web""}",1299050496
2026-09-27T02:46:15.941270Z,"{""command"": ""containerd-shim-runc-v2"", ""command_line"": ""/usr/bin/containerd-shim-runc-v2 -namespace moby -id 8a3b2a59eedf4143e07ce697bc169573676d1ffb62805be2368b57905897d9b3 -address /run/containerd/containerd.sock"", ""owner"": ""root"", ""pid"": ""7041"", ""process"": ""all"", ""resource_instance_id"": ""1398563761166861218"", ""resource_project_id"": ""proyecto-2-cloud-509714"", ""resource_type"": ""gce_instance"", ""resource_zone"": ""us-central1-a"", ""vm"": ""mooc-web""}",1299050496
2026-09-27T02:45:45.948289Z,"{""command"": ""containerd-shim-runc-v2"", ""command_line"": ""/usr/bin/containerd-shim-runc-v2 -namespace moby -id 8a3b2a59eedf4143e07ce697bc169573676d1ffb62805be2368b57905897d9b3 -address /run/containerd/containerd.sock"", ""owner"": ""root"", ""pid"": ""7041"", ""process"": ""all"", ""resource_instance_id"": ""1398563761166861218"", ""resource_project_id"": ""proyecto-2-cloud-509714"", ""resource_type"": ""gce_instance"", ""resource_zone"": ""us-central1-a"", ""vm"": ""mooc-web""}",1299050496
2026-09-27T02:45:15.945807Z,"{""command"": ""containerd-shim-runc-v2"", ""command_line"": ""/usr/bin/containerd-shim-runc-v2 -namespace moby -id 8a3b2a59eedf4143e07ce697bc169573676d1ffb62805be2368b57905897d9b3 -address /run/containerd/containerd.sock"", ""owner"": ""root"", ""pid"": ""7041"", ""process"": ""all"", ""resource_instance_id"": ""1398563761166861218"", ""resource_project_id"": ""proyecto-2-cloud-509714"", ""resource_type"": ""gce_instance"", ""resource_zone"": ""us-central1-a"", ""vm"": ""mooc-web""}",1299050496
2026-09-27T02:44:45.943611Z,"{""command"": ""containerd-shim-runc-v2"", ""command_line"": ""/usr/bin/containerd-shim-runc-v2 -namespace moby -id 8a3b2a59eedf4143e07ce697bc169573676d1ffb62805be2368b57905897d9b3 -address /run/containerd/containerd.sock"", ""owner"": ""root"", ""pid"": ""7041"", ""process"": ""all"", ""resource_instance_id"": ""1398563761166861218"", ""resource_project_id"": ""proyecto-2-cloud-509714"", ""resource_type"": ""gce_instance"", ""resource_zone"": ""us-central1-a"", ""vm"": ""mooc-web""}",1299050496
2026-09-27T02:44:15.942145Z,"{""command"": ""containerd-shim-runc-v2"", ""command_line"": ""/usr/bin/containerd-shim-runc-v2 -namespace moby -id 8a3b2a59eedf4143e07ce697bc169573676d1ffb62805be2368b57905897d9b3 -address /run/containerd/containerd.sock"", ""owner"": ""root"", ""pid"": ""7041"", ""process"": ""all"", ""resource_instance_id"": ""1398563761166861218"", ""resource_project_id"": ""proyecto-2-cloud-509714"", ""resource_type"": ""gce_instance"", ""resource_zone"": ""us-central1-a"", ""vm"": ""mooc-web""}",1299050496
2026-09-27T02:43:45.941366Z,"{""command"": ""containerd-shim-runc-v2"", ""command_line"": ""/usr/bin/containerd-shim-runc-v2 -namespace moby -id 8a3b2a59eedf4143e07ce697bc169573676d1ffb62805be2368b57905897d9b3 -address /run/containerd/containerd.sock"", ""owner"": ""root"", ""pid"": ""7041"", ""process"": ""all"", ""resource_instance_id"": ""1398563761166861218"", ""resource_project_id"": ""proyecto-2-cloud-509714"", ""resource_type"": ""gce_instance"", ""resource_zone"": ""us-central1-a"", ""vm"": ""mooc-web""}",1299050496
2026-09-27T02:43:15.941218Z,"{""command"": ""containerd-shim-runc-v2"", ""command_line"": ""/usr/bin/containerd-shim-runc-v2 -namespace moby -id 8a3b2a59eedf4143e07ce697bc169573676d1ffb62805be2368b57905897d9b3 -address /run/containerd/containerd.sock"", ""owner"": ""root"", ""pid"": ""7041"", ""process"": ""all"", ""resource_instance_id"": ""1398563761166861218"", ""resource_project_id"": ""proyecto-2-cloud-509714"", ""resource_type"": ""gce_instance"", ""resource_zone"": ""us-central1-a"", ""vm"": ""mooc-web""}",1299050496
2026-09-27T02:42:45.948811Z,"{""command"": ""containerd-shim-runc-v2"", ""command_line"": ""/usr/bin/containerd-shim-runc-v2 -namespace moby -id 8a3b2a59eedf4143e07ce697bc169573676d1ffb62805be2368b57905897d9b3 -address /run/containerd/containerd.sock"", ""owner"": ""root"", ""pid"": ""7041"", ""process"": ""all"", ""resource_instance_id"": ""1398563761166861218"", ""resource_project_id"": ""proyecto-2-cloud-509714"", ""resource_type"": ""gce_instance"", ""resource_zone"": ""us-central1-a"", ""vm"": ""mooc-web""}",1299050496
2026-09-27T02:42:15.942491Z,"{""command"": ""containerd-shim-runc-v2"", ""command_line"": ""/usr/bin/containerd-shim-runc-v2 -namespace moby -id 8a3b2a59eedf4143e07ce697bc169573676d1ffb62805be2368b57905897d9b3 -address /run/containerd/containerd.sock"", ""owner"": ""root"", ""pid"": ""7041"", ""process"": ""all"", ""resource_instance_id"": ""1398563761166861218"", ""resource_project_id"": ""proyecto-2-cloud-509714"", ""resource_type"": ""gce_instance"", ""resource_zone"": ""us-central1-a"", ""vm"": ""mooc-web""}",1299050496
2026-09-27T02:41:45.942800Z,"{""command"": ""containerd-shim-runc-v2"", ""command_line"": ""/usr/bin/containerd-shim-runc-v2 -namespace moby -id 8a3b2a59eedf4143e07ce697bc169573676d1ffb62805be2368b57905897d9b3 -address /run/containerd/containerd.sock"", ""owner"": ""root"", ""pid"": ""7041"", ""process"": ""all"", ""resource_instance_id"": ""1398563761166861218"", ""resource_project_id"": ""proyecto-2-cloud-509714"", ""resource_type"": ""gce_instance"", ""resource_zone"": ""us-central1-a"", ""vm"": ""mooc-web""}",1299050496
2026-09-27T02:41:15.942734Z,"{""command"": ""containerd-shim-runc-v2"", ""command_line"": ""/usr/bin/containerd-shim-runc-v2 -namespace moby -id 8a3b2a59eedf4143e07ce697bc169573676d1ffb62805be2368b57905897d9b3 -address /run/containerd/containerd.sock"", ""owner"": ""root"", ""pid"": ""7041"", ""process"": ""all"", ""resource_instance_id"": ""1398563761166861218"", ""resource_project_id"": ""proyecto-2-cloud-509714"", ""resource_type"": ""gce_instance"", ""resource_zone"": ""us-central1-a"", ""vm"": ""mooc-web""}",1299050496
2026-09-27T02:40:45.943422Z,"{""command"": ""containerd-shim-runc-v2"", ""command_line"": ""/usr/bin/containerd-shim-runc-v2 -namespace moby -id 8a3b2a59eedf4143e07ce697bc169573676d1ffb62805be2368b57905897d9b3 -address /run/containerd/containerd.sock"", ""owner"": ""root"", ""pid"": ""7041"", ""process"": ""all"", ""resource_instance_id"": ""1398563761166861218"", ""resource_project_id"": ""proyecto-2-cloud-509714"", ""resource_type"": ""gce_instance"", ""resource_zone"": ""us-central1-a"", ""vm"": ""mooc-web""}",1299050496
2026-09-27T02:40:15.941550Z,"{""command"": ""containerd-shim-runc-v2"", ""command_line"": ""/usr/bin/containerd-shim-runc-v2 -namespace moby -id 8a3b2a59eedf4143e07ce697bc169573676d1ffb62805be2368b57905897d9b3 -address /run/containerd/containerd.sock"", ""owner"": ""root"", ""pid"": ""7041"", ""process"": ""all"", ""resource_instance_id"": ""1398563761166861218"", ""resource_project_id"": ""proyecto-2-cloud-509714"", ""resource_type"": ""gce_instance"", ""resource_zone"": ""us-central1-a"", ""vm"": ""mooc-web""}",1299050496
2026-09-27T02:39:45.943990Z,"{""command"": ""containerd-shim-runc-v2"", ""command_line"": ""/usr/bin/containerd-shim-runc-v2 -namespace moby -id 8a3b2a59eedf4143e07ce697bc169573676d1ffb62805be2368b57905897d9b3 -address /run/containerd/containerd.sock"", ""owner"": ""root"", ""pid"": ""7041"", ""process"": ""all"", ""resource_instance_id"": ""1398563761166861218"", ""resource_project_id"": ""proyecto-2-cloud-509714"", ""resource_type"": ""gce_instance"", ""resource_zone"": ""us-central1-a"", ""vm"": ""mooc-web""}",1299050496
2026-09-27T02:39:15.959179Z,"{""command"": ""containerd-shim-runc-v2"", ""command_line"": ""/usr/bin/containerd-shim-runc-v2 -namespace moby -id 8a3b2a59eedf4143e07ce697bc169573676d1ffb62805be2368b57905897d9b3 -address /run/containerd/containerd.sock"", ""owner"": ""root"", ""pid"": ""7041"", ""process"": ""all"", ""resource_instance_id"": ""1398563761166861218"", ""resource_project_id"": ""proyecto-2-cloud-509714"", ""resource_type"": ""gce_instance"", ""resource_zone"": ""us-central1-a"", ""vm"": ""mooc-web""}",1299050496
2026-09-27T02:49:45.945801Z,"{""command"": ""containerd-shim-runc-v2"", ""command_line"": ""/usr/bin/containerd-shim-runc-v2 -namespace moby -id a34741a2904f1502641f6ce670ce15b5a0db6ab736b4b6b5ed2a484a63ccf968 -address /run/containerd/containerd.sock"", ""owner"": ""root"", ""pid"": ""7129"", ""process"": ""all"", ""resource_instance_id"": ""1398563761166861218"", ""resource_project_id"": ""proyecto-2-cloud-509714"", ""resource_type"": ""gce_instance"", ""resource_zone"": ""us-central1-a"", ""vm"": ""mooc-web""}",1366233088
2026-09-27T02:49:15.940538Z,"{""command"": ""containerd-shim-runc-v2"", ""command_line"": ""/usr/bin/containerd-shim-runc-v2 -namespace moby -id a34741a2904f1502641f6ce670ce15b5a0db6ab736b4b6b5ed2a484a63ccf968 -address /run/containerd/containerd.sock"", ""owner"": ""root"", ""pid"": ""7129"", ""process"": ""all"", ""resource_instance_id"": ""1398563761166861218"", ""resource_project_id"": ""proyecto-2-cloud-509714"", ""resource_type"": ""gce_instance"", ""resource_zone"": ""us-central1-a"", ""vm"": ""mooc-web""}",1366233088
2026-09-27T02:48:45.941145Z,"{""command"": ""containerd-shim-runc-v2"", ""command_line"": ""/usr/bin/containerd-shim-runc-v2 -namespace moby -id a34741a2904f1502641f6ce670ce15b5a0db6ab736b4b6b5ed2a484a63ccf968 -address /run/containerd/containerd.sock"", ""owner"": ""root"", ""pid"": ""7129"", ""process"": ""all"", ""resource_instance_id"": ""1398563761166861218"", ""resource_project_id"": ""proyecto-2-cloud-509714"", ""resource_type"": ""gce_instance"", ""resource_zone"": ""us-central1-a"", ""vm"": ""mooc-web""}",1366233088
2026-09-27T02:48:15.953094Z,"{""command"": ""containerd-shim-runc-v2"", ""command_line"": ""/usr/bin/containerd-shim-runc-v2 -namespace moby -id a34741a2904f1502641f6ce670ce15b5a0db6ab736b4b6b5ed2a484a63ccf968 -address /run/containerd/containerd.sock"", ""owner"": ""root"", ""pid"": ""7129"", ""process"": ""all"", ""resource_instance_id"": ""1398563761166861218"", ""resource_project_id"": ""proyecto-2-cloud-509714"", ""resource_type"": ""gce_instance"", ""resource_zone"": ""us-central1-a"", ""vm"": ""mooc-web""}",1366233088
2026-09-27T02:47:45.942668Z,"{""command"": ""containerd-shim-runc-v2"", ""command_line"": ""/usr/bin/containerd-shim-runc-v2 -namespace moby -id a34741a2904f1502641f6ce670ce15b5a0db6ab736b4b6b5ed2a484a63ccf968 -address /run/containerd/containerd.sock"", ""owner"": ""root"", ""pid"": ""7129"", ""process"": ""all"", ""resource_instance_id"": ""1398563761166861218"", ""resource_project_id"": ""proyecto-2-cloud-509714"", ""resource_type"": ""gce_instance"", ""resource_zone"": ""us-central1-a"", ""vm"": ""mooc-web""}",1366233088
2026-09-27T02:47:15.940756Z,"{""command"": ""containerd-shim-runc-v2"", ""command_line"": ""/usr/bin/containerd-shim-runc-v2 -namespace moby -id a34741a2904f1502641f6ce670ce15b5a0db6ab736b4b6b5ed2a484a63ccf968 -address /run/containerd/containerd.sock"", ""owner"": ""root"", ""pid"": ""7129"", ""process"": ""all"", ""resource_instance_id"": ""1398563761166861218"", ""resource_project_id"": ""proyecto-2-cloud-509714"", ""resource_type"": ""gce_instance"", ""resource_zone"": ""us-central1-a"", ""vm"": ""mooc-web""}",1366233088
2026-09-27T02:46:45.944105Z,"{""command"": ""containerd-shim-runc-v2"", ""command_line"": ""/usr/bin/containerd-shim-runc-v2 -namespace moby -id a34741a2904f1502641f6ce670ce15b5a0db6ab736b4b6b5ed2a484a63ccf968 -address /run/containerd/containerd.sock"", ""owner"": ""root"", ""pid"": ""7129"", ""process"": ""all"", ""resource_instance_id"": ""1398563761166861218"", ""resource_project_id"": ""proyecto-2-cloud-509714"", ""resource_type"": ""gce_instance"", ""resource_zone"": ""us-central1-a"", ""vm"": ""mooc-web""}",1366233088
2026-09-27T02:46:15.941517Z,"{""command"": ""containerd-shim-runc-v2"", ""command_line"": ""/usr/bin/containerd-shim-runc-v2 -namespace moby -id a34741a2904f1502641f6ce670ce15b5a0db6ab736b4b6b5ed2a484a63ccf968 -address /run/containerd/containerd.sock"", ""owner"": ""root"", ""pid"": ""7129"", ""process"": ""all"", ""resource_instance_id"": ""1398563761166861218"", ""resource_project_id"": ""proyecto-2-cloud-509714"", ""resource_type"": ""gce_instance"", ""resource_zone"": ""us-central1-a"", ""vm"": ""mooc-web""}",1366233088
2026-09-27T02:45:45.948557Z,"{""command"": ""containerd-shim-runc-v2"", ""command_line"": ""/usr/bin/containerd-shim-runc-v2 -namespace moby -id a34741a2904f1502641f6ce670ce15b5a0db6ab736b4b6b5ed2a484a63ccf968 -address /run/containerd/containerd.sock"", ""owner"": ""root"", ""pid"": ""7129"", ""process"": ""all"", ""resource_instance_id"": ""1398563761166861218"", ""resource_project_id"": ""proyecto-2-cloud-509714"", ""resource_type"": ""gce_instance"", ""resource_zone"": ""us-central1-a"", ""vm"": ""mooc-web""}",1366233088
2026-09-27T02:45:15.945981Z,"{""command"": ""containerd-shim-runc-v2"", ""command_line"": ""/usr/bin/containerd-shim-runc-v2 -namespace moby -id a34741a2904f1502641f6ce670ce15b5a0db6ab736b4b6b5ed2a484a63ccf968 -address /run/containerd/containerd.sock"", ""owner"": ""root"", ""pid"": ""7129"", ""process"": ""all"", ""resource_instance_id"": ""1398563761166861218"", ""resource_project_id"": ""proyecto-2-cloud-509714"", ""resource_type"": ""gce_instance"", ""resource_zone"": ""us-central1-a"", ""vm"": ""mooc-web""}",1366233088
2026-09-27T02:44:45.943785Z,"{""command"": ""containerd-shim-runc-v2"", ""command_line"": ""/usr/bin/containerd-shim-runc-v2 -namespace moby -id a34741a2904f1502641f6ce670ce15b5a0db6ab736b4b6b5ed2a484a63ccf968 -address /run/containerd/containerd.sock"", ""owner"": ""root"", ""pid"": ""7129"", ""process"": ""all"", ""resource_instance_id"": ""1398563761166861218"", ""resource_project_id"": ""proyecto-2-cloud-509714"", ""resource_type"": ""gce_instance"", ""resource_zone"": ""us-central1-a"", ""vm"": ""mooc-web""}",1366233088
2026-09-27T02:44:15.942308Z,"{""command"": ""containerd-shim-runc-v2"", ""command_line"": ""/usr/bin/containerd-shim-runc-v2 -namespace moby -id a34741a2904f1502641f6ce670ce15b5a0db6ab736b4b6b5ed2a484a63ccf968 -address /run/containerd/containerd.sock"", ""owner"": ""root"", ""pid"": ""7129"", ""process"": ""all"", ""resource_instance_id"": ""1398563761166861218"", ""resource_project_id"": ""proyecto-2-cloud-509714"", ""resource_type"": ""gce_instance"", ""resource_zone"": ""us-central1-a"", ""vm"": ""mooc-web""}",1366233088
2026-09-27T02:43:45.941645Z,"{""command"": ""containerd-shim-runc-v2"", ""command_line"": ""/usr/bin/containerd-shim-runc-v2 -namespace moby -id a34741a2904f1502641f6ce670ce15b5a0db6ab736b4b6b5ed2a484a63ccf968 -address /run/containerd/containerd.sock"", ""owner"": ""root"", ""pid"": ""7129"", ""process"": ""all"", ""resource_instance_id"": ""1398563761166861218"", ""resource_project_id"": ""proyecto-2-cloud-509714"", ""resource_type"": ""gce_instance"", ""resource_zone"": ""us-central1-a"", ""vm"": ""mooc-web""}",1366233088
2026-09-27T02:43:15.941379Z,"{""command"": ""containerd-shim-runc-v2"", ""command_line"": ""/usr/bin/containerd-shim-runc-v2 -namespace moby -id a34741a2904f1502641f6ce670ce15b5a0db6ab736b4b6b5ed2a484a63ccf968 -address /run/containerd/containerd.sock"", ""owner"": ""root"", ""pid"": ""7129"", ""process"": ""all"", ""resource_instance_id"": ""1398563761166861218"", ""resource_project_id"": ""proyecto-2-cloud-509714"", ""resource_type"": ""gce_instance"", ""resource_zone"": ""us-central1-a"", ""vm"": ""mooc-web""}",1366233088
2026-09-27T02:42:45.949029Z,"{""command"": ""containerd-shim-runc-v2"", ""command_line"": ""/usr/bin/containerd-shim-runc-v2 -namespace moby -id a34741a2904f1502641f6ce670ce15b5a0db6ab736b4b6b5ed2a484a63ccf968 -address /run/containerd/containerd.sock"", ""owner"": ""root"", ""pid"": ""7129"", ""process"": ""all"", ""resource_instance_id"": ""1398563761166861218"", ""resource_project_id"": ""proyecto-2-cloud-509714"", ""resource_type"": ""gce_instance"", ""resource_zone"": ""us-central1-a"", ""vm"": ""mooc-web""}",1366233088
2026-09-27T02:42:15.942727Z,"{""command"": ""containerd-shim-runc-v2"", ""command_line"": ""/usr/bin/containerd-shim-runc-v2 -namespace moby -id a34741a2904f1502641f6ce670ce15b5a0db6ab736b4b6b5ed2a484a63ccf968 -address /run/containerd/containerd.sock"", ""owner"": ""root"", ""pid"": ""7129"", ""process"": ""all"", ""resource_instance_id"": ""1398563761166861218"", ""resource_project_id"": ""proyecto-2-cloud-509714"", ""resource_type"": ""gce_instance"", ""resource_zone"": ""us-central1-a"", ""vm"": ""mooc-web""}",1366233088
2026-09-27T02:41:45.943010Z,"{""command"": ""containerd-shim-runc-v2"", ""command_line"": ""/usr/bin/containerd-shim-runc-v2 -namespace moby -id a34741a2904f1502641f6ce670ce15b5a0db6ab736b4b6b5ed2a484a63ccf968 -address /run/containerd/containerd.sock"", ""owner"": ""root"", ""pid"": ""7129"", ""process"": ""all"", ""resource_instance_id"": ""1398563761166861218"", ""resource_project_id"": ""proyecto-2-cloud-509714"", ""resource_type"": ""gce_instance"", ""resource_zone"": ""us-central1-a"", ""vm"": ""mooc-web""}",1366233088
2026-09-27T02:41:15.942893Z,"{""command"": ""containerd-shim-runc-v2"", ""command_line"": ""/usr/bin/containerd-shim-runc-v2 -namespace moby -id a34741a2904f1502641f6ce670ce15b5a0db6ab736b4b6b5ed2a484a63ccf968 -address /run/containerd/containerd.sock"", ""owner"": ""root"", ""pid"": ""7129"", ""process"": ""all"", ""resource_instance_id"": ""1398563761166861218"", ""resource_project_id"": ""proyecto-2-cloud-509714"", ""resource_type"": ""gce_instance"", ""resource_zone"": ""us-central1-a"", ""vm"": ""mooc-web""}",1366233088
2026-09-27T02:40:45.943584Z,"{""command"": ""containerd-shim-runc-v2"", ""command_line"": ""/usr/bin/containerd-shim-runc-v2 -namespace moby -id a34741a2904f1502641f6ce670ce15b5a0db6ab736b4b6b5ed2a484a63ccf968 -address /run/containerd/containerd.sock"", ""owner"": ""root"", ""pid"": ""7129"", ""process"": ""all"", ""resource_instance_id"": ""1398563761166861218"", ""resource_project_id"": ""proyecto-2-cloud-509714"", ""resource_type"": ""gce_instance"", ""resource_zone"": ""us-central1-a"", ""vm"": ""mooc-web""}",1366233088
2026-09-27T02:40:15.941706Z,"{""command"": ""containerd-shim-runc-v2"", ""command_line"": ""/usr/bin/containerd-shim-runc-v2 -namespace moby -id a34741a2904f1502641f6ce670ce15b5a0db6ab736b4b6b5ed2a484a63ccf968 -address /run/containerd/containerd.sock"", ""owner"": ""root"", ""pid"": ""7129"", ""process"": ""all"", ""resource_instance_id"": ""1398563761166861218"", ""resource_project_id"": ""proyecto-2-cloud-509714"", ""resource_type"": ""gce_instance"", ""resource_zone"": ""us-central1-a"", ""vm"": ""mooc-web""}",1366233088
2026-09-27T02:39:45.944154Z,"{""command"": ""containerd-shim-runc-v2"", ""command_line"": ""/usr/bin/containerd-shim-runc-v2 -namespace moby -id a34741a2904f1502641f6ce670ce15b5a0db6ab736b4b6b5ed2a484a63ccf968 -address /run/containerd/containerd.sock"", ""owner"": ""root"", ""pid"": ""7129"", ""process"": ""all"", ""resource_instance_id"": ""1398563761166861218"", ""resource_project_id"": ""proyecto-2-cloud-509714"", ""resource_type"": ""gce_instance"", ""resource_zone"": ""us-central1-a"", ""vm"": ""mooc-web""}",1366233088
2026-09-27T02:39:15.959421Z,"{""command"": ""containerd-shim-runc-v2"", ""command_line"": ""/usr/bin/containerd-shim-runc-v2 -namespace moby -id a34741a2904f1502641f6ce670ce15b5a0db6ab736b4b6b5ed2a484a63ccf968 -address /run/containerd/containerd.sock"", ""owner"": ""root"", ""pid"": ""7129"", ""process"": ""all"", ""resource_instance_id"": ""1398563761166861218"", ""resource_project_id"": ""proyecto-2-cloud-509714"", ""resource_type"": ""gce_instance"", ""resource_zone"": ""us-central1-a"", ""vm"": ""mooc-web""}",1366233088
2026-09-27T02:49:45.945267Z,"{""command"": ""core_plugin"", ""command_line"": ""/usr/lib/google/guest_agent/GuestAgentCorePlugin/core_plugin --protocol=unix --address=/run/google-guest-agent/plugin-connections/GuestAgentCorePlugin_20260715.00.sock --errorlogfile=/var/lib/google-guest-agent/1398563761166861218/agent_state/plugins/GuestAgentCorePlugin/plugin.log"", ""owner"": ""root"", ""pid"": ""5550"", ""process"": ""all"", ""resource_instance_id"": ""1398563761166861218"", ""resource_project_id"": ""proyecto-2-cloud-509714"", ""resource_type"": ""gce_instance"", ""resource_zone"": ""us-central1-a"", ""vm"": ""mooc-web""}",1310306304
2026-09-27T02:49:15.939895Z,"{""command"": ""core_plugin"", ""command_line"": ""/usr/lib/google/guest_agent/GuestAgentCorePlugin/core_plugin --protocol=unix --address=/run/google-guest-agent/plugin-connections/GuestAgentCorePlugin_20260715.00.sock --errorlogfile=/var/lib/google-guest-agent/1398563761166861218/agent_state/plugins/GuestAgentCorePlugin/plugin.log"", ""owner"": ""root"", ""pid"": ""5550"", ""process"": ""all"", ""resource_instance_id"": ""1398563761166861218"", ""resource_project_id"": ""proyecto-2-cloud-509714"", ""resource_type"": ""gce_instance"", ""resource_zone"": ""us-central1-a"", ""vm"": ""mooc-web""}",1310306304
2026-09-27T02:48:45.940541Z,"{""command"": ""core_plugin"", ""command_line"": ""/usr/lib/google/guest_agent/GuestAgentCorePlugin/core_plugin --protocol=unix --address=/run/google-guest-agent/plugin-connections/GuestAgentCorePlugin_20260715.00.sock --errorlogfile=/var/lib/google-guest-agent/1398563761166861218/agent_state/plugins/GuestAgentCorePlugin/plugin.log"", ""owner"": ""root"", ""pid"": ""5550"", ""process"": ""all"", ""resource_instance_id"": ""1398563761166861218"", ""resource_project_id"": ""proyecto-2-cloud-509714"", ""resource_type"": ""gce_instance"", ""resource_zone"": ""us-central1-a"", ""vm"": ""mooc-web""}",1310306304
2026-09-27T02:48:15.952439Z,"{""command"": ""core_plugin"", ""command_line"": ""/usr/lib/google/guest_agent/GuestAgentCorePlugin/core_plugin --protocol=unix --address=/run/google-guest-agent/plugin-connections/GuestAgentCorePlugin_20260715.00.sock --errorlogfile=/var/lib/google-guest-agent/1398563761166861218/agent_state/plugins/GuestAgentCorePlugin/plugin.log"", ""owner"": ""root"", ""pid"": ""5550"", ""process"": ""all"", ""resource_instance_id"": ""1398563761166861218"", ""resource_project_id"": ""proyecto-2-cloud-509714"", ""resource_type"": ""gce_instance"", ""resource_zone"": ""us-central1-a"", ""vm"": ""mooc-web""}",1310306304
2026-09-27T02:47:45.941617Z,"{""command"": ""core_plugin"", ""command_line"": ""/usr/lib/google/guest_agent/GuestAgentCorePlugin/core_plugin --protocol=unix --address=/run/google-guest-agent/plugin-connections/GuestAgentCorePlugin_20260715.00.sock --errorlogfile=/var/lib/google-guest-agent/1398563761166861218/agent_state/plugins/GuestAgentCorePlugin/plugin.log"", ""owner"": ""root"", ""pid"": ""5550"", ""process"": ""all"", ""resource_instance_id"": ""1398563761166861218"", ""resource_project_id"": ""proyecto-2-cloud-509714"", ""resource_type"": ""gce_instance"", ""resource_zone"": ""us-central1-a"", ""vm"": ""mooc-web""}",1310306304
2026-09-27T02:47:15.939780Z,"{""command"": ""core_plugin"", ""command_line"": ""/usr/lib/google/guest_agent/GuestAgentCorePlugin/core_plugin --protocol=unix --address=/run/google-guest-agent/plugin-connections/GuestAgentCorePlugin_20260715.00.sock --errorlogfile=/var/lib/google-guest-agent/1398563761166861218/agent_state/plugins/GuestAgentCorePlugin/plugin.log"", ""owner"": ""root"", ""pid"": ""5550"", ""process"": ""all"", ""resource_instance_id"": ""1398563761166861218"", ""resource_project_id"": ""proyecto-2-cloud-509714"", ""resource_type"": ""gce_instance"", ""resource_zone"": ""us-central1-a"", ""vm"": ""mooc-web""}",1310306304
2026-09-27T02:46:45.942975Z,"{""command"": ""core_plugin"", ""command_line"": ""/usr/lib/google/guest_agent/GuestAgentCorePlugin/core_plugin --protocol=unix --address=/run/google-guest-agent/plugin-connections/GuestAgentCorePlugin_20260715.00.sock --errorlogfile=/var/lib/google-guest-agent/1398563761166861218/agent_state/plugins/GuestAgentCorePlugin/plugin.log"", ""owner"": ""root"", ""pid"": ""5550"", ""process"": ""all"", ""resource_instance_id"": ""1398563761166861218"", ""resource_project_id"": ""proyecto-2-cloud-509714"", ""resource_type"": ""gce_instance"", ""resource_zone"": ""us-central1-a"", ""vm"": ""mooc-web""}",1310306304
2026-09-27T02:46:15.940660Z,"{""command"": ""core_plugin"", ""command_line"": ""/usr/lib/google/guest_agent/GuestAgentCorePlugin/core_plugin --protocol=unix --address=/run/google-guest-agent/plugin-connections/GuestAgentCorePlugin_20260715.00.sock --errorlogfile=/var/lib/google-guest-agent/1398563761166861218/agent_state/plugins/GuestAgentCorePlugin/plugin.log"", ""owner"": ""root"", ""pid"": ""5550"", ""process"": ""all"", ""resource_instance_id"": ""1398563761166861218"", ""resource_project_id"": ""proyecto-2-cloud-509714"", ""resource_type"": ""gce_instance"", ""resource_zone"": ""us-central1-a"", ""vm"": ""mooc-web""}",1310306304
2026-09-27T02:45:45.947531Z,"{""command"": ""core_plugin"", ""command_line"": ""/usr/lib/google/guest_agent/GuestAgentCorePlugin/core_plugin --protocol=unix --address=/run/google-guest-agent/plugin-connections/GuestAgentCorePlugin_20260715.00.sock --errorlogfile=/var/lib/google-guest-agent/1398563761166861218/agent_state/plugins/GuestAgentCorePlugin/plugin.log"", ""owner"": ""root"", ""pid"": ""5550"", ""process"": ""all"", ""resource_instance_id"": ""1398563761166861218"", ""resource_project_id"": ""proyecto-2-cloud-509714"", ""resource_type"": ""gce_instance"", ""resource_zone"": ""us-central1-a"", ""vm"": ""mooc-web""}",1310306304
2026-09-27T02:45:15.945379Z,"{""command"": ""core_plugin"", ""command_line"": ""/usr/lib/google/guest_agent/GuestAgentCorePlugin/core_plugin --protocol=unix --address=/run/google-guest-agent/plugin-connections/GuestAgentCorePlugin_20260715.00.sock --errorlogfile=/var/lib/google-guest-agent/1398563761166861218/agent_state/plugins/GuestAgentCorePlugin/plugin.log"", ""owner"": ""root"", ""pid"": ""5550"", ""process"": ""all"", ""resource_instance_id"": ""1398563761166861218"", ""resource_project_id"": ""proyecto-2-cloud-509714"", ""resource_type"": ""gce_instance"", ""resource_zone"": ""us-central1-a"", ""vm"": ""mooc-web""}",1310306304
2026-09-27T02:44:45.942746Z,"{""command"": ""core_plugin"", ""command_line"": ""/usr/lib/google/guest_agent/GuestAgentCorePlugin/core_plugin --protocol=unix --address=/run/google-guest-agent/plugin-connections/GuestAgentCorePlugin_20260715.00.sock --errorlogfile=/var/lib/google-guest-agent/1398563761166861218/agent_state/plugins/GuestAgentCorePlugin/plugin.log"", ""owner"": ""root"", ""pid"": ""5550"", ""process"": ""all"", ""resource_instance_id"": ""1398563761166861218"", ""resource_project_id"": ""proyecto-2-cloud-509714"", ""resource_type"": ""gce_instance"", ""resource_zone"": ""us-central1-a"", ""vm"": ""mooc-web""}",1310306304
2026-09-27T02:44:15.941685Z,"{""command"": ""core_plugin"", ""command_line"": ""/usr/lib/google/guest_agent/GuestAgentCorePlugin/core_plugin --protocol=unix --address=/run/google-guest-agent/plugin-connections/GuestAgentCorePlugin_20260715.00.sock --errorlogfile=/var/lib/google-guest-agent/1398563761166861218/agent_state/plugins/GuestAgentCorePlugin/plugin.log"", ""owner"": ""root"", ""pid"": ""5550"", ""process"": ""all"", ""resource_instance_id"": ""1398563761166861218"", ""resource_project_id"": ""proyecto-2-cloud-509714"", ""resource_type"": ""gce_instance"", ""resource_zone"": ""us-central1-a"", ""vm"": ""mooc-web""}",1310306304
2026-09-27T02:43:45.940499Z,"{""command"": ""core_plugin"", ""command_line"": ""/usr/lib/google/guest_agent/GuestAgentCorePlugin/core_plugin --protocol=unix --address=/run/google-guest-agent/plugin-connections/GuestAgentCorePlugin_20260715.00.sock --errorlogfile=/var/lib/google-guest-agent/1398563761166861218/agent_state/plugins/GuestAgentCorePlugin/plugin.log"", ""owner"": ""root"", ""pid"": ""5550"", ""process"": ""all"", ""resource_instance_id"": ""1398563761166861218"", ""resource_project_id"": ""proyecto-2-cloud-509714"", ""resource_type"": ""gce_instance"", ""resource_zone"": ""us-central1-a"", ""vm"": ""mooc-web""}",1310306304
2026-09-27T02:43:15.940604Z,"{""command"": ""core_plugin"", ""command_line"": ""/usr/lib/google/guest_agent/GuestAgentCorePlugin/core_plugin --protocol=unix --address=/run/google-guest-agent/plugin-connections/GuestAgentCorePlugin_20260715.00.sock --errorlogfile=/var/lib/google-guest-agent/1398563761166861218/agent_state/plugins/GuestAgentCorePlugin/plugin.log"", ""owner"": ""root"", ""pid"": ""5550"", ""process"": ""all"", ""resource_instance_id"": ""1398563761166861218"", ""resource_project_id"": ""proyecto-2-cloud-509714"", ""resource_type"": ""gce_instance"", ""resource_zone"": ""us-central1-a"", ""vm"": ""mooc-web""}",1310306304
2026-09-27T02:42:45.948169Z,"{""command"": ""core_plugin"", ""command_line"": ""/usr/lib/google/guest_agent/GuestAgentCorePlugin/core_plugin --protocol=unix --address=/run/google-guest-agent/plugin-connections/GuestAgentCorePlugin_20260715.00.sock --errorlogfile=/var/lib/google-guest-agent/1398563761166861218/agent_state/plugins/GuestAgentCorePlugin/plugin.log"", ""owner"": ""root"", ""pid"": ""5550"", ""process"": ""all"", ""resource_instance_id"": ""1398563761166861218"", ""resource_project_id"": ""proyecto-2-cloud-509714"", ""resource_type"": ""gce_instance"", ""resource_zone"": ""us-central1-a"", ""vm"": ""mooc-web""}",1310306304
2026-09-27T02:42:15.941523Z,"{""command"": ""core_plugin"", ""command_line"": ""/usr/lib/google/guest_agent/GuestAgentCorePlugin/core_plugin --protocol=unix --address=/run/google-guest-agent/plugin-connections/GuestAgentCorePlugin_20260715.00.sock --errorlogfile=/var/lib/google-guest-agent/1398563761166861218/agent_state/plugins/GuestAgentCorePlugin/plugin.log"", ""owner"": ""root"", ""pid"": ""5550"", ""process"": ""all"", ""resource_instance_id"": ""1398563761166861218"", ""resource_project_id"": ""proyecto-2-cloud-509714"", ""resource_type"": ""gce_instance"", ""resource_zone"": ""us-central1-a"", ""vm"": ""mooc-web""}",1310306304
2026-09-27T02:41:45.942192Z,"{""command"": ""core_plugin"", ""command_line"": ""/usr/lib/google/guest_agent/GuestAgentCorePlugin/core_plugin --protocol=unix --address=/run/google-guest-agent/plugin-connections/GuestAgentCorePlugin_20260715.00.sock --errorlogfile=/var/lib/google-guest-agent/1398563761166861218/agent_state/plugins/GuestAgentCorePlugin/plugin.log"", ""owner"": ""root"", ""pid"": ""5550"", ""process"": ""all"", ""resource_instance_id"": ""1398563761166861218"", ""resource_project_id"": ""proyecto-2-cloud-509714"", ""resource_type"": ""gce_instance"", ""resource_zone"": ""us-central1-a"", ""vm"": ""mooc-web""}",1310306304
2026-09-27T02:41:15.942111Z,"{""command"": ""core_plugin"", ""command_line"": ""/usr/lib/google/guest_agent/GuestAgentCorePlugin/core_plugin --protocol=unix --address=/run/google-guest-agent/plugin-connections/GuestAgentCorePlugin_20260715.00.sock --errorlogfile=/var/lib/google-guest-agent/1398563761166861218/agent_state/plugins/GuestAgentCorePlugin/plugin.log"", ""owner"": ""root"", ""pid"": ""5550"", ""process"": ""all"", ""resource_instance_id"": ""1398563761166861218"", ""resource_project_id"": ""proyecto-2-cloud-509714"", ""resource_type"": ""gce_instance"", ""resource_zone"": ""us-central1-a"", ""vm"": ""mooc-web""}",1310306304
2026-09-27T02:40:45.942677Z,"{""command"": ""core_plugin"", ""command_line"": ""/usr/lib/google/guest_agent/GuestAgentCorePlugin/core_plugin --protocol=unix --address=/run/google-guest-agent/plugin-connections/GuestAgentCorePlugin_20260715.00.sock --errorlogfile=/var/lib/google-guest-agent/1398563761166861218/agent_state/plugins/GuestAgentCorePlugin/plugin.log"", ""owner"": ""root"", ""pid"": ""5550"", ""process"": ""all"", ""resource_instance_id"": ""1398563761166861218"", ""resource_project_id"": ""proyecto-2-cloud-509714"", ""resource_type"": ""gce_instance"", ""resource_zone"": ""us-central1-a"", ""vm"": ""mooc-web""}",1310306304
2026-09-27T02:40:15.940909Z,"{""command"": ""core_plugin"", ""command_line"": ""/usr/lib/google/guest_agent/GuestAgentCorePlugin/core_plugin --protocol=unix --address=/run/google-guest-agent/plugin-connections/GuestAgentCorePlugin_20260715.00.sock --errorlogfile=/var/lib/google-guest-agent/1398563761166861218/agent_state/plugins/GuestAgentCorePlugin/plugin.log"", ""owner"": ""root"", ""pid"": ""5550"", ""process"": ""all"", ""resource_instance_id"": ""1398563761166861218"", ""resource_project_id"": ""proyecto-2-cloud-509714"", ""resource_type"": ""gce_instance"", ""resource_zone"": ""us-central1-a"", ""vm"": ""mooc-web""}",1310306304
2026-09-27T02:39:45.942842Z,"{""command"": ""core_plugin"", ""command_line"": ""/usr/lib/google/guest_agent/GuestAgentCorePlugin/core_plugin --protocol=unix --address=/run/google-guest-agent/plugin-connections/GuestAgentCorePlugin_20260715.00.sock --errorlogfile=/var/lib/google-guest-agent/1398563761166861218/agent_state/plugins/GuestAgentCorePlugin/plugin.log"", ""owner"": ""root"", ""pid"": ""5550"", ""process"": ""all"", ""resource_instance_id"": ""1398563761166861218"", ""resource_project_id"": ""proyecto-2-cloud-509714"", ""resource_type"": ""gce_instance"", ""resource_zone"": ""us-central1-a"", ""vm"": ""mooc-web""}",1310306304
2026-09-27T02:39:15.957982Z,"{""command"": ""core_plugin"", ""command_line"": ""/usr/lib/google/guest_agent/GuestAgentCorePlugin/core_plugin --protocol=unix --address=/run/google-guest-agent/plugin-connections/GuestAgentCorePlugin_20260715.00.sock --errorlogfile=/var/lib/google-guest-agent/1398563761166861218/agent_state/plugins/GuestAgentCorePlugin/plugin.log"", ""owner"": ""root"", ""pid"": ""5550"", ""process"": ""all"", ""resource_instance_id"": ""1398563761166861218"", ""resource_project_id"": ""proyecto-2-cloud-509714"", ""resource_type"": ""gce_instance"", ""resource_zone"": ""us-central1-a"", ""vm"": ""mooc-web""}",1310306304
2026-09-27T02:49:45.940676Z,"{""command"": ""cpuhp/0"", ""command_line"": """", ""owner"": ""root"", ""pid"": ""18"", ""process"": ""all"", ""resource_instance_id"": ""1398563761166861218"", ""resource_project_id"": ""proyecto-2-cloud-509714"", ""resource_type"": ""gce_instance"", ""resource_zone"": ""us-central1-a"", ""vm"": ""mooc-web""}",0
2026-09-27T02:49:15.936227Z,"{""command"": ""cpuhp/0"", ""command_line"": """", ""owner"": ""root"", ""pid"": ""18"", ""process"": ""all"", ""resource_instance_id"": ""1398563761166861218"", ""resource_project_id"": ""proyecto-2-cloud-509714"", ""resource_type"": ""gce_instance"", ""resource_zone"": ""us-central1-a"", ""vm"": ""mooc-web""}",0
2026-09-27T02:48:45.936302Z,"{""command"": ""cpuhp/0"", ""command_line"": """", ""owner"": ""root"", ""pid"": ""18"", ""process"": ""all"", ""resource_instance_id"": ""1398563761166861218"", ""resource_project_id"": ""proyecto-2-cloud-509714"", ""resource_type"": ""gce_instance"", ""resource_zone"": ""us-central1-a"", ""vm"": ""mooc-web""}",0
2026-09-27T02:48:15.945637Z,"{""command"": ""cpuhp/0"", ""command_line"": """", ""owner"": ""root"", ""pid"": ""18"", ""process"": ""all"", ""resource_instance_id"": ""1398563761166861218"", ""resource_project_id"": ""proyecto-2-cloud-509714"", ""resource_type"": ""gce_instance"", ""resource_zone"": ""us-central1-a"", ""vm"": ""mooc-web""}",0
2026-09-27T02:47:45.936710Z,"{""command"": ""cpuhp/0"", ""command_line"": """", ""owner"": ""root"", ""pid"": ""18"", ""process"": ""all"", ""resource_instance_id"": ""1398563761166861218"", ""resource_project_id"": ""proyecto-2-cloud-509714"", ""resource_type"": ""gce_instance"", ""resource_zone"": ""us-central1-a"", ""vm"": ""mooc-web""}",0
2026-09-27T02:47:15.936413Z,"{""command"": ""cpuhp/0"", ""command_line"": """", ""owner"": ""root"", ""pid"": ""18"", ""process"": ""all"", ""resource_instance_id"": ""1398563761166861218"", ""resource_project_id"": ""proyecto-2-cloud-509714"", ""resource_type"": ""gce_instance"", ""resource_zone"": ""us-central1-a"", ""vm"": ""mooc-web""}",0
2026-09-27T02:46:45.939059Z,"{""command"": ""cpuhp/0"", ""command_line"": """", ""owner"": ""root"", ""pid"": ""18"", ""process"": ""all"", ""resource_instance_id"": ""1398563761166861218"", ""resource_project_id"": ""proyecto-2-cloud-509714"", ""resource_type"": ""gce_instance"", ""resource_zone"": ""us-central1-a"", ""vm"": ""mooc-web""}",0
2026-09-27T02:46:15.936052Z,"{""command"": ""cpuhp/0"", ""command_line"": """", ""owner"": ""root"", ""pid"": ""18"", ""process"": ""all"", ""resource_instance_id"": ""1398563761166861218"", ""resource_project_id"": ""proyecto-2-cloud-509714"", ""resource_type"": ""gce_instance"", ""resource_zone"": ""us-central1-a"", ""vm"": ""mooc-web""}",0
2026-09-27T02:45:45.941875Z,"{""command"": ""cpuhp/0"", ""command_line"": """", ""owner"": ""root"", ""pid"": ""18"", ""process"": ""all"", ""resource_instance_id"": ""1398563761166861218"", ""resource_project_id"": ""proyecto-2-cloud-509714"", ""resource_type"": ""gce_instance"", ""resource_zone"": ""us-central1-a"", ""vm"": ""mooc-web""}",0
2026-09-27T02:45:15.941544Z,"{""command"": ""cpuhp/0"", ""command_line"": """", ""owner"": ""root"", ""pid"": ""18"", ""process"": ""all"", ""resource_instance_id"": ""1398563761166861218"", ""resource_project_id"": ""proyecto-2-cloud-509714"", ""resource_type"": ""gce_instance"", ""resource_zone"": ""us-central1-a"", ""vm"": ""mooc-web""}",0
2026-09-27T02:44:45.937204Z,"{""command"": ""cpuhp/0"", ""command_line"": """", ""owner"": ""root"", ""pid"": ""18"", ""process"": ""all"", ""resource_instance_id"": ""1398563761166861218"", ""resource_project_id"": ""proyecto-2-cloud-509714"", ""resource_type"": ""gce_instance"", ""resource_zone"": ""us-central1-a"", ""vm"": ""mooc-web""}",0
2026-09-27T02:44:15.938218Z,"{""command"": ""cpuhp/0"", ""command_line"": """", ""owner"": ""root"", ""pid"": ""18"", ""process"": ""all"", ""resource_instance_id"": ""1398563761166861218"", ""resource_project_id"": ""proyecto-2-cloud-509714"", ""resource_type"": ""gce_instance"", ""resource_zone"": ""us-central1-a"", ""vm"": ""mooc-web""}",0
2026-09-27T02:43:45.936539Z,"{""command"": ""cpuhp/0"", ""command_line"": """", ""owner"": ""root"", ""pid"": ""18"", ""process"": ""all"", ""resource_instance_id"": ""1398563761166861218"", ""resource_project_id"": ""proyecto-2-cloud-509714"", ""resource_type"": ""gce_instance"", ""resource_zone"": ""us-central1-a"", ""vm"": ""mooc-web""}",0
2026-09-27T02:43:15.936773Z,"{""command"": ""cpuhp/0"", ""command_line"": """", ""owner"": ""root"", ""pid"": ""18"", ""process"": ""all"", ""resource_instance_id"": ""1398563761166861218"", ""resource_project_id"": ""proyecto-2-cloud-509714"", ""resource_type"": ""gce_instance"", ""resource_zone"": ""us-central1-a"", ""vm"": ""mooc-web""}",0
2026-09-27T02:42:45.944397Z,"{""command"": ""cpuhp/0"", ""command_line"": """", ""owner"": ""root"", ""pid"": ""18"", ""process"": ""all"", ""resource_instance_id"": ""1398563761166861218"", ""resource_project_id"": ""proyecto-2-cloud-509714"", ""resource_type"": ""gce_instance"", ""resource_zone"": ""us-central1-a"", ""vm"": ""mooc-web""}",0
2026-09-27T02:42:15.936819Z,"{""command"": ""cpuhp/0"", ""command_line"": """", ""owner"": ""root"", ""pid"": ""18"", ""process"": ""all"", ""resource_instance_id"": ""1398563761166861218"", ""resource_project_id"": ""proyecto-2-cloud-509714"", ""resource_type"": ""gce_instance"", ""resource_zone"": ""us-central1-a"", ""vm"": ""mooc-web""}",0
2026-09-27T02:41:45.938712Z,"{""command"": ""cpuhp/0"", ""command_line"": """", ""owner"": ""root"", ""pid"": ""18"", ""process"": ""all"", ""resource_instance_id"": ""1398563761166861218"", ""resource_project_id"": ""proyecto-2-cloud-509714"", ""resource_type"": ""gce_instance"", ""resource_zone"": ""us-central1-a"", ""vm"": ""mooc-web""}",0
2026-09-27T02:41:15.938480Z,"{""command"": ""cpuhp/0"", ""command_line"": """", ""owner"": ""root"", ""pid"": ""18"", ""process"": ""all"", ""resource_instance_id"": ""1398563761166861218"", ""resource_project_id"": ""proyecto-2-cloud-509714"", ""resource_type"": ""gce_instance"", ""resource_zone"": ""us-central1-a"", ""vm"": ""mooc-web""}",0
2026-09-27T02:40:45.939269Z,"{""command"": ""cpuhp/0"", ""command_line"": """", ""owner"": ""root"", ""pid"": ""18"", ""process"": ""all"", ""resource_instance_id"": ""1398563761166861218"", ""resource_project_id"": ""proyecto-2-cloud-509714"", ""resource_type"": ""gce_instance"", ""resource_zone"": ""us-central1-a"", ""vm"": ""mooc-web""}",0
2026-09-27T02:40:15.936802Z,"{""command"": ""cpuhp/0"", ""command_line"": """", ""owner"": ""root"", ""pid"": ""18"", ""process"": ""all"", ""resource_instance_id"": ""1398563761166861218"", ""resource_project_id"": ""proyecto-2-cloud-509714"", ""resource_type"": ""gce_instance"", ""resource_zone"": ""us-central1-a"", ""vm"": ""mooc-web""}",0
2026-09-27T02:39:45.937709Z,"{""command"": ""cpuhp/0"", ""command_line"": """", ""owner"": ""root"", ""pid"": ""18"", ""process"": ""all"", ""resource_instance_id"": ""1398563761166861218"", ""resource_project_id"": ""proyecto-2-cloud-509714"", ""resource_type"": ""gce_instance"", ""resource_zone"": ""us-central1-a"", ""vm"": ""mooc-web""}",0
2026-09-27T02:39:15.953211Z,"{""command"": ""cpuhp/0"", ""command_line"": """", ""owner"": ""root"", ""pid"": ""18"", ""process"": ""all"", ""resource_instance_id"": ""1398563761166861218"", ""resource_project_id"": ""proyecto-2-cloud-509714"", ""resource_type"": ""gce_instance"", ""resource_zone"": ""us-central1-a"", ""vm"": ""mooc-web""}",0
2026-09-27T02:49:45.940771Z,"{""command"": ""cpuhp/1"", ""command_line"": """", ""owner"": ""root"", ""pid"": ""19"", ""process"": ""all"", ""resource_instance_id"": ""1398563761166861218"", ""resource_project_id"": ""proyecto-2-cloud-509714"", ""resource_type"": ""gce_instance"", ""resource_zone"": ""us-central1-a"", ""vm"": ""mooc-web""}",0
2026-09-27T02:49:15.936275Z,"{""command"": ""cpuhp/1"", ""command_line"": """", ""owner"": ""root"", ""pid"": ""19"", ""process"": ""all"", ""resource_instance_id"": ""1398563761166861218"", ""resource_project_id"": ""proyecto-2-cloud-509714"", ""resource_type"": ""gce_instance"", ""resource_zone"": ""us-central1-a"", ""vm"": ""mooc-web""}",0
2026-09-27T02:48:45.936352Z,"{""command"": ""cpuhp/1"", ""command_line"": """", ""owner"": ""root"", ""pid"": ""19"", ""process"": ""all"", ""resource_instance_id"": ""1398563761166861218"", ""resource_project_id"": ""proyecto-2-cloud-509714"", ""resource_type"": ""gce_instance"", ""resource_zone"": ""us-central1-a"", ""vm"": ""mooc-web""}",0
2026-09-27T02:48:15.945732Z,"{""command"": ""cpuhp/1"", ""command_line"": """", ""owner"": ""root"", ""pid"": ""19"", ""process"": ""all"", ""resource_instance_id"": ""1398563761166861218"", ""resource_project_id"": ""proyecto-2-cloud-509714"", ""resource_type"": ""gce_instance"", ""resource_zone"": ""us-central1-a"", ""vm"": ""mooc-web""}",0
2026-09-27T02:47:45.936761Z,"{""command"": ""cpuhp/1"", ""command_line"": """", ""owner"": ""root"", ""pid"": ""19"", ""process"": ""all"", ""resource_instance_id"": ""1398563761166861218"", ""resource_project_id"": ""proyecto-2-cloud-509714"", ""resource_type"": ""gce_instance"", ""resource_zone"": ""us-central1-a"", ""vm"": ""mooc-web""}",0
2026-09-27T02:47:15.936464Z,"{""command"": ""cpuhp/1"", ""command_line"": """", ""owner"": ""root"", ""pid"": ""19"", ""process"": ""all"", ""resource_instance_id"": ""1398563761166861218"", ""resource_project_id"": ""proyecto-2-cloud-509714"", ""resource_type"": ""gce_instance"", ""resource_zone"": ""us-central1-a"", ""vm"": ""mooc-web""}",0
2026-09-27T02:46:45.939111Z,"{""command"": ""cpuhp/1"", ""command_line"": """", ""owner"": ""root"", ""pid"": ""19"", ""process"": ""all"", ""resource_instance_id"": ""1398563761166861218"", ""resource_project_id"": ""proyecto-2-cloud-509714"", ""resource_type"": ""gce_instance"", ""resource_zone"": ""us-central1-a"", ""vm"": ""mooc-web""}",0
2026-09-27T02:46:15.936100Z,"{""command"": ""cpuhp/1"", ""command_line"": """", ""owner"": ""root"", ""pid"": ""19"", ""process"": ""all"", ""resource_instance_id"": ""1398563761166861218"", ""resource_project_id"": ""proyecto-2-cloud-509714"", ""resource_type"": ""gce_instance"", ""resource_zone"": ""us-central1-a"", ""vm"": ""mooc-web""}",0
2026-09-27T02:45:45.941960Z,"{""command"": ""cpuhp/1"", ""command_line"": """", ""owner"": ""root"", ""pid"": ""19"", ""process"": ""all"", ""resource_instance_id"": ""1398563761166861218"", ""resource_project_id"": ""proyecto-2-cloud-509714"", ""resource_type"": ""gce_instance"", ""resource_zone"": ""us-central1-a"", ""vm"": ""mooc-web""}",0
2026-09-27T02:45:15.941603Z,"{""command"": ""cpuhp/1"", ""command_line"": """", ""owner"": ""root"", ""pid"": ""19"", ""process"": ""all"", ""resource_instance_id"": ""1398563761166861218"", ""resource_project_id"": ""proyecto-2-cloud-509714"", ""resource_type"": ""gce_instance"", ""resource_zone"": ""us-central1-a"", ""vm"": ""mooc-web""}",0
2026-09-27T02:44:45.937253Z,"{""command"": ""cpuhp/1"", ""command_line"": """", ""owner"": ""root"", ""pid"": ""19"", ""process"": ""all"", ""resource_instance_id"": ""1398563761166861218"", ""resource_project_id"": ""proyecto-2-cloud-509714"", ""resource_type"": ""gce_instance"", ""resource_zone"": ""us-central1-a"", ""vm"": ""mooc-web""}",0
2026-09-27T02:44:15.938301Z,"{""command"": ""cpuhp/1"", ""command_line"": """", ""owner"": ""root"", ""pid"": ""19"", ""process"": ""all"", ""resource_instance_id"": ""1398563761166861218"", ""resource_project_id"": ""proyecto-2-cloud-509714"", ""resource_type"": ""gce_instance"", ""resource_zone"": ""us-central1-a"", ""vm"": ""mooc-web""}",0
2026-09-27T02:43:45.936589Z,"{""command"": ""cpuhp/1"", ""command_line"": """", ""owner"": ""root"", ""pid"": ""19"", ""process"": ""all"", ""resource_instance_id"": ""1398563761166861218"", ""resource_project_id"": ""proyecto-2-cloud-509714"", ""resource_type"": ""gce_instance"", ""resource_zone"": ""us-central1-a"", ""vm"": ""mooc-web""}",0
2026-09-27T02:43:15.936822Z,"{""command"": ""cpuhp/1"", ""command_line"": """", ""owner"": ""root"", ""pid"": ""19"", ""process"": ""all"", ""resource_instance_id"": ""1398563761166861218"", ""resource_project_id"": ""proyecto-2-cloud-509714"", ""resource_type"": ""gce_instance"", ""resource_zone"": ""us-central1-a"", ""vm"": ""mooc-web""}",0
2026-09-27T02:42:45.944448Z,"{""command"": ""cpuhp/1"", ""command_line"": """", ""owner"": ""root"", ""pid"": ""19"", ""process"": ""all"", ""resource_instance_id"": ""1398563761166861218"", ""resource_project_id"": ""proyecto-2-cloud-509714"", ""resource_type"": ""gce_instance"", ""resource_zone"": ""us-central1-a"", ""vm"": ""mooc-web""}",0
2026-09-27T02:42:15.936877Z,"{""command"": ""cpuhp/1"", ""command_line"": """", ""owner"": ""root"", ""pid"": ""19"", ""process"": ""all"", ""resource_instance_id"": ""1398563761166861218"", ""resource_project_id"": ""proyecto-2-cloud-509714"", ""resource_type"": ""gce_instance"", ""resource_zone"": ""us-central1-a"", ""vm"": ""mooc-web""}",0
2026-09-27T02:41:45.938760Z,"{""command"": ""cpuhp/1"", ""command_line"": """", ""owner"": ""root"", ""pid"": ""19"", ""process"": ""all"", ""resource_instance_id"": ""1398563761166861218"", ""resource_project_id"": ""proyecto-2-cloud-509714"", ""resource_type"": ""gce_instance"", ""resource_zone"": ""us-central1-a"", ""vm"": ""mooc-web""}",0
2026-09-27T02:41:15.938532Z,"{""command"": ""cpuhp/1"", ""command_line"": """", ""owner"": ""root"", ""pid"": ""19"", ""process"": ""all"", ""resource_instance_id"": ""1398563761166861218"", ""resource_project_id"": ""proyecto-2-cloud-509714"", ""resource_type"": ""gce_instance"", ""resource_zone"": ""us-central1-a"", ""vm"": ""mooc-web""}",0
2026-09-27T02:40:45.939324Z,"{""command"": ""cpuhp/1"", ""command_line"": """", ""owner"": ""root"", ""pid"": ""19"", ""process"": ""all"", ""resource_instance_id"": ""1398563761166861218"", ""resource_project_id"": ""proyecto-2-cloud-509714"", ""resource_type"": ""gce_instance"", ""resource_zone"": ""us-central1-a"", ""vm"": ""mooc-web""}",0
2026-09-27T02:40:15.936852Z,"{""command"": ""cpuhp/1"", ""command_line"": """", ""owner"": ""root"", ""pid"": ""19"", ""process"": ""all"", ""resource_instance_id"": ""1398563761166861218"", ""resource_project_id"": ""proyecto-2-cloud-509714"", ""resource_type"": ""gce_instance"", ""resource_zone"": ""us-central1-a"", ""vm"": ""mooc-web""}",0
2026-09-27T02:39:45.937795Z,"{""command"": ""cpuhp/1"", ""command_line"": """", ""owner"": ""root"", ""pid"": ""19"", ""process"": ""all"", ""resource_instance_id"": ""1398563761166861218"", ""resource_project_id"": ""proyecto-2-cloud-509714"", ""resource_type"": ""gce_instance"", ""resource_zone"": ""us-central1-a"", ""vm"": ""mooc-web""}",0
2026-09-27T02:39:15.953272Z,"{""command"": ""cpuhp/1"", ""command_line"": """", ""owner"": ""root"", ""pid"": ""19"", ""process"": ""all"", ""resource_instance_id"": ""1398563761166861218"", ""resource_project_id"": ""proyecto-2-cloud-509714"", ""resource_type"": ""gce_instance"", ""resource_zone"": ""us-central1-a"", ""vm"": ""mooc-web""}",0
2026-09-27T02:49:45.944184Z,"{""command"": ""cron"", ""command_line"": ""/usr/sbin/cron -f"", ""owner"": ""root"", ""pid"": ""394"", ""process"": ""all"", ""resource_instance_id"": ""1398563761166861218"", ""resource_project_id"": ""proyecto-2-cloud-509714"", ""resource_type"": ""gce_instance"", ""resource_zone"": ""us-central1-a"", ""vm"": ""mooc-web""}",4124672
2026-09-27T02:49:15.938549Z,"{""command"": ""cron"", ""command_line"": ""/usr/sbin/cron -f"", ""owner"": ""root"", ""pid"": ""394"", ""process"": ""all"", ""resource_instance_id"": ""1398563761166861218"", ""resource_project_id"": ""proyecto-2-cloud-509714"", ""resource_type"": ""gce_instance"", ""resource_zone"": ""us-central1-a"", ""vm"": ""mooc-web""}",4124672
2026-09-27T02:48:45.939297Z,"{""command"": ""cron"", ""command_line"": ""/usr/sbin/cron -f"", ""owner"": ""root"", ""pid"": ""394"", ""process"": ""all"", ""resource_instance_id"": ""1398563761166861218"", ""resource_project_id"": ""proyecto-2-cloud-509714"", ""resource_type"": ""gce_instance"", ""resource_zone"": ""us-central1-a"", ""vm"": ""mooc-web""}",4124672
2026-09-27T02:48:15.951205Z,"{""command"": ""cron"", ""command_line"": ""/usr/sbin/cron -f"", ""owner"": ""root"", ""pid"": ""394"", ""process"": ""all"", ""resource_instance_id"": ""1398563761166861218"", ""resource_project_id"": ""proyecto-2-cloud-509714"", ""resource_type"": ""gce_instance"", ""resource_zone"": ""us-central1-a"", ""vm"": ""mooc-web""}",4124672
2026-09-27T02:47:45.940036Z,"{""command"": ""cron"", ""command_line"": ""/usr/sbin/cron -f"", ""owner"": ""root"", ""pid"": ""394"", ""process"": ""all"", ""resource_instance_id"": ""1398563761166861218"", ""resource_project_id"": ""proyecto-2-cloud-509714"", ""resource_type"": ""gce_instance"", ""resource_zone"": ""us-central1-a"", ""vm"": ""mooc-web""}",4124672
2026-09-27T02:47:15.938675Z,"{""command"": ""cron"", ""command_line"": ""/usr/sbin/cron -f"", ""owner"": ""root"", ""pid"": ""394"", ""process"": ""all"", ""resource_instance_id"": ""1398563761166861218"", ""resource_project_id"": ""proyecto-2-cloud-509714"", ""resource_type"": ""gce_instance"", ""resource_zone"": ""us-central1-a"", ""vm"": ""mooc-web""}",4124672
2026-09-27T02:46:45.941515Z,"{""command"": ""cron"", ""command_line"": ""/usr/sbin/cron -f"", ""owner"": ""root"", ""pid"": ""394"", ""process"": ""all"", ""resource_instance_id"": ""1398563761166861218"", ""resource_project_id"": ""proyecto-2-cloud-509714"", ""resource_type"": ""gce_instance"", ""resource_zone"": ""us-central1-a"", ""vm"": ""mooc-web""}",4124672
2026-09-27T02:46:15.938789Z,"{""command"": ""cron"", ""command_line"": ""/usr/sbin/cron -f"", ""owner"": ""root"", ""pid"": ""394"", ""process"": ""all"", ""resource_instance_id"": ""1398563761166861218"", ""resource_project_id"": ""proyecto-2-cloud-509714"", ""resource_type"": ""gce_instance"", ""resource_zone"": ""us-central1-a"", ""vm"": ""mooc-web""}",4124672
2026-09-27T02:45:45.945794Z,"{""command"": ""cron"", ""command_line"": ""/usr/sbin/cron -f"", ""owner"": ""root"", ""pid"": ""394"", ""process"": ""all"", ""resource_instance_id"": ""1398563761166861218"", ""resource_project_id"": ""proyecto-2-cloud-509714"", ""resource_type"": ""gce_instance"", ""resource_zone"": ""us-central1-a"", ""vm"": ""mooc-web""}",4124672
2026-09-27T02:45:15.944223Z,"{""command"": ""cron"", ""command_line"": ""/usr/sbin/cron -f"", ""owner"": ""root"", ""pid"": ""394"", ""process"": ""all"", ""resource_instance_id"": ""1398563761166861218"", ""resource_project_id"": ""proyecto-2-cloud-509714"", ""resource_type"": ""gce_instance"", ""resource_zone"": ""us-central1-a"", ""vm"": ""mooc-web""}",4124672
2026-09-27T02:44:45.941057Z,"{""command"": ""cron"", ""command_line"": ""/usr/sbin/cron -f"", ""owner"": ""root"", ""pid"": ""394"", ""process"": ""all"", ""resource_instance_id"": ""1398563761166861218"", ""resource_project_id"": ""proyecto-2-cloud-509714"", ""resource_type"": ""gce_instance"", ""resource_zone"": ""us-central1-a"", ""vm"": ""mooc-web""}",4124672
2026-09-27T02:44:15.940591Z,"{""command"": ""cron"", ""command_line"": ""/usr/sbin/cron -f"", ""owner"": ""root"", ""pid"": ""394"", ""process"": ""all"", ""resource_instance_id"": ""1398563761166861218"", ""resource_project_id"": ""proyecto-2-cloud-509714"", ""resource_type"": ""gce_instance"", ""resource_zone"": ""us-central1-a"", ""vm"": ""mooc-web""}",4124672
2026-09-27T02:43:45.938872Z,"{""command"": ""cron"", ""command_line"": ""/usr/sbin/cron -f"", ""owner"": ""root"", ""pid"": ""394"", ""process"": ""all"", ""resource_instance_id"": ""1398563761166861218"", ""resource_project_id"": ""proyecto-2-cloud-509714"", ""resource_type"": ""gce_instance"", ""resource_zone"": ""us-central1-a"", ""vm"": ""mooc-web""}",4124672
2026-09-27T02:43:15.939457Z,"{""command"": ""cron"", ""command_line"": ""/usr/sbin/cron -f"", ""owner"": ""root"", ""pid"": ""394"", ""process"": ""all"", ""resource_instance_id"": ""1398563761166861218"", ""resource_project_id"": ""proyecto-2-cloud-509714"", ""resource_type"": ""gce_instance"", ""resource_zone"": ""us-central1-a"", ""vm"": ""mooc-web""}",4124672
2026-09-27T02:42:45.946844Z,"{""command"": ""cron"", ""command_line"": ""/usr/sbin/cron -f"", ""owner"": ""root"", ""pid"": ""394"", ""process"": ""all"", ""resource_instance_id"": ""1398563761166861218"", ""resource_project_id"": ""proyecto-2-cloud-509714"", ""resource_type"": ""gce_instance"", ""resource_zone"": ""us-central1-a"", ""vm"": ""mooc-web""}",4124672
2026-09-27T02:42:15.939918Z,"{""command"": ""cron"", ""command_line"": ""/usr/sbin/cron -f"", ""owner"": ""root"", ""pid"": ""394"", ""process"": ""all"", ""resource_instance_id"": ""1398563761166861218"", ""resource_project_id"": ""proyecto-2-cloud-509714"", ""resource_type"": ""gce_instance"", ""resource_zone"": ""us-central1-a"", ""vm"": ""mooc-web""}",4124672
2026-09-27T02:41:45.941063Z,"{""command"": ""cron"", ""command_line"": ""/usr/sbin/cron -f"", ""owner"": ""root"", ""pid"": ""394"", ""process"": ""all"", ""resource_instance_id"": ""1398563761166861218"", ""resource_project_id"": ""proyecto-2-cloud-509714"", ""resource_type"": ""gce_instance"", ""resource_zone"": ""us-central1-a"", ""vm"": ""mooc-web""}",4124672
2026-09-27T02:41:15.940890Z,"{""command"": ""cron"", ""command_line"": ""/usr/sbin/cron -f"", ""owner"": ""root"", ""pid"": ""394"", ""process"": ""all"", ""resource_instance_id"": ""1398563761166861218"", ""resource_project_id"": ""proyecto-2-cloud-509714"", ""resource_type"": ""gce_instance"", ""resource_zone"": ""us-central1-a"", ""vm"": ""mooc-web""}",4124672
2026-09-27T02:40:45.941554Z,"{""command"": ""cron"", ""command_line"": ""/usr/sbin/cron -f"", ""owner"": ""root"", ""pid"": ""394"", ""process"": ""all"", ""resource_instance_id"": ""1398563761166861218"", ""resource_project_id"": ""proyecto-2-cloud-509714"", ""resource_type"": ""gce_instance"", ""resource_zone"": ""us-central1-a"", ""vm"": ""mooc-web""}",4124672
2026-09-27T02:40:15.939798Z,"{""command"": ""cron"", ""command_line"": ""/usr/sbin/cron -f"", ""owner"": ""root"", ""pid"": ""394"", ""process"": ""all"", ""resource_instance_id"": ""1398563761166861218"", ""resource_project_id"": ""proyecto-2-cloud-509714"", ""resource_type"": ""gce_instance"", ""resource_zone"": ""us-central1-a"", ""vm"": ""mooc-web""}",4124672
2026-09-27T02:39:45.941233Z,"{""command"": ""cron"", ""command_line"": ""/usr/sbin/cron -f"", ""owner"": ""root"", ""pid"": ""394"", ""process"": ""all"", ""resource_instance_id"": ""1398563761166861218"", ""resource_project_id"": ""proyecto-2-cloud-509714"", ""resource_type"": ""gce_instance"", ""resource_zone"": ""us-central1-a"", ""vm"": ""mooc-web""}",4124672
2026-09-27T02:39:15.956321Z,"{""command"": ""cron"", ""command_line"": ""/usr/sbin/cron -f"", ""owner"": ""root"", ""pid"": ""394"", ""process"": ""all"", ""resource_instance_id"": ""1398563761166861218"", ""resource_project_id"": ""proyecto-2-cloud-509714"", ""resource_type"": ""gce_instance"", ""resource_zone"": ""us-central1-a"", ""vm"": ""mooc-web""}",4124672
2026-09-27T02:49:45.943942Z,"{""command"": ""cryptd"", ""command_line"": """", ""owner"": ""root"", ""pid"": ""274"", ""process"": ""all"", ""resource_instance_id"": ""1398563761166861218"", ""resource_project_id"": ""proyecto-2-cloud-509714"", ""resource_type"": ""gce_instance"", ""resource_zone"": ""us-central1-a"", ""vm"": ""mooc-web""}",0
2026-09-27T02:49:15.938337Z,"{""command"": ""cryptd"", ""command_line"": """", ""owner"": ""root"", ""pid"": ""274"", ""process"": ""all"", ""resource_instance_id"": ""1398563761166861218"", ""resource_project_id"": ""proyecto-2-cloud-509714"", ""resource_type"": ""gce_instance"", ""resource_zone"": ""us-central1-a"", ""vm"": ""mooc-web""}",0
2026-09-27T02:48:45.938851Z,"{""command"": ""cryptd"", ""command_line"": """", ""owner"": ""root"", ""pid"": ""274"", ""process"": ""all"", ""resource_instance_id"": ""1398563761166861218"", ""resource_project_id"": ""proyecto-2-cloud-509714"", ""resource_type"": ""gce_instance"", ""resource_zone"": ""us-central1-a"", ""vm"": ""mooc-web""}",0
2026-09-27T02:48:15.950812Z,"{""command"": ""cryptd"", ""command_line"": """", ""owner"": ""root"", ""pid"": ""274"", ""process"": ""all"", ""resource_instance_id"": ""1398563761166861218"", ""resource_project_id"": ""proyecto-2-cloud-509714"", ""resource_type"": ""gce_instance"", ""resource_zone"": ""us-central1-a"", ""vm"": ""mooc-web""}",0
2026-09-27T02:47:45.939627Z,"{""command"": ""cryptd"", ""command_line"": """", ""owner"": ""root"", ""pid"": ""274"", ""process"": ""all"", ""resource_instance_id"": ""1398563761166861218"", ""resource_project_id"": ""proyecto-2-cloud-509714"", ""resource_type"": ""gce_instance"", ""resource_zone"": ""us-central1-a"", ""vm"": ""mooc-web""}",0
2026-09-27T02:47:15.938457Z,"{""command"": ""cryptd"", ""command_line"": """", ""owner"": ""root"", ""pid"": ""274"", ""process"": ""all"", ""resource_instance_id"": ""1398563761166861218"", ""resource_project_id"": ""proyecto-2-cloud-509714"", ""resource_type"": ""gce_instance"", ""resource_zone"": ""us-central1-a"", ""vm"": ""mooc-web""}",0
2026-09-27T02:46:45.941306Z,"{""command"": ""cryptd"", ""command_line"": """", ""owner"": ""root"", ""pid"": ""274"", ""process"": ""all"", ""resource_instance_id"": ""1398563761166861218"", ""resource_project_id"": ""proyecto-2-cloud-509714"", ""resource_type"": ""gce_instance"", ""resource_zone"": ""us-central1-a"", ""vm"": ""mooc-web""}",0
2026-09-27T02:46:15.938482Z,"{""command"": ""cryptd"", ""command_line"": """", ""owner"": ""root"", ""pid"": ""274"", ""process"": ""all"", ""resource_instance_id"": ""1398563761166861218"", ""resource_project_id"": ""proyecto-2-cloud-509714"", ""resource_type"": ""gce_instance"", ""resource_zone"": ""us-central1-a"", ""vm"": ""mooc-web""}",0
2026-09-27T02:45:45.945476Z,"{""command"": ""cryptd"", ""command_line"": """", ""owner"": ""root"", ""pid"": ""274"", ""process"": ""all"", ""resource_instance_id"": ""1398563761166861218"", ""resource_project_id"": ""proyecto-2-cloud-509714"", ""resource_type"": ""gce_instance"", ""resource_zone"": ""us-central1-a"", ""vm"": ""mooc-web""}",0
2026-09-27T02:45:15.943954Z,"{""command"": ""cryptd"", ""command_line"": """", ""owner"": ""root"", ""pid"": ""274"", ""process"": ""all"", ""resource_instance_id"": ""1398563761166861218"", ""resource_project_id"": ""proyecto-2-cloud-509714"", ""resource_type"": ""gce_instance"", ""resource_zone"": ""us-central1-a"", ""vm"": ""mooc-web""}",0
2026-09-27T02:44:45.940718Z,"{""command"": ""cryptd"", ""command_line"": """", ""owner"": ""root"", ""pid"": ""274"", ""process"": ""all"", ""resource_instance_id"": ""1398563761166861218"", ""resource_project_id"": ""proyecto-2-cloud-509714"", ""resource_type"": ""gce_instance"", ""resource_zone"": ""us-central1-a"", ""vm"": ""mooc-web""}",0
2026-09-27T02:44:15.940377Z,"{""command"": ""cryptd"", ""command_line"": """", ""owner"": ""root"", ""pid"": ""274"", ""process"": ""all"", ""resource_instance_id"": ""1398563761166861218"", ""resource_project_id"": ""proyecto-2-cloud-509714"", ""resource_type"": ""gce_instance"", ""resource_zone"": ""us-central1-a"", ""vm"": ""mooc-web""}",0
2026-09-27T02:43:45.938670Z,"{""command"": ""cryptd"", ""command_line"": """", ""owner"": ""root"", ""pid"": ""274"", ""process"": ""all"", ""resource_instance_id"": ""1398563761166861218"", ""resource_project_id"": ""proyecto-2-cloud-509714"", ""resource_type"": ""gce_instance"", ""resource_zone"": ""us-central1-a"", ""vm"": ""mooc-web""}",0
2026-09-27T02:43:15.938874Z,"{""command"": ""cryptd"", ""command_line"": """", ""owner"": ""root"", ""pid"": ""274"", ""process"": ""all"", ""resource_instance_id"": ""1398563761166861218"", ""resource_project_id"": ""proyecto-2-cloud-509714"", ""resource_type"": ""gce_instance"", ""resource_zone"": ""us-central1-a"", ""vm"": ""mooc-web""}",0
2026-09-27T02:42:45.946623Z,"{""command"": ""cryptd"", ""command_line"": """", ""owner"": ""root"", ""pid"": ""274"", ""process"": ""all"", ""resource_instance_id"": ""1398563761166861218"", ""resource_project_id"": ""proyecto-2-cloud-509714"", ""resource_type"": ""gce_instance"", ""resource_zone"": ""us-central1-a"", ""vm"": ""mooc-web""}",0
2026-09-27T02:42:15.939692Z,"{""command"": ""cryptd"", ""command_line"": """", ""owner"": ""root"", ""pid"": ""274"", ""process"": ""all"", ""resource_instance_id"": ""1398563761166861218"", ""resource_project_id"": ""proyecto-2-cloud-509714"", ""resource_type"": ""gce_instance"", ""resource_zone"": ""us-central1-a"", ""vm"": ""mooc-web""}",0
2026-09-27T02:41:45.940848Z,"{""command"": ""cryptd"", ""command_line"": """", ""owner"": ""root"", ""pid"": ""274"", ""process"": ""all"", ""resource_instance_id"": ""1398563761166861218"", ""resource_project_id"": ""proyecto-2-cloud-509714"", ""resource_type"": ""gce_instance"", ""resource_zone"": ""us-central1-a"", ""vm"": ""mooc-web""}",0
2026-09-27T02:41:15.940679Z,"{""command"": ""cryptd"", ""command_line"": """", ""owner"": ""root"", ""pid"": ""274"", ""process"": ""all"", ""resource_instance_id"": ""1398563761166861218"", ""resource_project_id"": ""proyecto-2-cloud-509714"", ""resource_type"": ""gce_instance"", ""resource_zone"": ""us-central1-a"", ""vm"": ""mooc-web""}",0
2026-09-27T02:40:45.941346Z,"{""command"": ""cryptd"", ""command_line"": """", ""owner"": ""root"", ""pid"": ""274"", ""process"": ""all"", ""resource_instance_id"": ""1398563761166861218"", ""resource_project_id"": ""proyecto-2-cloud-509714"", ""resource_type"": ""gce_instance"", ""resource_zone"": ""us-central1-a"", ""vm"": ""mooc-web""}",0
2026-09-27T02:40:15.939594Z,"{""command"": ""cryptd"", ""command_line"": """", ""owner"": ""root"", ""pid"": ""274"", ""process"": ""all"", ""resource_instance_id"": ""1398563761166861218"", ""resource_project_id"": ""proyecto-2-cloud-509714"", ""resource_type"": ""gce_instance"", ""resource_zone"": ""us-central1-a"", ""vm"": ""mooc-web""}",0
2026-09-27T02:39:45.940910Z,"{""command"": ""cryptd"", ""command_line"": """", ""owner"": ""root"", ""pid"": ""274"", ""process"": ""all"", ""resource_instance_id"": ""1398563761166861218"", ""resource_project_id"": ""proyecto-2-cloud-509714"", ""resource_type"": ""gce_instance"", ""resource_zone"": ""us-central1-a"", ""vm"": ""mooc-web""}",0
2026-09-27T02:39:15.956043Z,"{""command"": ""cryptd"", ""command_line"": """", ""owner"": ""root"", ""pid"": ""274"", ""process"": ""all"", ""resource_instance_id"": ""1398563761166861218"", ""resource_project_id"": ""proyecto-2-cloud-509714"", ""resource_type"": ""gce_instance"", ""resource_zone"": ""us-central1-a"", ""vm"": ""mooc-web""}",0
2026-09-27T02:49:45.944235Z,"{""command"": ""dbus-daemon"", ""command_line"": ""/usr/bin/dbus-daemon --system --address=systemd: --nofork --nopidfile --systemd-activation --syslog-only"", ""owner"": ""messagebus"", ""pid"": ""395"", ""process"": ""all"", ""resource_instance_id"": ""1398563761166861218"", ""resource_project_id"": ""proyecto-2-cloud-509714"", ""resource_type"": ""gce_instance"", ""resource_zone"": ""us-central1-a"", ""vm"": ""mooc-web""}",8396800
2026-09-27T02:49:15.938599Z,"{""command"": ""dbus-daemon"", ""command_line"": ""/usr/bin/dbus-daemon --system --address=systemd: --nofork --nopidfile --systemd-activation --syslog-only"", ""owner"": ""messagebus"", ""pid"": ""395"", ""process"": ""all"", ""resource_instance_id"": ""1398563761166861218"", ""resource_project_id"": ""proyecto-2-cloud-509714"", ""resource_type"": ""gce_instance"", ""resource_zone"": ""us-central1-a"", ""vm"": ""mooc-web""}",8396800
2026-09-27T02:48:45.939350Z,"{""command"": ""dbus-daemon"", ""command_line"": ""/usr/bin/dbus-daemon --system --address=systemd: --nofork --nopidfile --systemd-activation --syslog-only"", ""owner"": ""messagebus"", ""pid"": ""395"", ""process"": ""all"", ""resource_instance_id"": ""1398563761166861218"", ""resource_project_id"": ""proyecto-2-cloud-509714"", ""resource_type"": ""gce_instance"", ""resource_zone"": ""us-central1-a"", ""vm"": ""mooc-web""}",8396800
2026-09-27T02:48:15.951260Z,"{""command"": ""dbus-daemon"", ""command_line"": ""/usr/bin/dbus-daemon --system --address=systemd: --nofork --nopidfile --systemd-activation --syslog-only"", ""owner"": ""messagebus"", ""pid"": ""395"", ""process"": ""all"", ""resource_instance_id"": ""1398563761166861218"", ""resource_project_id"": ""proyecto-2-cloud-509714"", ""resource_type"": ""gce_instance"", ""resource_zone"": ""us-central1-a"", ""vm"": ""mooc-web""}",8396800
2026-09-27T02:47:45.940124Z,"{""command"": ""dbus-daemon"", ""command_line"": ""/usr/bin/dbus-daemon --system --address=systemd: --nofork --nopidfile --systemd-activation --syslog-only"", ""owner"": ""messagebus"", ""pid"": ""395"", ""process"": ""all"", ""resource_instance_id"": ""1398563761166861218"", ""resource_project_id"": ""proyecto-2-cloud-509714"", ""resource_type"": ""gce_instance"", ""resource_zone"": ""us-central1-a"", ""vm"": ""mooc-web""}",8396800
2026-09-27T02:47:15.938727Z,"{""command"": ""dbus-daemon"", ""command_line"": ""/usr/bin/dbus-daemon --system --address=systemd: --nofork --nopidfile --systemd-activation --syslog-only"", ""owner"": ""messagebus"", ""pid"": ""395"", ""process"": ""all"", ""resource_instance_id"": ""1398563761166861218"", ""resource_project_id"": ""proyecto-2-cloud-509714"", ""resource_type"": ""gce_instance"", ""resource_zone"": ""us-central1-a"", ""vm"": ""mooc-web""}",8396800
2026-09-27T02:46:45.941585Z,"{""command"": ""dbus-daemon"", ""command_line"": ""/usr/bin/dbus-daemon --system --address=systemd: --nofork --nopidfile --systemd-activation --syslog-only"", ""owner"": ""messagebus"", ""pid"": ""395"", ""process"": ""all"", ""resource_instance_id"": ""1398563761166861218"", ""resource_project_id"": ""proyecto-2-cloud-509714"", ""resource_type"": ""gce_instance"", ""resource_zone"": ""us-central1-a"", ""vm"": ""mooc-web""}",8396800
2026-09-27T02:46:15.938865Z,"{""command"": ""dbus-daemon"", ""command_line"": ""/usr/bin/dbus-daemon --system --address=systemd: --nofork --nopidfile --systemd-activation --syslog-only"", ""owner"": ""messagebus"", ""pid"": ""395"", ""process"": ""all"", ""resource_instance_id"": ""1398563761166861218"", ""resource_project_id"": ""proyecto-2-cloud-509714"", ""resource_type"": ""gce_instance"", ""resource_zone"": ""us-central1-a"", ""vm"": ""mooc-web""}",8396800
2026-09-27T02:45:45.945866Z,"{""command"": ""dbus-daemon"", ""command_line"": ""/usr/bin/dbus-daemon --system --address=systemd: --nofork --nopidfile --systemd-activation --syslog-only"", ""owner"": ""messagebus"", ""pid"": ""395"", ""process"": ""all"", ""resource_instance_id"": ""1398563761166861218"", ""resource_project_id"": ""proyecto-2-cloud-509714"", ""resource_type"": ""gce_instance"", ""resource_zone"": ""us-central1-a"", ""vm"": ""mooc-web""}",8396800
2026-09-27T02:45:15.944296Z,"{""command"": ""dbus-daemon"", ""command_line"": ""/usr/bin/dbus-daemon --system --address=systemd: --nofork --nopidfile --systemd-activation --syslog-only"", ""owner"": ""messagebus"", ""pid"": ""395"", ""process"": ""all"", ""resource_instance_id"": ""1398563761166861218"", ""resource_project_id"": ""proyecto-2-cloud-509714"", ""resource_type"": ""gce_instance"", ""resource_zone"": ""us-central1-a"", ""vm"": ""mooc-web""}",8396800
2026-09-27T02:44:45.941142Z,"{""command"": ""dbus-daemon"", ""command_line"": ""/usr/bin/dbus-daemon --system --address=systemd: --nofork --nopidfile --systemd-activation --syslog-only"", ""owner"": ""messagebus"", ""pid"": ""395"", ""process"": ""all"", ""resource_instance_id"": ""1398563761166861218"", ""resource_project_id"": ""proyecto-2-cloud-509714"", ""resource_type"": ""gce_instance"", ""resource_zone"": ""us-central1-a"", ""vm"": ""mooc-web""}",8396800
2026-09-27T02:44:15.940641Z,"{""command"": ""dbus-daemon"", ""command_line"": ""/usr/bin/dbus-daemon --system --address=systemd: --nofork --nopidfile --systemd-activation --syslog-only"", ""owner"": ""messagebus"", ""pid"": ""395"", ""process"": ""all"", ""resource_instance_id"": ""1398563761166861218"", ""resource_project_id"": ""proyecto-2-cloud-509714"", ""resource_type"": ""gce_instance"", ""resource_zone"": ""us-central1-a"", ""vm"": ""mooc-web""}",8396800
2026-09-27T02:43:45.938924Z,"{""command"": ""dbus-daemon"", ""command_line"": ""/usr/bin/dbus-daemon --system --address=systemd: --nofork --nopidfile --systemd-activation --syslog-only"", ""owner"": ""messagebus"", ""pid"": ""395"", ""process"": ""all"", ""resource_instance_id"": ""1398563761166861218"", ""resource_project_id"": ""proyecto-2-cloud-509714"", ""resource_type"": ""gce_instance"", ""resource_zone"": ""us-central1-a"", ""vm"": ""mooc-web""}",8396800
2026-09-27T02:43:15.939509Z,"{""command"": ""dbus-daemon"", ""command_line"": ""/usr/bin/dbus-daemon --system --address=systemd: --nofork --nopidfile --systemd-activation --syslog-only"", ""owner"": ""messagebus"", ""pid"": ""395"", ""process"": ""all"", ""resource_instance_id"": ""1398563761166861218"", ""resource_project_id"": ""proyecto-2-cloud-509714"", ""resource_type"": ""gce_instance"", ""resource_zone"": ""us-central1-a"", ""vm"": ""mooc-web""}",8396800
2026-09-27T02:42:45.947057Z,"{""command"": ""dbus-daemon"", ""command_line"": ""/usr/bin/dbus-daemon --system --address=systemd: --nofork --nopidfile --systemd-activation --syslog-only"", ""owner"": ""messagebus"", ""pid"": ""395"", ""process"": ""all"", ""resource_instance_id"": ""1398563761166861218"", ""resource_project_id"": ""proyecto-2-cloud-509714"", ""resource_type"": ""gce_instance"", ""resource_zone"": ""us-central1-a"", ""vm"": ""mooc-web""}",8396800
2026-09-27T02:42:15.939993Z,"{""command"": ""dbus-daemon"", ""command_line"": ""/usr/bin/dbus-daemon --system --address=systemd: --nofork --nopidfile --systemd-activation --syslog-only"", ""owner"": ""messagebus"", ""pid"": ""395"", ""process"": ""all"", ""resource_instance_id"": ""1398563761166861218"", ""resource_project_id"": ""proyecto-2-cloud-509714"", ""resource_type"": ""gce_instance"", ""resource_zone"": ""us-central1-a"", ""vm"": ""mooc-web""}",8396800
2026-09-27T02:41:45.941115Z,"{""command"": ""dbus-daemon"", ""command_line"": ""/usr/bin/dbus-daemon --system --address=systemd: --nofork --nopidfile --systemd-activation --syslog-only"", ""owner"": ""messagebus"", ""pid"": ""395"", ""process"": ""all"", ""resource_instance_id"": ""1398563761166861218"", ""resource_project_id"": ""proyecto-2-cloud-509714"", ""resource_type"": ""gce_instance"", ""resource_zone"": ""us-central1-a"", ""vm"": ""mooc-web""}",8396800
2026-09-27T02:41:15.940940Z,"{""command"": ""dbus-daemon"", ""command_line"": ""/usr/bin/dbus-daemon --system --address=systemd: --nofork --nopidfile --systemd-activation --syslog-only"", ""owner"": ""messagebus"", ""pid"": ""395"", ""process"": ""all"", ""resource_instance_id"": ""1398563761166861218"", ""resource_project_id"": ""proyecto-2-cloud-509714"", ""resource_type"": ""gce_instance"", ""resource_zone"": ""us-central1-a"", ""vm"": ""mooc-web""}",8396800
2026-09-27T02:40:45.941608Z,"{""command"": ""dbus-daemon"", ""command_line"": ""/usr/bin/dbus-daemon --system --address=systemd: --nofork --nopidfile --systemd-activation --syslog-only"", ""owner"": ""messagebus"", ""pid"": ""395"", ""process"": ""all"", ""resource_instance_id"": ""1398563761166861218"", ""resource_project_id"": ""proyecto-2-cloud-509714"", ""resource_type"": ""gce_instance"", ""resource_zone"": ""us-central1-a"", ""vm"": ""mooc-web""}",8396800
2026-09-27T02:40:15.939849Z,"{""command"": ""dbus-daemon"", ""command_line"": ""/usr/bin/dbus-daemon --system --address=systemd: --nofork --nopidfile --systemd-activation --syslog-only"", ""owner"": ""messagebus"", ""pid"": ""395"", ""process"": ""all"", ""resource_instance_id"": ""1398563761166861218"", ""resource_project_id"": ""proyecto-2-cloud-509714"", ""resource_type"": ""gce_instance"", ""resource_zone"": ""us-central1-a"", ""vm"": ""mooc-web""}",8396800
2026-09-27T02:39:45.941314Z,"{""command"": ""dbus-daemon"", ""command_line"": ""/usr/bin/dbus-daemon --system --address=systemd: --nofork --nopidfile --systemd-activation --syslog-only"", ""owner"": ""messagebus"", ""pid"": ""395"", ""process"": ""all"", ""resource_instance_id"": ""1398563761166861218"", ""resource_project_id"": ""proyecto-2-cloud-509714"", ""resource_type"": ""gce_instance"", ""resource_zone"": ""us-central1-a"", ""vm"": ""mooc-web""}",8396800
2026-09-27T02:39:15.956376Z,"{""command"": ""dbus-daemon"", ""command_line"": ""/usr/bin/dbus-daemon --system --address=systemd: --nofork --nopidfile --systemd-activation --syslog-only"", ""owner"": ""messagebus"", ""pid"": ""395"", ""process"": ""all"", ""resource_instance_id"": ""1398563761166861218"", ""resource_project_id"": ""proyecto-2-cloud-509714"", ""resource_type"": ""gce_instance"", ""resource_zone"": ""us-central1-a"", ""vm"": ""mooc-web""}",8396800
2026-09-27T02:49:45.946174Z,"{""command"": ""docker-proxy"", ""command_line"": ""/usr/bin/docker-proxy -proto tcp -host-ip 0.0.0.0 -host-port 443 -container-ip 172.18.0.4 -container-port 443 -use-listen-fd"", ""owner"": ""root"", ""pid"": ""7322"", ""process"": ""all"", ""resource_instance_id"": ""1398563761166861218"", ""resource_project_id"": ""proyecto-2-cloud-509714"", ""resource_type"": ""gce_instance"", ""resource_zone"": ""us-central1-a"", ""vm"": ""mooc-web""}",1788608512
2026-09-27T02:49:15.940959Z,"{""command"": ""docker-proxy"", ""command_line"": ""/usr/bin/docker-proxy -proto tcp -host-ip 0.0.0.0 -host-port 443 -container-ip 172.18.0.4 -container-port 443 -use-listen-fd"", ""owner"": ""root"", ""pid"": ""7322"", ""process"": ""all"", ""resource_instance_id"": ""1398563761166861218"", ""resource_project_id"": ""proyecto-2-cloud-509714"", ""resource_type"": ""gce_instance"", ""resource_zone"": ""us-central1-a"", ""vm"": ""mooc-web""}",1788608512
2026-09-27T02:48:45.941545Z,"{""command"": ""docker-proxy"", ""command_line"": ""/usr/bin/docker-proxy -proto tcp -host-ip 0.0.0.0 -host-port 443 -container-ip 172.18.0.4 -container-port 443 -use-listen-fd"", ""owner"": ""root"", ""pid"": ""7322"", ""process"": ""all"", ""resource_instance_id"": ""1398563761166861218"", ""resource_project_id"": ""proyecto-2-cloud-509714"", ""resource_type"": ""gce_instance"", ""resource_zone"": ""us-central1-a"", ""vm"": ""mooc-web""}",1788608512
2026-09-27T02:48:15.953505Z,"{""command"": ""docker-proxy"", ""command_line"": ""/usr/bin/docker-proxy -proto tcp -host-ip 0.0.0.0 -host-port 443 -container-ip 172.18.0.4 -container-port 443 -use-listen-fd"", ""owner"": ""root"", ""pid"": ""7322"", ""process"": ""all"", ""resource_instance_id"": ""1398563761166861218"", ""resource_project_id"": ""proyecto-2-cloud-509714"", ""resource_type"": ""gce_instance"", ""resource_zone"": ""us-central1-a"", ""vm"": ""mooc-web""}",1788608512
2026-09-27T02:47:45.943199Z,"{""command"": ""docker-proxy"", ""command_line"": ""/usr/bin/docker-proxy -proto tcp -host-ip 0.0.0.0 -host-port 443 -container-ip 172.18.0.4 -container-port 443 -use-listen-fd"", ""owner"": ""root"", ""pid"": ""7322"", ""process"": ""all"", ""resource_instance_id"": ""1398563761166861218"", ""resource_project_id"": ""proyecto-2-cloud-509714"", ""resource_type"": ""gce_instance"", ""resource_zone"": ""us-central1-a"", ""vm"": ""mooc-web""}",1788608512
2026-09-27T02:47:15.941328Z,"{""command"": ""docker-proxy"", ""command_line"": ""/usr/bin/docker-proxy -proto tcp -host-ip 0.0.0.0 -host-port 443 -container-ip 172.18.0.4 -container-port 443 -use-listen-fd"", ""owner"": ""root"", ""pid"": ""7322"", ""process"": ""all"", ""resource_instance_id"": ""1398563761166861218"", ""resource_project_id"": ""proyecto-2-cloud-509714"", ""resource_type"": ""gce_instance"", ""resource_zone"": ""us-central1-a"", ""vm"": ""mooc-web""}",1788608512
2026-09-27T02:46:45.944813Z,"{""command"": ""docker-proxy"", ""command_line"": ""/usr/bin/docker-proxy -proto tcp -host-ip 0.0.0.0 -host-port 443 -container-ip 172.18.0.4 -container-port 443 -use-listen-fd"", ""owner"": ""root"", ""pid"": ""7322"", ""process"": ""all"", ""resource_instance_id"": ""1398563761166861218"", ""resource_project_id"": ""proyecto-2-cloud-509714"", ""resource_type"": ""gce_instance"", ""resource_zone"": ""us-central1-a"", ""vm"": ""mooc-web""}",1788608512
2026-09-27T02:46:15.942057Z,"{""command"": ""docker-proxy"", ""command_line"": ""/usr/bin/docker-proxy -proto tcp -host-ip 0.0.0.0 -host-port 443 -container-ip 172.18.0.4 -container-port 443 -use-listen-fd"", ""owner"": ""root"", ""pid"": ""7322"", ""process"": ""all"", ""resource_instance_id"": ""1398563761166861218"", ""resource_project_id"": ""proyecto-2-cloud-509714"", ""resource_type"": ""gce_instance"", ""resource_zone"": ""us-central1-a"", ""vm"": ""mooc-web""}",1788608512
2026-09-27T02:45:45.949243Z,"{""command"": ""docker-proxy"", ""command_line"": ""/usr/bin/docker-proxy -proto tcp -host-ip 0.0.0.0 -host-port 443 -container-ip 172.18.0.4 -container-port 443 -use-listen-fd"", ""owner"": ""root"", ""pid"": ""7322"", ""process"": ""all"", ""resource_instance_id"": ""1398563761166861218"", ""resource_project_id"": ""proyecto-2-cloud-509714"", ""resource_type"": ""gce_instance"", ""resource_zone"": ""us-central1-a"", ""vm"": ""mooc-web""}",1788608512
2026-09-27T02:45:15.946428Z,"{""command"": ""docker-proxy"", ""command_line"": ""/usr/bin/docker-proxy -proto tcp -host-ip 0.0.0.0 -host-port 443 -container-ip 172.18.0.4 -container-port 443 -use-listen-fd"", ""owner"": ""root"", ""pid"": ""7322"", ""process"": ""all"", ""resource_instance_id"": ""1398563761166861218"", ""resource_project_id"": ""proyecto-2-cloud-509714"", ""resource_type"": ""gce_instance"", ""resource_zone"": ""us-central1-a"", ""vm"": ""mooc-web""}",1788608512
2026-09-27T02:44:45.944250Z,"{""command"": ""docker-proxy"", ""command_line"": ""/usr/bin/docker-proxy -proto tcp -host-ip 0.0.0.0 -host-port 443 -container-ip 172.18.0.4 -container-port 443 -use-listen-fd"", ""owner"": ""root"", ""pid"": ""7322"", ""process"": ""all"", ""resource_instance_id"": ""1398563761166861218"", ""resource_project_id"": ""proyecto-2-cloud-509714"", ""resource_type"": ""gce_instance"", ""resource_zone"": ""us-central1-a"", ""vm"": ""mooc-web""}",1788608512
2026-09-27T02:44:15.942669Z,"{""command"": ""docker-proxy"", ""command_line"": ""/usr/bin/docker-proxy -proto tcp -host-ip 0.0.0.0 -host-port 443 -container-ip 172.18.0.4 -container-port 443 -use-listen-fd"", ""owner"": ""root"", ""pid"": ""7322"", ""process"": ""all"", ""resource_instance_id"": ""1398563761166861218"", ""resource_project_id"": ""proyecto-2-cloud-509714"", ""resource_type"": ""gce_instance"", ""resource_zone"": ""us-central1-a"", ""vm"": ""mooc-web""}",1788608512
2026-09-27T02:43:45.942264Z,"{""command"": ""docker-proxy"", ""command_line"": ""/usr/bin/docker-proxy -proto tcp -host-ip 0.0.0.0 -host-port 443 -container-ip 172.18.0.4 -container-port 443 -use-listen-fd"", ""owner"": ""root"", ""pid"": ""7322"", ""process"": ""all"", ""resource_instance_id"": ""1398563761166861218"", ""resource_project_id"": ""proyecto-2-cloud-509714"", ""resource_type"": ""gce_instance"", ""resource_zone"": ""us-central1-a"", ""vm"": ""mooc-web""}",1788608512
2026-09-27T02:43:15.941756Z,"{""command"": ""docker-proxy"", ""command_line"": ""/usr/bin/docker-proxy -proto tcp -host-ip 0.0.0.0 -host-port 443 -container-ip 172.18.0.4 -container-port 443 -use-listen-fd"", ""owner"": ""root"", ""pid"": ""7322"", ""process"": ""all"", ""resource_instance_id"": ""1398563761166861218"", ""resource_project_id"": ""proyecto-2-cloud-509714"", ""resource_type"": ""gce_instance"", ""resource_zone"": ""us-central1-a"", ""vm"": ""mooc-web""}",1788608512
2026-09-27T02:42:45.949399Z,"{""command"": ""docker-proxy"", ""command_line"": ""/usr/bin/docker-proxy -proto tcp -host-ip 0.0.0.0 -host-port 443 -container-ip 172.18.0.4 -container-port 443 -use-listen-fd"", ""owner"": ""root"", ""pid"": ""7322"", ""process"": ""all"", ""resource_instance_id"": ""1398563761166861218"", ""resource_project_id"": ""proyecto-2-cloud-509714"", ""resource_type"": ""gce_instance"", ""resource_zone"": ""us-central1-a"", ""vm"": ""mooc-web""}",1788608512
2026-09-27T02:42:15.943344Z,"{""command"": ""docker-proxy"", ""command_line"": ""/usr/bin/docker-proxy -proto tcp -host-ip 0.0.0.0 -host-port 443 -container-ip 172.18.0.4 -container-port 443 -use-listen-fd"", ""owner"": ""root"", ""pid"": ""7322"", ""process"": ""all"", ""resource_instance_id"": ""1398563761166861218"", ""resource_project_id"": ""proyecto-2-cloud-509714"", ""resource_type"": ""gce_instance"", ""resource_zone"": ""us-central1-a"", ""vm"": ""mooc-web""}",1788608512
2026-09-27T02:41:45.943395Z,"{""command"": ""docker-proxy"", ""command_line"": ""/usr/bin/docker-proxy -proto tcp -host-ip 0.0.0.0 -host-port 443 -container-ip 172.18.0.4 -container-port 443 -use-listen-fd"", ""owner"": ""root"", ""pid"": ""7322"", ""process"": ""all"", ""resource_instance_id"": ""1398563761166861218"", ""resource_project_id"": ""proyecto-2-cloud-509714"", ""resource_type"": ""gce_instance"", ""resource_zone"": ""us-central1-a"", ""vm"": ""mooc-web""}",1788608512
2026-09-27T02:41:15.943402Z,"{""command"": ""docker-proxy"", ""command_line"": ""/usr/bin/docker-proxy -proto tcp -host-ip 0.0.0.0 -host-port 443 -container-ip 172.18.0.4 -container-port 443 -use-listen-fd"", ""owner"": ""root"", ""pid"": ""7322"", ""process"": ""all"", ""resource_instance_id"": ""1398563761166861218"", ""resource_project_id"": ""proyecto-2-cloud-509714"", ""resource_type"": ""gce_instance"", ""resource_zone"": ""us-central1-a"", ""vm"": ""mooc-web""}",1788608512
2026-09-27T02:40:45.943974Z,"{""command"": ""docker-proxy"", ""command_line"": ""/usr/bin/docker-proxy -proto tcp -host-ip 0.0.0.0 -host-port 443 -container-ip 172.18.0.4 -container-port 443 -use-listen-fd"", ""owner"": ""root"", ""pid"": ""7322"", ""process"": ""all"", ""resource_instance_id"": ""1398563761166861218"", ""resource_project_id"": ""proyecto-2-cloud-509714"", ""resource_type"": ""gce_instance"", ""resource_zone"": ""us-central1-a"", ""vm"": ""mooc-web""}",1788608512
2026-09-27T02:40:15.942078Z,"{""command"": ""docker-proxy"", ""command_line"": ""/usr/bin/docker-proxy -proto tcp -host-ip 0.0.0.0 -host-port 443 -container-ip 172.18.0.4 -container-port 443 -use-listen-fd"", ""owner"": ""root"", ""pid"": ""7322"", ""process"": ""all"", ""resource_instance_id"": ""1398563761166861218"", ""resource_project_id"": ""proyecto-2-cloud-509714"", ""resource_type"": ""gce_instance"", ""resource_zone"": ""us-central1-a"", ""vm"": ""mooc-web""}",1788608512
2026-09-27T02:39:45.944605Z,"{""command"": ""docker-proxy"", ""command_line"": ""/usr/bin/docker-proxy -proto tcp -host-ip 0.0.0.0 -host-port 443 -container-ip 172.18.0.4 -container-port 443 -use-listen-fd"", ""owner"": ""root"", ""pid"": ""7322"", ""process"": ""all"", ""resource_instance_id"": ""1398563761166861218"", ""resource_project_id"": ""proyecto-2-cloud-509714"", ""resource_type"": ""gce_instance"", ""resource_zone"": ""us-central1-a"", ""vm"": ""mooc-web""}",1788608512
2026-09-27T02:39:15.959837Z,"{""command"": ""docker-proxy"", ""command_line"": ""/usr/bin/docker-proxy -proto tcp -host-ip 0.0.0.0 -host-port 443 -container-ip 172.18.0.4 -container-port 443 -use-listen-fd"", ""owner"": ""root"", ""pid"": ""7322"", ""process"": ""all"", ""resource_instance_id"": ""1398563761166861218"", ""resource_project_id"": ""proyecto-2-cloud-509714"", ""resource_type"": ""gce_instance"", ""resource_zone"": ""us-central1-a"", ""vm"": ""mooc-web""}",1788608512
2026-09-27T02:49:45.946069Z,"{""command"": ""docker-proxy"", ""command_line"": ""/usr/bin/docker-proxy -proto tcp -host-ip 0.0.0.0 -host-port 80 -container-ip 172.18.0.4 -container-port 80 -use-listen-fd"", ""owner"": ""root"", ""pid"": ""7283"", ""process"": ""all"", ""resource_instance_id"": ""1398563761166861218"", ""resource_project_id"": ""proyecto-2-cloud-509714"", ""resource_type"": ""gce_instance"", ""resource_zone"": ""us-central1-a"", ""vm"": ""mooc-web""}",1788608512
2026-09-27T02:49:15.940808Z,"{""command"": ""docker-proxy"", ""command_line"": ""/usr/bin/docker-proxy -proto tcp -host-ip 0.0.0.0 -host-port 80 -container-ip 172.18.0.4 -container-port 80 -use-listen-fd"", ""owner"": ""root"", ""pid"": ""7283"", ""process"": ""all"", ""resource_instance_id"": ""1398563761166861218"", ""resource_project_id"": ""proyecto-2-cloud-509714"", ""resource_type"": ""gce_instance"", ""resource_zone"": ""us-central1-a"", ""vm"": ""mooc-web""}",1788608512
2026-09-27T02:48:45.941417Z,"{""command"": ""docker-proxy"", ""command_line"": ""/usr/bin/docker-proxy -proto tcp -host-ip 0.0.0.0 -host-port 80 -container-ip 172.18.0.4 -container-port 80 -use-listen-fd"", ""owner"": ""root"", ""pid"": ""7283"", ""process"": ""all"", ""resource_instance_id"": ""1398563761166861218"", ""resource_project_id"": ""proyecto-2-cloud-509714"", ""resource_type"": ""gce_instance"", ""resource_zone"": ""us-central1-a"", ""vm"": ""mooc-web""}",1788608512
2026-09-27T02:48:15.953396Z,"{""command"": ""docker-proxy"", ""command_line"": ""/usr/bin/docker-proxy -proto tcp -host-ip 0.0.0.0 -host-port 80 -container-ip 172.18.0.4 -container-port 80 -use-listen-fd"", ""owner"": ""root"", ""pid"": ""7283"", ""process"": ""all"", ""resource_instance_id"": ""1398563761166861218"", ""resource_project_id"": ""proyecto-2-cloud-509714"", ""resource_type"": ""gce_instance"", ""resource_zone"": ""us-central1-a"", ""vm"": ""mooc-web""}",1788608512
2026-09-27T02:47:45.943056Z,"{""command"": ""docker-proxy"", ""command_line"": ""/usr/bin/docker-proxy -proto tcp -host-ip 0.0.0.0 -host-port 80 -container-ip 172.18.0.4 -container-port 80 -use-listen-fd"", ""owner"": ""root"", ""pid"": ""7283"", ""process"": ""all"", ""resource_instance_id"": ""1398563761166861218"", ""resource_project_id"": ""proyecto-2-cloud-509714"", ""resource_type"": ""gce_instance"", ""resource_zone"": ""us-central1-a"", ""vm"": ""mooc-web""}",1788608512
2026-09-27T02:47:15.941168Z,"{""command"": ""docker-proxy"", ""command_line"": ""/usr/bin/docker-proxy -proto tcp -host-ip 0.0.0.0 -host-port 80 -container-ip 172.18.0.4 -container-port 80 -use-listen-fd"", ""owner"": ""root"", ""pid"": ""7283"", ""process"": ""all"", ""resource_instance_id"": ""1398563761166861218"", ""resource_project_id"": ""proyecto-2-cloud-509714"", ""resource_type"": ""gce_instance"", ""resource_zone"": ""us-central1-a"", ""vm"": ""mooc-web""}",1788608512
2026-09-27T02:46:45.944642Z,"{""command"": ""docker-proxy"", ""command_line"": ""/usr/bin/docker-proxy -proto tcp -host-ip 0.0.0.0 -host-port 80 -container-ip 172.18.0.4 -container-port 80 -use-listen-fd"", ""owner"": ""root"", ""pid"": ""7283"", ""process"": ""all"", ""resource_instance_id"": ""1398563761166861218"", ""resource_project_id"": ""proyecto-2-cloud-509714"", ""resource_type"": ""gce_instance"", ""resource_zone"": ""us-central1-a"", ""vm"": ""mooc-web""}",1788608512
2026-09-27T02:46:15.941903Z,"{""command"": ""docker-proxy"", ""command_line"": ""/usr/bin/docker-proxy -proto tcp -host-ip 0.0.0.0 -host-port 80 -container-ip 172.18.0.4 -container-port 80 -use-listen-fd"", ""owner"": ""root"", ""pid"": ""7283"", ""process"": ""all"", ""resource_instance_id"": ""1398563761166861218"", ""resource_project_id"": ""proyecto-2-cloud-509714"", ""resource_type"": ""gce_instance"", ""resource_zone"": ""us-central1-a"", ""vm"": ""mooc-web""}",1788608512
2026-09-27T02:45:45.949015Z,"{""command"": ""docker-proxy"", ""command_line"": ""/usr/bin/docker-proxy -proto tcp -host-ip 0.0.0.0 -host-port 80 -container-ip 172.18.0.4 -container-port 80 -use-listen-fd"", ""owner"": ""root"", ""pid"": ""7283"", ""process"": ""all"", ""resource_instance_id"": ""1398563761166861218"", ""resource_project_id"": ""proyecto-2-cloud-509714"", ""resource_type"": ""gce_instance"", ""resource_zone"": ""us-central1-a"", ""vm"": ""mooc-web""}",1788608512
2026-09-27T02:45:15.946261Z,"{""command"": ""docker-proxy"", ""command_line"": ""/usr/bin/docker-proxy -proto tcp -host-ip 0.0.0.0 -host-port 80 -container-ip 172.18.0.4 -container-port 80 -use-listen-fd"", ""owner"": ""root"", ""pid"": ""7283"", ""process"": ""all"", ""resource_instance_id"": ""1398563761166861218"", ""resource_project_id"": ""proyecto-2-cloud-509714"", ""resource_type"": ""gce_instance"", ""resource_zone"": ""us-central1-a"", ""vm"": ""mooc-web""}",1788608512
2026-09-27T02:44:45.944098Z,"{""command"": ""docker-proxy"", ""command_line"": ""/usr/bin/docker-proxy -proto tcp -host-ip 0.0.0.0 -host-port 80 -container-ip 172.18.0.4 -container-port 80 -use-listen-fd"", ""owner"": ""root"", ""pid"": ""7283"", ""process"": ""all"", ""resource_instance_id"": ""1398563761166861218"", ""resource_project_id"": ""proyecto-2-cloud-509714"", ""resource_type"": ""gce_instance"", ""resource_zone"": ""us-central1-a"", ""vm"": ""mooc-web""}",1788608512
2026-09-27T02:44:15.942566Z,"{""command"": ""docker-proxy"", ""command_line"": ""/usr/bin/docker-proxy -proto tcp -host-ip 0.0.0.0 -host-port 80 -container-ip 172.18.0.4 -container-port 80 -use-listen-fd"", ""owner"": ""root"", ""pid"": ""7283"", ""process"": ""all"", ""resource_instance_id"": ""1398563761166861218"", ""resource_project_id"": ""proyecto-2-cloud-509714"", ""resource_type"": ""gce_instance"", ""resource_zone"": ""us-central1-a"", ""vm"": ""mooc-web""}",1788608512
2026-09-27T02:43:45.942100Z,"{""command"": ""docker-proxy"", ""command_line"": ""/usr/bin/docker-proxy -proto tcp -host-ip 0.0.0.0 -host-port 80 -container-ip 172.18.0.4 -container-port 80 -use-listen-fd"", ""owner"": ""root"", ""pid"": ""7283"", ""process"": ""all"", ""resource_instance_id"": ""1398563761166861218"", ""resource_project_id"": ""proyecto-2-cloud-509714"", ""resource_type"": ""gce_instance"", ""resource_zone"": ""us-central1-a"", ""vm"": ""mooc-web""}",1788608512
2026-09-27T02:43:15.941652Z,"{""command"": ""docker-proxy"", ""command_line"": ""/usr/bin/docker-proxy -proto tcp -host-ip 0.0.0.0 -host-port 80 -container-ip 172.18.0.4 -container-port 80 -use-listen-fd"", ""owner"": ""root"", ""pid"": ""7283"", ""process"": ""all"", ""resource_instance_id"": ""1398563761166861218"", ""resource_project_id"": ""proyecto-2-cloud-509714"", ""resource_type"": ""gce_instance"", ""resource_zone"": ""us-central1-a"", ""vm"": ""mooc-web""}",1788608512
2026-09-27T02:42:45.949292Z,"{""command"": ""docker-proxy"", ""command_line"": ""/usr/bin/docker-proxy -proto tcp -host-ip 0.0.0.0 -host-port 80 -container-ip 172.18.0.4 -container-port 80 -use-listen-fd"", ""owner"": ""root"", ""pid"": ""7283"", ""process"": ""all"", ""resource_instance_id"": ""1398563761166861218"", ""resource_project_id"": ""proyecto-2-cloud-509714"", ""resource_type"": ""gce_instance"", ""resource_zone"": ""us-central1-a"", ""vm"": ""mooc-web""}",1788608512
2026-09-27T02:42:15.943183Z,"{""command"": ""docker-proxy"", ""command_line"": ""/usr/bin/docker-proxy -proto tcp -host-ip 0.0.0.0 -host-port 80 -container-ip 172.18.0.4 -container-port 80 -use-listen-fd"", ""owner"": ""root"", ""pid"": ""7283"", ""process"": ""all"", ""resource_instance_id"": ""1398563761166861218"", ""resource_project_id"": ""proyecto-2-cloud-509714"", ""resource_type"": ""gce_instance"", ""resource_zone"": ""us-central1-a"", ""vm"": ""mooc-web""}",1788608512
2026-09-27T02:41:45.943288Z,"{""command"": ""docker-proxy"", ""command_line"": ""/usr/bin/docker-proxy -proto tcp -host-ip 0.0.0.0 -host-port 80 -container-ip 172.18.0.4 -container-port 80 -use-listen-fd"", ""owner"": ""root"", ""pid"": ""7283"", ""process"": ""all"", ""resource_instance_id"": ""1398563761166861218"", ""resource_project_id"": ""proyecto-2-cloud-509714"", ""resource_type"": ""gce_instance"", ""resource_zone"": ""us-central1-a"", ""vm"": ""mooc-web""}",1788608512
2026-09-27T02:41:15.943269Z,"{""command"": ""docker-proxy"", ""command_line"": ""/usr/bin/docker-proxy -proto tcp -host-ip 0.0.0.0 -host-port 80 -container-ip 172.18.0.4 -container-port 80 -use-listen-fd"", ""owner"": ""root"", ""pid"": ""7283"", ""process"": ""all"", ""resource_instance_id"": ""1398563761166861218"", ""resource_project_id"": ""proyecto-2-cloud-509714"", ""resource_type"": ""gce_instance"", ""resource_zone"": ""us-central1-a"", ""vm"": ""mooc-web""}",1788608512
2026-09-27T02:40:45.943866Z,"{""command"": ""docker-proxy"", ""command_line"": ""/usr/bin/docker-proxy -proto tcp -host-ip 0.0.0.0 -host-port 80 -container-ip 172.18.0.4 -container-port 80 -use-listen-fd"", ""owner"": ""root"", ""pid"": ""7283"", ""process"": ""all"", ""resource_instance_id"": ""1398563761166861218"", ""resource_project_id"": ""proyecto-2-cloud-509714"", ""resource_type"": ""gce_instance"", ""resource_zone"": ""us-central1-a"", ""vm"": ""mooc-web""}",1788608512
2026-09-27T02:40:15.941961Z,"{""command"": ""docker-proxy"", ""command_line"": ""/usr/bin/docker-proxy -proto tcp -host-ip 0.0.0.0 -host-port 80 -container-ip 172.18.0.4 -container-port 80 -use-listen-fd"", ""owner"": ""root"", ""pid"": ""7283"", ""process"": ""all"", ""resource_instance_id"": ""1398563761166861218"", ""resource_project_id"": ""proyecto-2-cloud-509714"", ""resource_type"": ""gce_instance"", ""resource_zone"": ""us-central1-a"", ""vm"": ""mooc-web""}",1788608512
2026-09-27T02:39:45.944473Z,"{""command"": ""docker-proxy"", ""command_line"": ""/usr/bin/docker-proxy -proto tcp -host-ip 0.0.0.0 -host-port 80 -container-ip 172.18.0.4 -container-port 80 -use-listen-fd"", ""owner"": ""root"", ""pid"": ""7283"", ""process"": ""all"", ""resource_instance_id"": ""1398563761166861218"", ""resource_project_id"": ""proyecto-2-cloud-509714"", ""resource_type"": ""gce_instance"", ""resource_zone"": ""us-central1-a"", ""vm"": ""mooc-web""}",1788608512
2026-09-27T02:39:15.959713Z,"{""command"": ""docker-proxy"", ""command_line"": ""/usr/bin/docker-proxy -proto tcp -host-ip 0.0.0.0 -host-port 80 -container-ip 172.18.0.4 -container-port 80 -use-listen-fd"", ""owner"": ""root"", ""pid"": ""7283"", ""process"": ""all"", ""resource_instance_id"": ""1398563761166861218"", ""resource_project_id"": ""proyecto-2-cloud-509714"", ""resource_type"": ""gce_instance"", ""resource_zone"": ""us-central1-a"", ""vm"": ""mooc-web""}",1788608512
2026-09-27T02:49:45.945908Z,"{""command"": ""docker-proxy"", ""command_line"": ""/usr/bin/docker-proxy -proto tcp -host-ip 127.0.0.1 -host-port 8025 -container-ip 172.18.0.3 -container-port 8025 -use-listen-fd"", ""owner"": ""root"", ""pid"": ""7194"", ""process"": ""all"", ""resource_instance_id"": ""1398563761166861218"", ""resource_project_id"": ""proyecto-2-cloud-509714"", ""resource_type"": ""gce_instance"", ""resource_zone"": ""us-central1-a"", ""vm"": ""mooc-web""}",1788608512
2026-09-27T02:49:15.940647Z,"{""command"": ""docker-proxy"", ""command_line"": ""/usr/bin/docker-proxy -proto tcp -host-ip 127.0.0.1 -host-port 8025 -container-ip 172.18.0.3 -container-port 8025 -use-listen-fd"", ""owner"": ""root"", ""pid"": ""7194"", ""process"": ""all"", ""resource_instance_id"": ""1398563761166861218"", ""resource_project_id"": ""proyecto-2-cloud-509714"", ""resource_type"": ""gce_instance"", ""resource_zone"": ""us-central1-a"", ""vm"": ""mooc-web""}",1788608512
2026-09-27T02:48:45.941253Z,"{""command"": ""docker-proxy"", ""command_line"": ""/usr/bin/docker-proxy -proto tcp -host-ip 127.0.0.1 -host-port 8025 -container-ip 172.18.0.3 -container-port 8025 -use-listen-fd"", ""owner"": ""root"", ""pid"": ""7194"", ""process"": ""all"", ""resource_instance_id"": ""1398563761166861218"", ""resource_project_id"": ""proyecto-2-cloud-509714"", ""resource_type"": ""gce_instance"", ""resource_zone"": ""us-central1-a"", ""vm"": ""mooc-web""}",1788608512
2026-09-27T02:48:15.953213Z,"{""command"": ""docker-proxy"", ""command_line"": ""/usr/bin/docker-proxy -proto tcp -host-ip 127.0.0.1 -host-port 8025 -container-ip 172.18.0.3 -container-port 8025 -use-listen-fd"", ""owner"": ""root"", ""pid"": ""7194"", ""process"": ""all"", ""resource_instance_id"": ""1398563761166861218"", ""resource_project_id"": ""proyecto-2-cloud-509714"", ""resource_type"": ""gce_instance"", ""resource_zone"": ""us-central1-a"", ""vm"": ""mooc-web""}",1788608512
2026-09-27T02:47:45.942818Z,"{""command"": ""docker-proxy"", ""command_line"": ""/usr/bin/docker-proxy -proto tcp -host-ip 127.0.0.1 -host-port 8025 -container-ip 172.18.0.3 -container-port 8025 -use-listen-fd"", ""owner"": ""root"", ""pid"": ""7194"", ""process"": ""all"", ""resource_instance_id"": ""1398563761166861218"", ""resource_project_id"": ""proyecto-2-cloud-509714"", ""resource_type"": ""gce_instance"", ""resource_zone"": ""us-central1-a"", ""vm"": ""mooc-web""}",1788608512
2026-09-27T02:47:15.940919Z,"{""command"": ""docker-proxy"", ""command_line"": ""/usr/bin/docker-proxy -proto tcp -host-ip 127.0.0.1 -host-port 8025 -container-ip 172.18.0.3 -container-port 8025 -use-listen-fd"", ""owner"": ""root"", ""pid"": ""7194"", ""process"": ""all"", ""resource_instance_id"": ""1398563761166861218"", ""resource_project_id"": ""proyecto-2-cloud-509714"", ""resource_type"": ""gce_instance"", ""resource_zone"": ""us-central1-a"", ""vm"": ""mooc-web""}",1788608512
2026-09-27T02:46:45.944304Z,"{""command"": ""docker-proxy"", ""command_line"": ""/usr/bin/docker-proxy -proto tcp -host-ip 127.0.0.1 -host-port 8025 -container-ip 172.18.0.3 -container-port 8025 -use-listen-fd"", ""owner"": ""root"", ""pid"": ""7194"", ""process"": ""all"", ""resource_instance_id"": ""1398563761166861218"", ""resource_project_id"": ""proyecto-2-cloud-509714"", ""resource_type"": ""gce_instance"", ""resource_zone"": ""us-central1-a"", ""vm"": ""mooc-web""}",1788608512
2026-09-27T02:46:15.941668Z,"{""command"": ""docker-proxy"", ""command_line"": ""/usr/bin/docker-proxy -proto tcp -host-ip 127.0.0.1 -host-port 8025 -container-ip 172.18.0.3 -container-port 8025 -use-listen-fd"", ""owner"": ""root"", ""pid"": ""7194"", ""process"": ""all"", ""resource_instance_id"": ""1398563761166861218"", ""resource_project_id"": ""proyecto-2-cloud-509714"", ""resource_type"": ""gce_instance"", ""resource_zone"": ""us-central1-a"", ""vm"": ""mooc-web""}",1788608512
2026-09-27T02:45:45.948745Z,"{""command"": ""docker-proxy"", ""command_line"": ""/usr/bin/docker-proxy -proto tcp -host-ip 127.0.0.1 -host-port 8025 -container-ip 172.18.0.3 -container-port 8025 -use-listen-fd"", ""owner"": ""root"", ""pid"": ""7194"", ""process"": ""all"", ""resource_instance_id"": ""1398563761166861218"", ""resource_project_id"": ""proyecto-2-cloud-509714"", ""resource_type"": ""gce_instance"", ""resource_zone"": ""us-central1-a"", ""vm"": ""mooc-web""}",1788608512
2026-09-27T02:45:15.946101Z,"{""command"": ""docker-proxy"", ""command_line"": ""/usr/bin/docker-proxy -proto tcp -host-ip 127.0.0.1 -host-port 8025 -container-ip 172.18.0.3 -container-port 8025 -use-listen-fd"", ""owner"": ""root"", ""pid"": ""7194"", ""process"": ""all"", ""resource_instance_id"": ""1398563761166861218"", ""resource_project_id"": ""proyecto-2-cloud-509714"", ""resource_type"": ""gce_instance"", ""resource_zone"": ""us-central1-a"", ""vm"": ""mooc-web""}",1788608512
2026-09-27T02:44:45.943903Z,"{""command"": ""docker-proxy"", ""command_line"": ""/usr/bin/docker-proxy -proto tcp -host-ip 127.0.0.1 -host-port 8025 -container-ip 172.18.0.3 -container-port 8025 -use-listen-fd"", ""owner"": ""root"", ""pid"": ""7194"", ""process"": ""all"", ""resource_instance_id"": ""1398563761166861218"", ""resource_project_id"": ""proyecto-2-cloud-509714"", ""resource_type"": ""gce_instance"", ""resource_zone"": ""us-central1-a"", ""vm"": ""mooc-web""}",1788608512
2026-09-27T02:44:15.942412Z,"{""command"": ""docker-proxy"", ""command_line"": ""/usr/bin/docker-proxy -proto tcp -host-ip 127.0.0.1 -host-port 8025 -container-ip 172.18.0.3 -container-port 8025 -use-listen-fd"", ""owner"": ""root"", ""pid"": ""7194"", ""process"": ""all"", ""resource_instance_id"": ""1398563761166861218"", ""resource_project_id"": ""proyecto-2-cloud-509714"", ""resource_type"": ""gce_instance"", ""resource_zone"": ""us-central1-a"", ""vm"": ""mooc-web""}",1788608512
2026-09-27T02:43:45.941844Z,"{""command"": ""docker-proxy"", ""command_line"": ""/usr/bin/docker-proxy -proto tcp -host-ip 127.0.0.1 -host-port 8025 -container-ip 172.18.0.3 -container-port 8025 -use-listen-fd"", ""owner"": ""root"", ""pid"": ""7194"", ""process"": ""all"", ""resource_instance_id"": ""1398563761166861218"", ""resource_project_id"": ""proyecto-2-cloud-509714"", ""resource_type"": ""gce_instance"", ""resource_zone"": ""us-central1-a"", ""vm"": ""mooc-web""}",1788608512
2026-09-27T02:43:15.941485Z,"{""command"": ""docker-proxy"", ""command_line"": ""/usr/bin/docker-proxy -proto tcp -host-ip 127.0.0.1 -host-port 8025 -container-ip 172.18.0.3 -container-port 8025 -use-listen-fd"", ""owner"": ""root"", ""pid"": ""7194"", ""process"": ""all"", ""resource_instance_id"": ""1398563761166861218"", ""resource_project_id"": ""proyecto-2-cloud-509714"", ""resource_type"": ""gce_instance"", ""resource_zone"": ""us-central1-a"", ""vm"": ""mooc-web""}",1788608512
2026-09-27T02:42:45.949135Z,"{""command"": ""docker-proxy"", ""command_line"": ""/usr/bin/docker-proxy -proto tcp -host-ip 127.0.0.1 -host-port 8025 -container-ip 172.18.0.3 -container-port 8025 -use-listen-fd"", ""owner"": ""root"", ""pid"": ""7194"", ""process"": ""all"", ""resource_instance_id"": ""1398563761166861218"", ""resource_project_id"": ""proyecto-2-cloud-509714"", ""resource_type"": ""gce_instance"", ""resource_zone"": ""us-central1-a"", ""vm"": ""mooc-web""}",1788608512
2026-09-27T02:42:15.942902Z,"{""command"": ""docker-proxy"", ""command_line"": ""/usr/bin/docker-proxy -proto tcp -host-ip 127.0.0.1 -host-port 8025 -container-ip 172.18.0.3 -container-port 8025 -use-listen-fd"", ""owner"": ""root"", ""pid"": ""7194"", ""process"": ""all"", ""resource_instance_id"": ""1398563761166861218"", ""resource_project_id"": ""proyecto-2-cloud-509714"", ""resource_type"": ""gce_instance"", ""resource_zone"": ""us-central1-a"", ""vm"": ""mooc-web""}",1788608512
2026-09-27T02:41:45.943131Z,"{""command"": ""docker-proxy"", ""command_line"": ""/usr/bin/docker-proxy -proto tcp -host-ip 127.0.0.1 -host-port 8025 -container-ip 172.18.0.3 -container-port 8025 -use-listen-fd"", ""owner"": ""root"", ""pid"": ""7194"", ""process"": ""all"", ""resource_instance_id"": ""1398563761166861218"", ""resource_project_id"": ""proyecto-2-cloud-509714"", ""resource_type"": ""gce_instance"", ""resource_zone"": ""us-central1-a"", ""vm"": ""mooc-web""}",1788608512
2026-09-27T02:41:15.943051Z,"{""command"": ""docker-proxy"", ""command_line"": ""/usr/bin/docker-proxy -proto tcp -host-ip 127.0.0.1 -host-port 8025 -container-ip 172.18.0.3 -container-port 8025 -use-listen-fd"", ""owner"": ""root"", ""pid"": ""7194"", ""process"": ""all"", ""resource_instance_id"": ""1398563761166861218"", ""resource_project_id"": ""proyecto-2-cloud-509714"", ""resource_type"": ""gce_instance"", ""resource_zone"": ""us-central1-a"", ""vm"": ""mooc-web""}",1788608512
2026-09-27T02:40:45.943691Z,"{""command"": ""docker-proxy"", ""command_line"": ""/usr/bin/docker-proxy -proto tcp -host-ip 127.0.0.1 -host-port 8025 -container-ip 172.18.0.3 -container-port 8025 -use-listen-fd"", ""owner"": ""root"", ""pid"": ""7194"", ""process"": ""all"", ""resource_instance_id"": ""1398563761166861218"", ""resource_project_id"": ""proyecto-2-cloud-509714"", ""resource_type"": ""gce_instance"", ""resource_zone"": ""us-central1-a"", ""vm"": ""mooc-web""}",1788608512
2026-09-27T02:40:15.941808Z,"{""command"": ""docker-proxy"", ""command_line"": ""/usr/bin/docker-proxy -proto tcp -host-ip 127.0.0.1 -host-port 8025 -container-ip 172.18.0.3 -container-port 8025 -use-listen-fd"", ""owner"": ""root"", ""pid"": ""7194"", ""process"": ""all"", ""resource_instance_id"": ""1398563761166861218"", ""resource_project_id"": ""proyecto-2-cloud-509714"", ""resource_type"": ""gce_instance"", ""resource_zone"": ""us-central1-a"", ""vm"": ""mooc-web""}",1788608512
2026-09-27T02:39:45.944273Z,"{""command"": ""docker-proxy"", ""command_line"": ""/usr/bin/docker-proxy -proto tcp -host-ip 127.0.0.1 -host-port 8025 -container-ip 172.18.0.3 -container-port 8025 -use-listen-fd"", ""owner"": ""root"", ""pid"": ""7194"", ""process"": ""all"", ""resource_instance_id"": ""1398563761166861218"", ""resource_project_id"": ""proyecto-2-cloud-509714"", ""resource_type"": ""gce_instance"", ""resource_zone"": ""us-central1-a"", ""vm"": ""mooc-web""}",1788608512
2026-09-27T02:39:15.959538Z,"{""command"": ""docker-proxy"", ""command_line"": ""/usr/bin/docker-proxy -proto tcp -host-ip 127.0.0.1 -host-port 8025 -container-ip 172.18.0.3 -container-port 8025 -use-listen-fd"", ""owner"": ""root"", ""pid"": ""7194"", ""process"": ""all"", ""resource_instance_id"": ""1398563761166861218"", ""resource_project_id"": ""proyecto-2-cloud-509714"", ""resource_type"": ""gce_instance"", ""resource_zone"": ""us-central1-a"", ""vm"": ""mooc-web""}",1788608512
2026-09-27T02:49:45.945746Z,"{""command"": ""docker-proxy"", ""command_line"": ""/usr/bin/docker-proxy -proto tcp -host-ip 127.0.0.1 -host-port 8080 -container-ip 172.18.0.2 -container-port 8080 -use-listen-fd"", ""owner"": ""root"", ""pid"": ""7099"", ""process"": ""all"", ""resource_instance_id"": ""1398563761166861218"", ""resource_project_id"": ""proyecto-2-cloud-509714"", ""resource_type"": ""gce_instance"", ""resource_zone"": ""us-central1-a"", ""vm"": ""mooc-web""}",1704787968
2026-09-27T02:49:15.940485Z,"{""command"": ""docker-proxy"", ""command_line"": ""/usr/bin/docker-proxy -proto tcp -host-ip 127.0.0.1 -host-port 8080 -container-ip 172.18.0.2 -container-port 8080 -use-listen-fd"", ""owner"": ""root"", ""pid"": ""7099"", ""process"": ""all"", ""resource_instance_id"": ""1398563761166861218"", ""resource_project_id"": ""proyecto-2-cloud-509714"", ""resource_type"": ""gce_instance"", ""resource_zone"": ""us-central1-a"", ""vm"": ""mooc-web""}",1704787968
2026-09-27T02:48:45.941092Z,"{""command"": ""docker-proxy"", ""command_line"": ""/usr/bin/docker-proxy -proto tcp -host-ip 127.0.0.1 -host-port 8080 -container-ip 172.18.0.2 -container-port 8080 -use-listen-fd"", ""owner"": ""root"", ""pid"": ""7099"", ""process"": ""all"", ""resource_instance_id"": ""1398563761166861218"", ""resource_project_id"": ""proyecto-2-cloud-509714"", ""resource_type"": ""gce_instance"", ""resource_zone"": ""us-central1-a"", ""vm"": ""mooc-web""}",1704787968
2026-09-27T02:48:15.953041Z,"{""command"": ""docker-proxy"", ""command_line"": ""/usr/bin/docker-proxy -proto tcp -host-ip 127.0.0.1 -host-port 8080 -container-ip 172.18.0.2 -container-port 8080 -use-listen-fd"", ""owner"": ""root"", ""pid"": ""7099"", ""process"": ""all"", ""resource_instance_id"": ""1398563761166861218"", ""resource_project_id"": ""proyecto-2-cloud-509714"", ""resource_type"": ""gce_instance"", ""resource_zone"": ""us-central1-a"", ""vm"": ""mooc-web""}",1704787968
2026-09-27T02:47:45.942586Z,"{""command"": ""docker-proxy"", ""command_line"": ""/usr/bin/docker-proxy -proto tcp -host-ip 127.0.0.1 -host-port 8080 -container-ip 172.18.0.2 -container-port 8080 -use-listen-fd"", ""owner"": ""root"", ""pid"": ""7099"", ""process"": ""all"", ""resource_instance_id"": ""1398563761166861218"", ""resource_project_id"": ""proyecto-2-cloud-509714"", ""resource_type"": ""gce_instance"", ""resource_zone"": ""us-central1-a"", ""vm"": ""mooc-web""}",1704787968
2026-09-27T02:47:15.940675Z,"{""command"": ""docker-proxy"", ""command_line"": ""/usr/bin/docker-proxy -proto tcp -host-ip 127.0.0.1 -host-port 8080 -container-ip 172.18.0.2 -container-port 8080 -use-listen-fd"", ""owner"": ""root"", ""pid"": ""7099"", ""process"": ""all"", ""resource_instance_id"": ""1398563761166861218"", ""resource_project_id"": ""proyecto-2-cloud-509714"", ""resource_type"": ""gce_instance"", ""resource_zone"": ""us-central1-a"", ""vm"": ""mooc-web""}",1704787968
2026-09-27T02:46:45.944007Z,"{""command"": ""docker-proxy"", ""command_line"": ""/usr/bin/docker-proxy -proto tcp -host-ip 127.0.0.1 -host-port 8080 -container-ip 172.18.0.2 -container-port 8080 -use-listen-fd"", ""owner"": ""root"", ""pid"": ""7099"", ""process"": ""all"", ""resource_instance_id"": ""1398563761166861218"", ""resource_project_id"": ""proyecto-2-cloud-509714"", ""resource_type"": ""gce_instance"", ""resource_zone"": ""us-central1-a"", ""vm"": ""mooc-web""}",1704787968
2026-09-27T02:46:15.941440Z,"{""command"": ""docker-proxy"", ""command_line"": ""/usr/bin/docker-proxy -proto tcp -host-ip 127.0.0.1 -host-port 8080 -container-ip 172.18.0.2 -container-port 8080 -use-listen-fd"", ""owner"": ""root"", ""pid"": ""7099"", ""process"": ""all"", ""resource_instance_id"": ""1398563761166861218"", ""resource_project_id"": ""proyecto-2-cloud-509714"", ""resource_type"": ""gce_instance"", ""resource_zone"": ""us-central1-a"", ""vm"": ""mooc-web""}",1704787968
2026-09-27T02:45:45.948439Z,"{""command"": ""docker-proxy"", ""command_line"": ""/usr/bin/docker-proxy -proto tcp -host-ip 127.0.0.1 -host-port 8080 -container-ip 172.18.0.2 -container-port 8080 -use-listen-fd"", ""owner"": ""root"", ""pid"": ""7099"", ""process"": ""all"", ""resource_instance_id"": ""1398563761166861218"", ""resource_project_id"": ""proyecto-2-cloud-509714"", ""resource_type"": ""gce_instance"", ""resource_zone"": ""us-central1-a"", ""vm"": ""mooc-web""}",1704787968
2026-09-27T02:45:15.945914Z,"{""command"": ""docker-proxy"", ""command_line"": ""/usr/bin/docker-proxy -proto tcp -host-ip 127.0.0.1 -host-port 8080 -container-ip 172.18.0.2 -container-port 8080 -use-listen-fd"", ""owner"": ""root"", ""pid"": ""7099"", ""process"": ""all"", ""resource_instance_id"": ""1398563761166861218"", ""resource_project_id"": ""proyecto-2-cloud-509714"", ""resource_type"": ""gce_instance"", ""resource_zone"": ""us-central1-a"", ""vm"": ""mooc-web""}",1704787968
2026-09-27T02:44:45.943726Z,"{""command"": ""docker-proxy"", ""command_line"": ""/usr/bin/docker-proxy -proto tcp -host-ip 127.0.0.1 -host-port 8080 -container-ip 172.18.0.2 -container-port 8080 -use-listen-fd"", ""owner"": ""root"", ""pid"": ""7099"", ""process"": ""all"", ""resource_instance_id"": ""1398563761166861218"", ""resource_project_id"": ""proyecto-2-cloud-509714"", ""resource_type"": ""gce_instance"", ""resource_zone"": ""us-central1-a"", ""vm"": ""mooc-web""}",1704787968
2026-09-27T02:44:15.942254Z,"{""command"": ""docker-proxy"", ""command_line"": ""/usr/bin/docker-proxy -proto tcp -host-ip 127.0.0.1 -host-port 8080 -container-ip 172.18.0.2 -container-port 8080 -use-listen-fd"", ""owner"": ""root"", ""pid"": ""7099"", ""process"": ""all"", ""resource_instance_id"": ""1398563761166861218"", ""resource_project_id"": ""proyecto-2-cloud-509714"", ""resource_type"": ""gce_instance"", ""resource_zone"": ""us-central1-a"", ""vm"": ""mooc-web""}",1704787968
2026-09-27T02:43:45.941544Z,"{""command"": ""docker-proxy"", ""command_line"": ""/usr/bin/docker-proxy -proto tcp -host-ip 127.0.0.1 -host-port 8080 -container-ip 172.18.0.2 -container-port 8080 -use-listen-fd"", ""owner"": ""root"", ""pid"": ""7099"", ""process"": ""all"", ""resource_instance_id"": ""1398563761166861218"", ""resource_project_id"": ""proyecto-2-cloud-509714"", ""resource_type"": ""gce_instance"", ""resource_zone"": ""us-central1-a"", ""vm"": ""mooc-web""}",1704787968
2026-09-27T02:43:15.941327Z,"{""command"": ""docker-proxy"", ""command_line"": ""/usr/bin/docker-proxy -proto tcp -host-ip 127.0.0.1 -host-port 8080 -container-ip 172.18.0.2 -container-port 8080 -use-listen-fd"", ""owner"": ""root"", ""pid"": ""7099"", ""process"": ""all"", ""resource_instance_id"": ""1398563761166861218"", ""resource_project_id"": ""proyecto-2-cloud-509714"", ""resource_type"": ""gce_instance"", ""resource_zone"": ""us-central1-a"", ""vm"": ""mooc-web""}",1704787968
2026-09-27T02:42:45.948972Z,"{""command"": ""docker-proxy"", ""command_line"": ""/usr/bin/docker-proxy -proto tcp -host-ip 127.0.0.1 -host-port 8080 -container-ip 172.18.0.2 -container-port 8080 -use-listen-fd"", ""owner"": ""root"", ""pid"": ""7099"", ""process"": ""all"", ""resource_instance_id"": ""1398563761166861218"", ""resource_project_id"": ""proyecto-2-cloud-509714"", ""resource_type"": ""gce_instance"", ""resource_zone"": ""us-central1-a"", ""vm"": ""mooc-web""}",1704787968
2026-09-27T02:42:15.942652Z,"{""command"": ""docker-proxy"", ""command_line"": ""/usr/bin/docker-proxy -proto tcp -host-ip 127.0.0.1 -host-port 8080 -container-ip 172.18.0.2 -container-port 8080 -use-listen-fd"", ""owner"": ""root"", ""pid"": ""7099"", ""process"": ""all"", ""resource_instance_id"": ""1398563761166861218"", ""resource_project_id"": ""proyecto-2-cloud-509714"", ""resource_type"": ""gce_instance"", ""resource_zone"": ""us-central1-a"", ""vm"": ""mooc-web""}",1704787968
2026-09-27T02:41:45.942902Z,"{""command"": ""docker-proxy"", ""command_line"": ""/usr/bin/docker-proxy -proto tcp -host-ip 127.0.0.1 -host-port 8080 -container-ip 172.18.0.2 -container-port 8080 -use-listen-fd"", ""owner"": ""root"", ""pid"": ""7099"", ""process"": ""all"", ""resource_instance_id"": ""1398563761166861218"", ""resource_project_id"": ""proyecto-2-cloud-509714"", ""resource_type"": ""gce_instance"", ""resource_zone"": ""us-central1-a"", ""vm"": ""mooc-web""}",1704787968
2026-09-27T02:41:15.942839Z,"{""command"": ""docker-proxy"", ""command_line"": ""/usr/bin/docker-proxy -proto tcp -host-ip 127.0.0.1 -host-port 8080 -container-ip 172.18.0.2 -container-port 8080 -use-listen-fd"", ""owner"": ""root"", ""pid"": ""7099"", ""process"": ""all"", ""resource_instance_id"": ""1398563761166861218"", ""resource_project_id"": ""proyecto-2-cloud-509714"", ""resource_type"": ""gce_instance"", ""resource_zone"": ""us-central1-a"", ""vm"": ""mooc-web""}",1704787968
2026-09-27T02:40:45.943528Z,"{""command"": ""docker-proxy"", ""command_line"": ""/usr/bin/docker-proxy -proto tcp -host-ip 127.0.0.1 -host-port 8080 -container-ip 172.18.0.2 -container-port 8080 -use-listen-fd"", ""owner"": ""root"", ""pid"": ""7099"", ""process"": ""all"", ""resource_instance_id"": ""1398563761166861218"", ""resource_project_id"": ""proyecto-2-cloud-509714"", ""resource_type"": ""gce_instance"", ""resource_zone"": ""us-central1-a"", ""vm"": ""mooc-web""}",1704787968
2026-09-27T02:40:15.941654Z,"{""command"": ""docker-proxy"", ""command_line"": ""/usr/bin/docker-proxy -proto tcp -host-ip 127.0.0.1 -host-port 8080 -container-ip 172.18.0.2 -container-port 8080 -use-listen-fd"", ""owner"": ""root"", ""pid"": ""7099"", ""process"": ""all"", ""resource_instance_id"": ""1398563761166861218"", ""resource_project_id"": ""proyecto-2-cloud-509714"", ""resource_type"": ""gce_instance"", ""resource_zone"": ""us-central1-a"", ""vm"": ""mooc-web""}",1704787968
2026-09-27T02:39:45.944099Z,"{""command"": ""docker-proxy"", ""command_line"": ""/usr/bin/docker-proxy -proto tcp -host-ip 127.0.0.1 -host-port 8080 -container-ip 172.18.0.2 -container-port 8080 -use-listen-fd"", ""owner"": ""root"", ""pid"": ""7099"", ""process"": ""all"", ""resource_instance_id"": ""1398563761166861218"", ""resource_project_id"": ""proyecto-2-cloud-509714"", ""resource_type"": ""gce_instance"", ""resource_zone"": ""us-central1-a"", ""vm"": ""mooc-web""}",1704787968
2026-09-27T02:39:15.959350Z,"{""command"": ""docker-proxy"", ""command_line"": ""/usr/bin/docker-proxy -proto tcp -host-ip 127.0.0.1 -host-port 8080 -container-ip 172.18.0.2 -container-port 8080 -use-listen-fd"", ""owner"": ""root"", ""pid"": ""7099"", ""process"": ""all"", ""resource_instance_id"": ""1398563761166861218"", ""resource_project_id"": ""proyecto-2-cloud-509714"", ""resource_type"": ""gce_instance"", ""resource_zone"": ""us-central1-a"", ""vm"": ""mooc-web""}",1637343232
2026-09-27T02:49:45.946228Z,"{""command"": ""docker-proxy"", ""command_line"": ""/usr/bin/docker-proxy -proto tcp -host-ip :: -host-port 443 -container-ip 172.18.0.4 -container-port 443 -use-listen-fd"", ""owner"": ""root"", ""pid"": ""7330"", ""process"": ""all"", ""resource_instance_id"": ""1398563761166861218"", ""resource_project_id"": ""proyecto-2-cloud-509714"", ""resource_type"": ""gce_instance"", ""resource_zone"": ""us-central1-a"", ""vm"": ""mooc-web""}",1713106944
2026-09-27T02:49:15.941016Z,"{""command"": ""docker-proxy"", ""command_line"": ""/usr/bin/docker-proxy -proto tcp -host-ip :: -host-port 443 -container-ip 172.18.0.4 -container-port 443 -use-listen-fd"", ""owner"": ""root"", ""pid"": ""7330"", ""process"": ""all"", ""resource_instance_id"": ""1398563761166861218"", ""resource_project_id"": ""proyecto-2-cloud-509714"", ""resource_type"": ""gce_instance"", ""resource_zone"": ""us-central1-a"", ""vm"": ""mooc-web""}",1713106944
2026-09-27T02:48:45.941598Z,"{""command"": ""docker-proxy"", ""command_line"": ""/usr/bin/docker-proxy -proto tcp -host-ip :: -host-port 443 -container-ip 172.18.0.4 -container-port 443 -use-listen-fd"", ""owner"": ""root"", ""pid"": ""7330"", ""process"": ""all"", ""resource_instance_id"": ""1398563761166861218"", ""resource_project_id"": ""proyecto-2-cloud-509714"", ""resource_type"": ""gce_instance"", ""resource_zone"": ""us-central1-a"", ""vm"": ""mooc-web""}",1713106944
2026-09-27T02:48:15.953583Z,"{""command"": ""docker-proxy"", ""command_line"": ""/usr/bin/docker-proxy -proto tcp -host-ip :: -host-port 443 -container-ip 172.18.0.4 -container-port 443 -use-listen-fd"", ""owner"": ""root"", ""pid"": ""7330"", ""process"": ""all"", ""resource_instance_id"": ""1398563761166861218"", ""resource_project_id"": ""proyecto-2-cloud-509714"", ""resource_type"": ""gce_instance"", ""resource_zone"": ""us-central1-a"", ""vm"": ""mooc-web""}",1713106944
2026-09-27T02:47:45.943255Z,"{""command"": ""docker-proxy"", ""command_line"": ""/usr/bin/docker-proxy -proto tcp -host-ip :: -host-port 443 -container-ip 172.18.0.4 -container-port 443 -use-listen-fd"", ""owner"": ""root"", ""pid"": ""7330"", ""process"": ""all"", ""resource_instance_id"": ""1398563761166861218"", ""resource_project_id"": ""proyecto-2-cloud-509714"", ""resource_type"": ""gce_instance"", ""resource_zone"": ""us-central1-a"", ""vm"": ""mooc-web""}",1713106944
2026-09-27T02:47:15.941413Z,"{""command"": ""docker-proxy"", ""command_line"": ""/usr/bin/docker-proxy -proto tcp -host-ip :: -host-port 443 -container-ip 172.18.0.4 -container-port 443 -use-listen-fd"", ""owner"": ""root"", ""pid"": ""7330"", ""process"": ""all"", ""resource_instance_id"": ""1398563761166861218"", ""resource_project_id"": ""proyecto-2-cloud-509714"", ""resource_type"": ""gce_instance"", ""resource_zone"": ""us-central1-a"", ""vm"": ""mooc-web""}",1713106944
2026-09-27T02:46:45.944895Z,"{""command"": ""docker-proxy"", ""command_line"": ""/usr/bin/docker-proxy -proto tcp -host-ip :: -host-port 443 -container-ip 172.18.0.4 -container-port 443 -use-listen-fd"", ""owner"": ""root"", ""pid"": ""7330"", ""process"": ""all"", ""resource_instance_id"": ""1398563761166861218"", ""resource_project_id"": ""proyecto-2-cloud-509714"", ""resource_type"": ""gce_instance"", ""resource_zone"": ""us-central1-a"", ""vm"": ""mooc-web""}",1713106944
2026-09-27T02:46:15.942137Z,"{""command"": ""docker-proxy"", ""command_line"": ""/usr/bin/docker-proxy -proto tcp -host-ip :: -host-port 443 -container-ip 172.18.0.4 -container-port 443 -use-listen-fd"", ""owner"": ""root"", ""pid"": ""7330"", ""process"": ""all"", ""resource_instance_id"": ""1398563761166861218"", ""resource_project_id"": ""proyecto-2-cloud-509714"", ""resource_type"": ""gce_instance"", ""resource_zone"": ""us-central1-a"", ""vm"": ""mooc-web""}",1713106944
2026-09-27T02:45:45.949318Z,"{""command"": ""docker-proxy"", ""command_line"": ""/usr/bin/docker-proxy -proto tcp -host-ip :: -host-port 443 -container-ip 172.18.0.4 -container-port 443 -use-listen-fd"", ""owner"": ""root"", ""pid"": ""7330"", ""process"": ""all"", ""resource_instance_id"": ""1398563761166861218"", ""resource_project_id"": ""proyecto-2-cloud-509714"", ""resource_type"": ""gce_instance"", ""resource_zone"": ""us-central1-a"", ""vm"": ""mooc-web""}",1713106944
2026-09-27T02:45:15.946481Z,"{""command"": ""docker-proxy"", ""command_line"": ""/usr/bin/docker-proxy -proto tcp -host-ip :: -host-port 443 -container-ip 172.18.0.4 -container-port 443 -use-listen-fd"", ""owner"": ""root"", ""pid"": ""7330"", ""process"": ""all"", ""resource_instance_id"": ""1398563761166861218"", ""resource_project_id"": ""proyecto-2-cloud-509714"", ""resource_type"": ""gce_instance"", ""resource_zone"": ""us-central1-a"", ""vm"": ""mooc-web""}",1713106944
2026-09-27T02:44:45.944305Z,"{""command"": ""docker-proxy"", ""command_line"": ""/usr/bin/docker-proxy -proto tcp -host-ip :: -host-port 443 -container-ip 172.18.0.4 -container-port 443 -use-listen-fd"", ""owner"": ""root"", ""pid"": ""7330"", ""process"": ""all"", ""resource_instance_id"": ""1398563761166861218"", ""resource_project_id"": ""proyecto-2-cloud-509714"", ""resource_type"": ""gce_instance"", ""resource_zone"": ""us-central1-a"", ""vm"": ""mooc-web""}",1713106944
2026-09-27T02:44:15.942720Z,"{""command"": ""docker-proxy"", ""command_line"": ""/usr/bin/docker-proxy -proto tcp -host-ip :: -host-port 443 -container-ip 172.18.0.4 -container-port 443 -use-listen-fd"", ""owner"": ""root"", ""pid"": ""7330"", ""process"": ""all"", ""resource_instance_id"": ""1398563761166861218"", ""resource_project_id"": ""proyecto-2-cloud-509714"", ""resource_type"": ""gce_instance"", ""resource_zone"": ""us-central1-a"", ""vm"": ""mooc-web""}",1713106944
2026-09-27T02:43:45.942349Z,"{""command"": ""docker-proxy"", ""command_line"": ""/usr/bin/docker-proxy -proto tcp -host-ip :: -host-port 443 -container-ip 172.18.0.4 -container-port 443 -use-listen-fd"", ""owner"": ""root"", ""pid"": ""7330"", ""process"": ""all"", ""resource_instance_id"": ""1398563761166861218"", ""resource_project_id"": ""proyecto-2-cloud-509714"", ""resource_type"": ""gce_instance"", ""resource_zone"": ""us-central1-a"", ""vm"": ""mooc-web""}",1713106944
2026-09-27T02:43:15.941809Z,"{""command"": ""docker-proxy"", ""command_line"": ""/usr/bin/docker-proxy -proto tcp -host-ip :: -host-port 443 -container-ip 172.18.0.4 -container-port 443 -use-listen-fd"", ""owner"": ""root"", ""pid"": ""7330"", ""process"": ""all"", ""resource_instance_id"": ""1398563761166861218"", ""resource_project_id"": ""proyecto-2-cloud-509714"", ""resource_type"": ""gce_instance"", ""resource_zone"": ""us-central1-a"", ""vm"": ""mooc-web""}",1713106944
2026-09-27T02:42:45.949453Z,"{""command"": ""docker-proxy"", ""command_line"": ""/usr/bin/docker-proxy -proto tcp -host-ip :: -host-port 443 -container-ip 172.18.0.4 -container-port 443 -use-listen-fd"", ""owner"": ""root"", ""pid"": ""7330"", ""process"": ""all"", ""resource_instance_id"": ""1398563761166861218"", ""resource_project_id"": ""proyecto-2-cloud-509714"", ""resource_type"": ""gce_instance"", ""resource_zone"": ""us-central1-a"", ""vm"": ""mooc-web""}",1713106944
2026-09-27T02:42:15.943419Z,"{""command"": ""docker-proxy"", ""command_line"": ""/usr/bin/docker-proxy -proto tcp -host-ip :: -host-port 443 -container-ip 172.18.0.4 -container-port 443 -use-listen-fd"", ""owner"": ""root"", ""pid"": ""7330"", ""process"": ""all"", ""resource_instance_id"": ""1398563761166861218"", ""resource_project_id"": ""proyecto-2-cloud-509714"", ""resource_type"": ""gce_instance"", ""resource_zone"": ""us-central1-a"", ""vm"": ""mooc-web""}",1713106944
2026-09-27T02:41:45.943450Z,"{""command"": ""docker-proxy"", ""command_line"": ""/usr/bin/docker-proxy -proto tcp -host-ip :: -host-port 443 -container-ip 172.18.0.4 -container-port 443 -use-listen-fd"", ""owner"": ""root"", ""pid"": ""7330"", ""process"": ""all"", ""resource_instance_id"": ""1398563761166861218"", ""resource_project_id"": ""proyecto-2-cloud-509714"", ""resource_type"": ""gce_instance"", ""resource_zone"": ""us-central1-a"", ""vm"": ""mooc-web""}",1713106944
2026-09-27T02:41:15.943455Z,"{""command"": ""docker-proxy"", ""command_line"": ""/usr/bin/docker-proxy -proto tcp -host-ip :: -host-port 443 -container-ip 172.18.0.4 -container-port 443 -use-listen-fd"", ""owner"": ""root"", ""pid"": ""7330"", ""process"": ""all"", ""resource_instance_id"": ""1398563761166861218"", ""resource_project_id"": ""proyecto-2-cloud-509714"", ""resource_type"": ""gce_instance"", ""resource_zone"": ""us-central1-a"", ""vm"": ""mooc-web""}",1713106944
2026-09-27T02:40:45.944028Z,"{""command"": ""docker-proxy"", ""command_line"": ""/usr/bin/docker-proxy -proto tcp -host-ip :: -host-port 443 -container-ip 172.18.0.4 -container-port 443 -use-listen-fd"", ""owner"": ""root"", ""pid"": ""7330"", ""process"": ""all"", ""resource_instance_id"": ""1398563761166861218"", ""resource_project_id"": ""proyecto-2-cloud-509714"", ""resource_type"": ""gce_instance"", ""resource_zone"": ""us-central1-a"", ""vm"": ""mooc-web""}",1713106944
2026-09-27T02:40:15.942131Z,"{""command"": ""docker-proxy"", ""command_line"": ""/usr/bin/docker-proxy -proto tcp -host-ip :: -host-port 443 -container-ip 172.18.0.4 -container-port 443 -use-listen-fd"", ""owner"": ""root"", ""pid"": ""7330"", ""process"": ""all"", ""resource_instance_id"": ""1398563761166861218"", ""resource_project_id"": ""proyecto-2-cloud-509714"", ""resource_type"": ""gce_instance"", ""resource_zone"": ""us-central1-a"", ""vm"": ""mooc-web""}",1713106944
2026-09-27T02:39:45.944657Z,"{""command"": ""docker-proxy"", ""command_line"": ""/usr/bin/docker-proxy -proto tcp -host-ip :: -host-port 443 -container-ip 172.18.0.4 -container-port 443 -use-listen-fd"", ""owner"": ""root"", ""pid"": ""7330"", ""process"": ""all"", ""resource_instance_id"": ""1398563761166861218"", ""resource_project_id"": ""proyecto-2-cloud-509714"", ""resource_type"": ""gce_instance"", ""resource_zone"": ""us-central1-a"", ""vm"": ""mooc-web""}",1713106944
2026-09-27T02:39:15.959932Z,"{""command"": ""docker-proxy"", ""command_line"": ""/usr/bin/docker-proxy -proto tcp -host-ip :: -host-port 443 -container-ip 172.18.0.4 -container-port 443 -use-listen-fd"", ""owner"": ""root"", ""pid"": ""7330"", ""process"": ""all"", ""resource_instance_id"": ""1398563761166861218"", ""resource_project_id"": ""proyecto-2-cloud-509714"", ""resource_type"": ""gce_instance"", ""resource_zone"": ""us-central1-a"", ""vm"": ""mooc-web""}",1713106944
2026-09-27T02:49:45.946124Z,"{""command"": ""docker-proxy"", ""command_line"": ""/usr/bin/docker-proxy -proto tcp -host-ip :: -host-port 80 -container-ip 172.18.0.4 -container-port 80 -use-listen-fd"", ""owner"": ""root"", ""pid"": ""7289"", ""process"": ""all"", ""resource_instance_id"": ""1398563761166861218"", ""resource_project_id"": ""proyecto-2-cloud-509714"", ""resource_type"": ""gce_instance"", ""resource_zone"": ""us-central1-a"", ""vm"": ""mooc-web""}",1637605376
2026-09-27T02:49:15.940861Z,"{""command"": ""docker-proxy"", ""command_line"": ""/usr/bin/docker-proxy -proto tcp -host-ip :: -host-port 80 -container-ip 172.18.0.4 -container-port 80 -use-listen-fd"", ""owner"": ""root"", ""pid"": ""7289"", ""process"": ""all"", ""resource_instance_id"": ""1398563761166861218"", ""resource_project_id"": ""proyecto-2-cloud-509714"", ""resource_type"": ""gce_instance"", ""resource_zone"": ""us-central1-a"", ""vm"": ""mooc-web""}",1637605376
2026-09-27T02:48:45.941486Z,"{""command"": ""docker-proxy"", ""command_line"": ""/usr/bin/docker-proxy -proto tcp -host-ip :: -host-port 80 -container-ip 172.18.0.4 -container-port 80 -use-listen-fd"", ""owner"": ""root"", ""pid"": ""7289"", ""process"": ""all"", ""resource_instance_id"": ""1398563761166861218"", ""resource_project_id"": ""proyecto-2-cloud-509714"", ""resource_type"": ""gce_instance"", ""resource_zone"": ""us-central1-a"", ""vm"": ""mooc-web""}",1637605376
2026-09-27T02:48:15.953452Z,"{""command"": ""docker-proxy"", ""command_line"": ""/usr/bin/docker-proxy -proto tcp -host-ip :: -host-port 80 -container-ip 172.18.0.4 -container-port 80 -use-listen-fd"", ""owner"": ""root"", ""pid"": ""7289"", ""process"": ""all"", ""resource_instance_id"": ""1398563761166861218"", ""resource_project_id"": ""proyecto-2-cloud-509714"", ""resource_type"": ""gce_instance"", ""resource_zone"": ""us-central1-a"", ""vm"": ""mooc-web""}",1637605376
2026-09-27T02:47:45.943121Z,"{""command"": ""docker-proxy"", ""command_line"": ""/usr/bin/docker-proxy -proto tcp -host-ip :: -host-port 80 -container-ip 172.18.0.4 -container-port 80 -use-listen-fd"", ""owner"": ""root"", ""pid"": ""7289"", ""process"": ""all"", ""resource_instance_id"": ""1398563761166861218"", ""resource_project_id"": ""proyecto-2-cloud-509714"", ""resource_type"": ""gce_instance"", ""resource_zone"": ""us-central1-a"", ""vm"": ""mooc-web""}",1637605376
2026-09-27T02:47:15.941251Z,"{""command"": ""docker-proxy"", ""command_line"": ""/usr/bin/docker-proxy -proto tcp -host-ip :: -host-port 80 -container-ip 172.18.0.4 -container-port 80 -use-listen-fd"", ""owner"": ""root"", ""pid"": ""7289"", ""process"": ""all"", ""resource_instance_id"": ""1398563761166861218"", ""resource_project_id"": ""proyecto-2-cloud-509714"", ""resource_type"": ""gce_instance"", ""resource_zone"": ""us-central1-a"", ""vm"": ""mooc-web""}",1637605376
2026-09-27T02:46:45.944729Z,"{""command"": ""docker-proxy"", ""command_line"": ""/usr/bin/docker-proxy -proto tcp -host-ip :: -host-port 80 -container-ip 172.18.0.4 -container-port 80 -use-listen-fd"", ""owner"": ""root"", ""pid"": ""7289"", ""process"": ""all"", ""resource_instance_id"": ""1398563761166861218"", ""resource_project_id"": ""proyecto-2-cloud-509714"", ""resource_type"": ""gce_instance"", ""resource_zone"": ""us-central1-a"", ""vm"": ""mooc-web""}",1637605376
2026-09-27T02:46:15.941979Z,"{""command"": ""docker-proxy"", ""command_line"": ""/usr/bin/docker-proxy -proto tcp -host-ip :: -host-port 80 -container-ip 172.18.0.4 -container-port 80 -use-listen-fd"", ""owner"": ""root"", ""pid"": ""7289"", ""process"": ""all"", ""resource_instance_id"": ""1398563761166861218"", ""resource_project_id"": ""proyecto-2-cloud-509714"", ""resource_type"": ""gce_instance"", ""resource_zone"": ""us-central1-a"", ""vm"": ""mooc-web""}",1637605376
2026-09-27T02:45:45.949075Z,"{""command"": ""docker-proxy"", ""command_line"": ""/usr/bin/docker-proxy -proto tcp -host-ip :: -host-port 80 -container-ip 172.18.0.4 -container-port 80 -use-listen-fd"", ""owner"": ""root"", ""pid"": ""7289"", ""process"": ""all"", ""resource_instance_id"": ""1398563761166861218"", ""resource_project_id"": ""proyecto-2-cloud-509714"", ""resource_type"": ""gce_instance"", ""resource_zone"": ""us-central1-a"", ""vm"": ""mooc-web""}",1637605376
2026-09-27T02:45:15.946340Z,"{""command"": ""docker-proxy"", ""command_line"": ""/usr/bin/docker-proxy -proto tcp -host-ip :: -host-port 80 -container-ip 172.18.0.4 -container-port 80 -use-listen-fd"", ""owner"": ""root"", ""pid"": ""7289"", ""process"": ""all"", ""resource_instance_id"": ""1398563761166861218"", ""resource_project_id"": ""proyecto-2-cloud-509714"", ""resource_type"": ""gce_instance"", ""resource_zone"": ""us-central1-a"", ""vm"": ""mooc-web""}",1637605376
2026-09-27T02:44:45.944179Z,"{""command"": ""docker-proxy"", ""command_line"": ""/usr/bin/docker-proxy -proto tcp -host-ip :: -host-port 80 -container-ip 172.18.0.4 -container-port 80 -use-listen-fd"", ""owner"": ""root"", ""pid"": ""7289"", ""process"": ""all"", ""resource_instance_id"": ""1398563761166861218"", ""resource_project_id"": ""proyecto-2-cloud-509714"", ""resource_type"": ""gce_instance"", ""resource_zone"": ""us-central1-a"", ""vm"": ""mooc-web""}",1637605376
2026-09-27T02:44:15.942618Z,"{""command"": ""docker-proxy"", ""command_line"": ""/usr/bin/docker-proxy -proto tcp -host-ip :: -host-port 80 -container-ip 172.18.0.4 -container-port 80 -use-listen-fd"", ""owner"": ""root"", ""pid"": ""7289"", ""process"": ""all"", ""resource_instance_id"": ""1398563761166861218"", ""resource_project_id"": ""proyecto-2-cloud-509714"", ""resource_type"": ""gce_instance"", ""resource_zone"": ""us-central1-a"", ""vm"": ""mooc-web""}",1637605376
2026-09-27T02:43:45.942185Z,"{""command"": ""docker-proxy"", ""command_line"": ""/usr/bin/docker-proxy -proto tcp -host-ip :: -host-port 80 -container-ip 172.18.0.4 -container-port 80 -use-listen-fd"", ""owner"": ""root"", ""pid"": ""7289"", ""process"": ""all"", ""resource_instance_id"": ""1398563761166861218"", ""resource_project_id"": ""proyecto-2-cloud-509714"", ""resource_type"": ""gce_instance"", ""resource_zone"": ""us-central1-a"", ""vm"": ""mooc-web""}",1637605376
2026-09-27T02:43:15.941704Z,"{""command"": ""docker-proxy"", ""command_line"": ""/usr/bin/docker-proxy -proto tcp -host-ip :: -host-port 80 -container-ip 172.18.0.4 -container-port 80 -use-listen-fd"", ""owner"": ""root"", ""pid"": ""7289"", ""process"": ""all"", ""resource_instance_id"": ""1398563761166861218"", ""resource_project_id"": ""proyecto-2-cloud-509714"", ""resource_type"": ""gce_instance"", ""resource_zone"": ""us-central1-a"", ""vm"": ""mooc-web""}",1637605376
2026-09-27T02:42:45.949345Z,"{""command"": ""docker-proxy"", ""command_line"": ""/usr/bin/docker-proxy -proto tcp -host-ip :: -host-port 80 -container-ip 172.18.0.4 -container-port 80 -use-listen-fd"", ""owner"": ""root"", ""pid"": ""7289"", ""process"": ""all"", ""resource_instance_id"": ""1398563761166861218"", ""resource_project_id"": ""proyecto-2-cloud-509714"", ""resource_type"": ""gce_instance"", ""resource_zone"": ""us-central1-a"", ""vm"": ""mooc-web""}",1637605376
2026-09-27T02:42:15.943262Z,"{""command"": ""docker-proxy"", ""command_line"": ""/usr/bin/docker-proxy -proto tcp -host-ip :: -host-port 80 -container-ip 172.18.0.4 -container-port 80 -use-listen-fd"", ""owner"": ""root"", ""pid"": ""7289"", ""process"": ""all"", ""resource_instance_id"": ""1398563761166861218"", ""resource_project_id"": ""proyecto-2-cloud-509714"", ""resource_type"": ""gce_instance"", ""resource_zone"": ""us-central1-a"", ""vm"": ""mooc-web""}",1637605376
2026-09-27T02:41:45.943340Z,"{""command"": ""docker-proxy"", ""command_line"": ""/usr/bin/docker-proxy -proto tcp -host-ip :: -host-port 80 -container-ip 172.18.0.4 -container-port 80 -use-listen-fd"", ""owner"": ""root"", ""pid"": ""7289"", ""process"": ""all"", ""resource_instance_id"": ""1398563761166861218"", ""resource_project_id"": ""proyecto-2-cloud-509714"", ""resource_type"": ""gce_instance"", ""resource_zone"": ""us-central1-a"", ""vm"": ""mooc-web""}",1637605376
2026-09-27T02:41:15.943347Z,"{""command"": ""docker-proxy"", ""command_line"": ""/usr/bin/docker-proxy -proto tcp -host-ip :: -host-port 80 -container-ip 172.18.0.4 -container-port 80 -use-listen-fd"", ""owner"": ""root"", ""pid"": ""7289"", ""process"": ""all"", ""resource_instance_id"": ""1398563761166861218"", ""resource_project_id"": ""proyecto-2-cloud-509714"", ""resource_type"": ""gce_instance"", ""resource_zone"": ""us-central1-a"", ""vm"": ""mooc-web""}",1637605376
2026-09-27T02:40:45.943919Z,"{""command"": ""docker-proxy"", ""command_line"": ""/usr/bin/docker-proxy -proto tcp -host-ip :: -host-port 80 -container-ip 172.18.0.4 -container-port 80 -use-listen-fd"", ""owner"": ""root"", ""pid"": ""7289"", ""process"": ""all"", ""resource_instance_id"": ""1398563761166861218"", ""resource_project_id"": ""proyecto-2-cloud-509714"", ""resource_type"": ""gce_instance"", ""resource_zone"": ""us-central1-a"", ""vm"": ""mooc-web""}",1637605376
2026-09-27T02:40:15.942024Z,"{""command"": ""docker-proxy"", ""command_line"": ""/usr/bin/docker-proxy -proto tcp -host-ip :: -host-port 80 -container-ip 172.18.0.4 -container-port 80 -use-listen-fd"", ""owner"": ""root"", ""pid"": ""7289"", ""process"": ""all"", ""resource_instance_id"": ""1398563761166861218"", ""resource_project_id"": ""proyecto-2-cloud-509714"", ""resource_type"": ""gce_instance"", ""resource_zone"": ""us-central1-a"", ""vm"": ""mooc-web""}",1637605376
2026-09-27T02:39:45.944548Z,"{""command"": ""docker-proxy"", ""command_line"": ""/usr/bin/docker-proxy -proto tcp -host-ip :: -host-port 80 -container-ip 172.18.0.4 -container-port 80 -use-listen-fd"", ""owner"": ""root"", ""pid"": ""7289"", ""process"": ""all"", ""resource_instance_id"": ""1398563761166861218"", ""resource_project_id"": ""proyecto-2-cloud-509714"", ""resource_type"": ""gce_instance"", ""resource_zone"": ""us-central1-a"", ""vm"": ""mooc-web""}",1637605376
2026-09-27T02:39:15.959779Z,"{""command"": ""docker-proxy"", ""command_line"": ""/usr/bin/docker-proxy -proto tcp -host-ip :: -host-port 80 -container-ip 172.18.0.4 -container-port 80 -use-listen-fd"", ""owner"": ""root"", ""pid"": ""7289"", ""process"": ""all"", ""resource_instance_id"": ""1398563761166861218"", ""resource_project_id"": ""proyecto-2-cloud-509714"", ""resource_type"": ""gce_instance"", ""resource_zone"": ""us-central1-a"", ""vm"": ""mooc-web""}",1637605376
2026-09-27T02:49:45.945021Z,"{""command"": ""dockerd"", ""command_line"": ""/usr/bin/dockerd -H fd:// --containerd=/run/containerd/containerd.sock"", ""owner"": ""root"", ""pid"": ""2377"", ""process"": ""all"", ""resource_instance_id"": ""1398563761166861218"", ""resource_project_id"": ""proyecto-2-cloud-509714"", ""resource_type"": ""gce_instance"", ""resource_zone"": ""us-central1-a"", ""vm"": ""mooc-web""}",2596814848
2026-09-27T02:49:15.939680Z,"{""command"": ""dockerd"", ""command_line"": ""/usr/bin/dockerd -H fd:// --containerd=/run/containerd/containerd.sock"", ""owner"": ""root"", ""pid"": ""2377"", ""process"": ""all"", ""resource_instance_id"": ""1398563761166861218"", ""resource_project_id"": ""proyecto-2-cloud-509714"", ""resource_type"": ""gce_instance"", ""resource_zone"": ""us-central1-a"", ""vm"": ""mooc-web""}",2596814848
2026-09-27T02:48:45.940243Z,"{""command"": ""dockerd"", ""command_line"": ""/usr/bin/dockerd -H fd:// --containerd=/run/containerd/containerd.sock"", ""owner"": ""root"", ""pid"": ""2377"", ""process"": ""all"", ""resource_instance_id"": ""1398563761166861218"", ""resource_project_id"": ""proyecto-2-cloud-509714"", ""resource_type"": ""gce_instance"", ""resource_zone"": ""us-central1-a"", ""vm"": ""mooc-web""}",2596814848
2026-09-27T02:48:15.952119Z,"{""command"": ""dockerd"", ""command_line"": ""/usr/bin/dockerd -H fd:// --containerd=/run/containerd/containerd.sock"", ""owner"": ""root"", ""pid"": ""2377"", ""process"": ""all"", ""resource_instance_id"": ""1398563761166861218"", ""resource_project_id"": ""proyecto-2-cloud-509714"", ""resource_type"": ""gce_instance"", ""resource_zone"": ""us-central1-a"", ""vm"": ""mooc-web""}",2596814848
2026-09-27T02:47:45.941277Z,"{""command"": ""dockerd"", ""command_line"": ""/usr/bin/dockerd -H fd:// --containerd=/run/containerd/containerd.sock"", ""owner"": ""root"", ""pid"": ""2377"", ""process"": ""all"", ""resource_instance_id"": ""1398563761166861218"", ""resource_project_id"": ""proyecto-2-cloud-509714"", ""resource_type"": ""gce_instance"", ""resource_zone"": ""us-central1-a"", ""vm"": ""mooc-web""}",2596814848
2026-09-27T02:47:15.939535Z,"{""command"": ""dockerd"", ""command_line"": ""/usr/bin/dockerd -H fd:// --containerd=/run/containerd/containerd.sock"", ""owner"": ""root"", ""pid"": ""2377"", ""process"": ""all"", ""resource_instance_id"": ""1398563761166861218"", ""resource_project_id"": ""proyecto-2-cloud-509714"", ""resource_type"": ""gce_instance"", ""resource_zone"": ""us-central1-a"", ""vm"": ""mooc-web""}",2596814848
2026-09-27T02:46:45.942440Z,"{""command"": ""dockerd"", ""command_line"": ""/usr/bin/dockerd -H fd:// --containerd=/run/containerd/containerd.sock"", ""owner"": ""root"", ""pid"": ""2377"", ""process"": ""all"", ""resource_instance_id"": ""1398563761166861218"", ""resource_project_id"": ""proyecto-2-cloud-509714"", ""resource_type"": ""gce_instance"", ""resource_zone"": ""us-central1-a"", ""vm"": ""mooc-web""}",2596814848
2026-09-27T02:46:15.940323Z,"{""command"": ""dockerd"", ""command_line"": ""/usr/bin/dockerd -H fd:// --containerd=/run/containerd/containerd.sock"", ""owner"": ""root"", ""pid"": ""2377"", ""process"": ""all"", ""resource_instance_id"": ""1398563761166861218"", ""resource_project_id"": ""proyecto-2-cloud-509714"", ""resource_type"": ""gce_instance"", ""resource_zone"": ""us-central1-a"", ""vm"": ""mooc-web""}",2596814848
2026-09-27T02:45:45.947124Z,"{""command"": ""dockerd"", ""command_line"": ""/usr/bin/dockerd -H fd:// --containerd=/run/containerd/containerd.sock"", ""owner"": ""root"", ""pid"": ""2377"", ""process"": ""all"", ""resource_instance_id"": ""1398563761166861218"", ""resource_project_id"": ""proyecto-2-cloud-509714"", ""resource_type"": ""gce_instance"", ""resource_zone"": ""us-central1-a"", ""vm"": ""mooc-web""}",2596814848
2026-09-27T02:45:15.945161Z,"{""command"": ""dockerd"", ""command_line"": ""/usr/bin/dockerd -H fd:// --containerd=/run/containerd/containerd.sock"", ""owner"": ""root"", ""pid"": ""2377"", ""process"": ""all"", ""resource_instance_id"": ""1398563761166861218"", ""resource_project_id"": ""proyecto-2-cloud-509714"", ""resource_type"": ""gce_instance"", ""resource_zone"": ""us-central1-a"", ""vm"": ""mooc-web""}",2596814848
2026-09-27T02:44:45.942390Z,"{""command"": ""dockerd"", ""command_line"": ""/usr/bin/dockerd -H fd:// --containerd=/run/containerd/containerd.sock"", ""owner"": ""root"", ""pid"": ""2377"", ""process"": ""all"", ""resource_instance_id"": ""1398563761166861218"", ""resource_project_id"": ""proyecto-2-cloud-509714"", ""resource_type"": ""gce_instance"", ""resource_zone"": ""us-central1-a"", ""vm"": ""mooc-web""}",2596814848
2026-09-27T02:44:15.941455Z,"{""command"": ""dockerd"", ""command_line"": ""/usr/bin/dockerd -H fd:// --containerd=/run/containerd/containerd.sock"", ""owner"": ""root"", ""pid"": ""2377"", ""process"": ""all"", ""resource_instance_id"": ""1398563761166861218"", ""resource_project_id"": ""proyecto-2-cloud-509714"", ""resource_type"": ""gce_instance"", ""resource_zone"": ""us-central1-a"", ""vm"": ""mooc-web""}",2596814848
2026-09-27T02:43:45.940070Z,"{""command"": ""dockerd"", ""command_line"": ""/usr/bin/dockerd -H fd:// --containerd=/run/containerd/containerd.sock"", ""owner"": ""root"", ""pid"": ""2377"", ""process"": ""all"", ""resource_instance_id"": ""1398563761166861218"", ""resource_project_id"": ""proyecto-2-cloud-509714"", ""resource_type"": ""gce_instance"", ""resource_zone"": ""us-central1-a"", ""vm"": ""mooc-web""}",2596814848
2026-09-27T02:43:15.940387Z,"{""command"": ""dockerd"", ""command_line"": ""/usr/bin/dockerd -H fd:// --containerd=/run/containerd/containerd.sock"", ""owner"": ""root"", ""pid"": ""2377"", ""process"": ""all"", ""resource_instance_id"": ""1398563761166861218"", ""resource_project_id"": ""proyecto-2-cloud-509714"", ""resource_type"": ""gce_instance"", ""resource_zone"": ""us-central1-a"", ""vm"": ""mooc-web""}",2596814848
2026-09-27T02:42:45.947952Z,"{""command"": ""dockerd"", ""command_line"": ""/usr/bin/dockerd -H fd:// --containerd=/run/containerd/containerd.sock"", ""owner"": ""root"", ""pid"": ""2377"", ""process"": ""all"", ""resource_instance_id"": ""1398563761166861218"", ""resource_project_id"": ""proyecto-2-cloud-509714"", ""resource_type"": ""gce_instance"", ""resource_zone"": ""us-central1-a"", ""vm"": ""mooc-web""}",2596814848
2026-09-27T02:42:15.941195Z,"{""command"": ""dockerd"", ""command_line"": ""/usr/bin/dockerd -H fd:// --containerd=/run/containerd/containerd.sock"", ""owner"": ""root"", ""pid"": ""2377"", ""process"": ""all"", ""resource_instance_id"": ""1398563761166861218"", ""resource_project_id"": ""proyecto-2-cloud-509714"", ""resource_type"": ""gce_instance"", ""resource_zone"": ""us-central1-a"", ""vm"": ""mooc-web""}",2596814848
2026-09-27T02:41:45.941955Z,"{""command"": ""dockerd"", ""command_line"": ""/usr/bin/dockerd -H fd:// --containerd=/run/containerd/containerd.sock"", ""owner"": ""root"", ""pid"": ""2377"", ""process"": ""all"", ""resource_instance_id"": ""1398563761166861218"", ""resource_project_id"": ""proyecto-2-cloud-509714"", ""resource_type"": ""gce_instance"", ""resource_zone"": ""us-central1-a"", ""vm"": ""mooc-web""}",2596814848
2026-09-27T02:41:15.941846Z,"{""command"": ""dockerd"", ""command_line"": ""/usr/bin/dockerd -H fd:// --containerd=/run/containerd/containerd.sock"", ""owner"": ""root"", ""pid"": ""2377"", ""process"": ""all"", ""resource_instance_id"": ""1398563761166861218"", ""resource_project_id"": ""proyecto-2-cloud-509714"", ""resource_type"": ""gce_instance"", ""resource_zone"": ""us-central1-a"", ""vm"": ""mooc-web""}",2596814848
2026-09-27T02:40:45.942454Z,"{""command"": ""dockerd"", ""command_line"": ""/usr/bin/dockerd -H fd:// --containerd=/run/containerd/containerd.sock"", ""owner"": ""root"", ""pid"": ""2377"", ""process"": ""all"", ""resource_instance_id"": ""1398563761166861218"", ""resource_project_id"": ""proyecto-2-cloud-509714"", ""resource_type"": ""gce_instance"", ""resource_zone"": ""us-central1-a"", ""vm"": ""mooc-web""}",2596814848
2026-09-27T02:40:15.940682Z,"{""command"": ""dockerd"", ""command_line"": ""/usr/bin/dockerd -H fd:// --containerd=/run/containerd/containerd.sock"", ""owner"": ""root"", ""pid"": ""2377"", ""process"": ""all"", ""resource_instance_id"": ""1398563761166861218"", ""resource_project_id"": ""proyecto-2-cloud-509714"", ""resource_type"": ""gce_instance"", ""resource_zone"": ""us-central1-a"", ""vm"": ""mooc-web""}",2596814848
2026-09-27T02:39:45.942511Z,"{""command"": ""dockerd"", ""command_line"": ""/usr/bin/dockerd -H fd:// --containerd=/run/containerd/containerd.sock"", ""owner"": ""root"", ""pid"": ""2377"", ""process"": ""all"", ""resource_instance_id"": ""1398563761166861218"", ""resource_project_id"": ""proyecto-2-cloud-509714"", ""resource_type"": ""gce_instance"", ""resource_zone"": ""us-central1-a"", ""vm"": ""mooc-web""}",2596814848
2026-09-27T02:39:15.957642Z,"{""command"": ""dockerd"", ""command_line"": ""/usr/bin/dockerd -H fd:// --containerd=/run/containerd/containerd.sock"", ""owner"": ""root"", ""pid"": ""2377"", ""process"": ""all"", ""resource_instance_id"": ""1398563761166861218"", ""resource_project_id"": ""proyecto-2-cloud-509714"", ""resource_type"": ""gce_instance"", ""resource_zone"": ""us-central1-a"", ""vm"": ""mooc-web""}",2596814848
2026-09-27T02:49:45.944855Z,"{""command"": ""exim4"", ""command_line"": ""/usr/sbin/exim4 -bd -q30m"", ""owner"": ""Debian-exim"", ""pid"": ""743"", ""process"": ""all"", ""resource_instance_id"": ""1398563761166861218"", ""resource_project_id"": ""proyecto-2-cloud-509714"", ""resource_type"": ""gce_instance"", ""resource_zone"": ""us-central1-a"", ""vm"": ""mooc-web""}",31199232
2026-09-27T02:49:15.939513Z,"{""command"": ""exim4"", ""command_line"": ""/usr/sbin/exim4 -bd -q30m"", ""owner"": ""Debian-exim"", ""pid"": ""743"", ""process"": ""all"", ""resource_instance_id"": ""1398563761166861218"", ""resource_project_id"": ""proyecto-2-cloud-509714"", ""resource_type"": ""gce_instance"", ""resource_zone"": ""us-central1-a"", ""vm"": ""mooc-web""}",31199232
2026-09-27T02:48:45.940056Z,"{""command"": ""exim4"", ""command_line"": ""/usr/sbin/exim4 -bd -q30m"", ""owner"": ""Debian-exim"", ""pid"": ""743"", ""process"": ""all"", ""resource_instance_id"": ""1398563761166861218"", ""resource_project_id"": ""proyecto-2-cloud-509714"", ""resource_type"": ""gce_instance"", ""resource_zone"": ""us-central1-a"", ""vm"": ""mooc-web""}",31199232
2026-09-27T02:48:15.951931Z,"{""command"": ""exim4"", ""command_line"": ""/usr/sbin/exim4 -bd -q30m"", ""owner"": ""Debian-exim"", ""pid"": ""743"", ""process"": ""all"", ""resource_instance_id"": ""1398563761166861218"", ""resource_project_id"": ""proyecto-2-cloud-509714"", ""resource_type"": ""gce_instance"", ""resource_zone"": ""us-central1-a"", ""vm"": ""mooc-web""}",31199232
2026-09-27T02:47:45.941022Z,"{""command"": ""exim4"", ""command_line"": ""/usr/sbin/exim4 -bd -q30m"", ""owner"": ""Debian-exim"", ""pid"": ""743"", ""process"": ""all"", ""resource_instance_id"": ""1398563761166861218"", ""resource_project_id"": ""proyecto-2-cloud-509714"", ""resource_type"": ""gce_instance"", ""resource_zone"": ""us-central1-a"", ""vm"": ""mooc-web""}",31199232
2026-09-27T02:47:15.939380Z,"{""command"": ""exim4"", ""command_line"": ""/usr/sbin/exim4 -bd -q30m"", ""owner"": ""Debian-exim"", ""pid"": ""743"", ""process"": ""all"", ""resource_instance_id"": ""1398563761166861218"", ""resource_project_id"": ""proyecto-2-cloud-509714"", ""resource_type"": ""gce_instance"", ""resource_zone"": ""us-central1-a"", ""vm"": ""mooc-web""}",31199232
2026-09-27T02:46:45.942278Z,"{""command"": ""exim4"", ""command_line"": ""/usr/sbin/exim4 -bd -q30m"", ""owner"": ""Debian-exim"", ""pid"": ""743"", ""process"": ""all"", ""resource_instance_id"": ""1398563761166861218"", ""resource_project_id"": ""proyecto-2-cloud-509714"", ""resource_type"": ""gce_instance"", ""resource_zone"": ""us-central1-a"", ""vm"": ""mooc-web""}",31199232
2026-09-27T02:46:15.940082Z,"{""command"": ""exim4"", ""command_line"": ""/usr/sbin/exim4 -bd -q30m"", ""owner"": ""Debian-exim"", ""pid"": ""743"", ""process"": ""all"", ""resource_instance_id"": ""1398563761166861218"", ""resource_project_id"": ""proyecto-2-cloud-509714"", ""resource_type"": ""gce_instance"", ""resource_zone"": ""us-central1-a"", ""vm"": ""mooc-web""}",31199232
2026-09-27T02:45:45.946860Z,"{""command"": ""exim4"", ""command_line"": ""/usr/sbin/exim4 -bd -q30m"", ""owner"": ""Debian-exim"", ""pid"": ""743"", ""process"": ""all"", ""resource_instance_id"": ""1398563761166861218"", ""resource_project_id"": ""proyecto-2-cloud-509714"", ""resource_type"": ""gce_instance"", ""resource_zone"": ""us-central1-a"", ""vm"": ""mooc-web""}",31199232
2026-09-27T02:45:15.944989Z,"{""command"": ""exim4"", ""command_line"": ""/usr/sbin/exim4 -bd -q30m"", ""owner"": ""Debian-exim"", ""pid"": ""743"", ""process"": ""all"", ""resource_instance_id"": ""1398563761166861218"", ""resource_project_id"": ""proyecto-2-cloud-509714"", ""resource_type"": ""gce_instance"", ""resource_zone"": ""us-central1-a"", ""vm"": ""mooc-web""}",31199232
2026-09-27T02:44:45.942125Z,"{""command"": ""exim4"", ""command_line"": ""/usr/sbin/exim4 -bd -q30m"", ""owner"": ""Debian-exim"", ""pid"": ""743"", ""process"": ""all"", ""resource_instance_id"": ""1398563761166861218"", ""resource_project_id"": ""proyecto-2-cloud-509714"", ""resource_type"": ""gce_instance"", ""resource_zone"": ""us-central1-a"", ""vm"": ""mooc-web""}",31199232
2026-09-27T02:44:15.941245Z,"{""command"": ""exim4"", ""command_line"": ""/usr/sbin/exim4 -bd -q30m"", ""owner"": ""Debian-exim"", ""pid"": ""743"", ""process"": ""all"", ""resource_instance_id"": ""1398563761166861218"", ""resource_project_id"": ""proyecto-2-cloud-509714"", ""resource_type"": ""gce_instance"", ""resource_zone"": ""us-central1-a"", ""vm"": ""mooc-web""}",31199232
2026-09-27T02:43:45.939785Z,"{""command"": ""exim4"", ""command_line"": ""/usr/sbin/exim4 -bd -q30m"", ""owner"": ""Debian-exim"", ""pid"": ""743"", ""process"": ""all"", ""resource_instance_id"": ""1398563761166861218"", ""resource_project_id"": ""proyecto-2-cloud-509714"", ""resource_type"": ""gce_instance"", ""resource_zone"": ""us-central1-a"", ""vm"": ""mooc-web""}",31199232
2026-09-27T02:43:15.940173Z,"{""command"": ""exim4"", ""command_line"": ""/usr/sbin/exim4 -bd -q30m"", ""owner"": ""Debian-exim"", ""pid"": ""743"", ""process"": ""all"", ""resource_instance_id"": ""1398563761166861218"", ""resource_project_id"": ""proyecto-2-cloud-509714"", ""resource_type"": ""gce_instance"", ""resource_zone"": ""us-central1-a"", ""vm"": ""mooc-web""}",31199232
2026-09-27T02:42:45.947730Z,"{""command"": ""exim4"", ""command_line"": ""/usr/sbin/exim4 -bd -q30m"", ""owner"": ""Debian-exim"", ""pid"": ""743"", ""process"": ""all"", ""resource_instance_id"": ""1398563761166861218"", ""resource_project_id"": ""proyecto-2-cloud-509714"", ""resource_type"": ""gce_instance"", ""resource_zone"": ""us-central1-a"", ""vm"": ""mooc-web""}",31199232
2026-09-27T02:42:15.940870Z,"{""command"": ""exim4"", ""command_line"": ""/usr/sbin/exim4 -bd -q30m"", ""owner"": ""Debian-exim"", ""pid"": ""743"", ""process"": ""all"", ""resource_instance_id"": ""1398563761166861218"", ""resource_project_id"": ""proyecto-2-cloud-509714"", ""resource_type"": ""gce_instance"", ""resource_zone"": ""us-central1-a"", ""vm"": ""mooc-web""}",31199232
2026-09-27T02:41:45.941732Z,"{""command"": ""exim4"", ""command_line"": ""/usr/sbin/exim4 -bd -q30m"", ""owner"": ""Debian-exim"", ""pid"": ""743"", ""process"": ""all"", ""resource_instance_id"": ""1398563761166861218"", ""resource_project_id"": ""proyecto-2-cloud-509714"", ""resource_type"": ""gce_instance"", ""resource_zone"": ""us-central1-a"", ""vm"": ""mooc-web""}",31199232
2026-09-27T02:41:15.941615Z,"{""command"": ""exim4"", ""command_line"": ""/usr/sbin/exim4 -bd -q30m"", ""owner"": ""Debian-exim"", ""pid"": ""743"", ""process"": ""all"", ""resource_instance_id"": ""1398563761166861218"", ""resource_project_id"": ""proyecto-2-cloud-509714"", ""resource_type"": ""gce_instance"", ""resource_zone"": ""us-central1-a"", ""vm"": ""mooc-web""}",31199232
2026-09-27T02:40:45.942196Z,"{""command"": ""exim4"", ""command_line"": ""/usr/sbin/exim4 -bd -q30m"", ""owner"": ""Debian-exim"", ""pid"": ""743"", ""process"": ""all"", ""resource_instance_id"": ""1398563761166861218"", ""resource_project_id"": ""proyecto-2-cloud-509714"", ""resource_type"": ""gce_instance"", ""resource_zone"": ""us-central1-a"", ""vm"": ""mooc-web""}",31199232
2026-09-27T02:40:15.940462Z,"{""command"": ""exim4"", ""command_line"": ""/usr/sbin/exim4 -bd -q30m"", ""owner"": ""Debian-exim"", ""pid"": ""743"", ""process"": ""all"", ""resource_instance_id"": ""1398563761166861218"", ""resource_project_id"": ""proyecto-2-cloud-509714"", ""resource_type"": ""gce_instance"", ""resource_zone"": ""us-central1-a"", ""vm"": ""mooc-web""}",31199232
2026-09-27T02:39:45.942197Z,"{""command"": ""exim4"", ""command_line"": ""/usr/sbin/exim4 -bd -q30m"", ""owner"": ""Debian-exim"", ""pid"": ""743"", ""process"": ""all"", ""resource_instance_id"": ""1398563761166861218"", ""resource_project_id"": ""proyecto-2-cloud-509714"", ""resource_type"": ""gce_instance"", ""resource_zone"": ""us-central1-a"", ""vm"": ""mooc-web""}",31199232
2026-09-27T02:39:15.957136Z,"{""command"": ""exim4"", ""command_line"": ""/usr/sbin/exim4 -bd -q30m"", ""owner"": ""Debian-exim"", ""pid"": ""743"", ""process"": ""all"", ""resource_instance_id"": ""1398563761166861218"", ""resource_project_id"": ""proyecto-2-cloud-509714"", ""resource_type"": ""gce_instance"", ""resource_zone"": ""us-central1-a"", ""vm"": ""mooc-web""}",31199232
2026-09-27T02:49:45.943603Z,"{""command"": ""ext4-rsv-conver"", ""command_line"": """", ""owner"": ""root"", ""pid"": ""185"", ""process"": ""all"", ""resource_instance_id"": ""1398563761166861218"", ""resource_project_id"": ""proyecto-2-cloud-509714"", ""resource_type"": ""gce_instance"", ""resource_zone"": ""us-central1-a"", ""vm"": ""mooc-web""}",0
2026-09-27T02:49:15.938067Z,"{""command"": ""ext4-rsv-conver"", ""command_line"": """", ""owner"": ""root"", ""pid"": ""185"", ""process"": ""all"", ""resource_instance_id"": ""1398563761166861218"", ""resource_project_id"": ""proyecto-2-cloud-509714"", ""resource_type"": ""gce_instance"", ""resource_zone"": ""us-central1-a"", ""vm"": ""mooc-web""}",0
2026-09-27T02:48:45.938569Z,"{""command"": ""ext4-rsv-conver"", ""command_line"": """", ""owner"": ""root"", ""pid"": ""185"", ""process"": ""all"", ""resource_instance_id"": ""1398563761166861218"", ""resource_project_id"": ""proyecto-2-cloud-509714"", ""resource_type"": ""gce_instance"", ""resource_zone"": ""us-central1-a"", ""vm"": ""mooc-web""}",0
2026-09-27T02:48:15.950424Z,"{""command"": ""ext4-rsv-conver"", ""command_line"": """", ""owner"": ""root"", ""pid"": ""185"", ""process"": ""all"", ""resource_instance_id"": ""1398563761166861218"", ""resource_project_id"": ""proyecto-2-cloud-509714"", ""resource_type"": ""gce_instance"", ""resource_zone"": ""us-central1-a"", ""vm"": ""mooc-web""}",0
2026-09-27T02:47:45.939221Z,"{""command"": ""ext4-rsv-conver"", ""command_line"": """", ""owner"": ""root"", ""pid"": ""185"", ""process"": ""all"", ""resource_instance_id"": ""1398563761166861218"", ""resource_project_id"": ""proyecto-2-cloud-509714"", ""resource_type"": ""gce_instance"", ""resource_zone"": ""us-central1-a"", ""vm"": ""mooc-web""}",0
2026-09-27T02:47:15.938186Z,"{""command"": ""ext4-rsv-conver"", ""command_line"": """", ""owner"": ""root"", ""pid"": ""185"", ""process"": ""all"", ""resource_instance_id"": ""1398563761166861218"", ""resource_project_id"": ""proyecto-2-cloud-509714"", ""resource_type"": ""gce_instance"", ""resource_zone"": ""us-central1-a"", ""vm"": ""mooc-web""}",0
2026-09-27T02:46:45.941013Z,"{""command"": ""ext4-rsv-conver"", ""command_line"": """", ""owner"": ""root"", ""pid"": ""185"", ""process"": ""all"", ""resource_instance_id"": ""1398563761166861218"", ""resource_project_id"": ""proyecto-2-cloud-509714"", ""resource_type"": ""gce_instance"", ""resource_zone"": ""us-central1-a"", ""vm"": ""mooc-web""}",0
2026-09-27T02:46:15.938095Z,"{""command"": ""ext4-rsv-conver"", ""command_line"": """", ""owner"": ""root"", ""pid"": ""185"", ""process"": ""all"", ""resource_instance_id"": ""1398563761166861218"", ""resource_project_id"": ""proyecto-2-cloud-509714"", ""resource_type"": ""gce_instance"", ""resource_zone"": ""us-central1-a"", ""vm"": ""mooc-web""}",0
2026-09-27T02:45:45.945020Z,"{""command"": ""ext4-rsv-conver"", ""command_line"": """", ""owner"": ""root"", ""pid"": ""185"", ""process"": ""all"", ""resource_instance_id"": ""1398563761166861218"", ""resource_project_id"": ""proyecto-2-cloud-509714"", ""resource_type"": ""gce_instance"", ""resource_zone"": ""us-central1-a"", ""vm"": ""mooc-web""}",0
2026-09-27T02:45:15.943647Z,"{""command"": ""ext4-rsv-conver"", ""command_line"": """", ""owner"": ""root"", ""pid"": ""185"", ""process"": ""all"", ""resource_instance_id"": ""1398563761166861218"", ""resource_project_id"": ""proyecto-2-cloud-509714"", ""resource_type"": ""gce_instance"", ""resource_zone"": ""us-central1-a"", ""vm"": ""mooc-web""}",0
2026-09-27T02:44:45.940277Z,"{""command"": ""ext4-rsv-conver"", ""command_line"": """", ""owner"": ""root"", ""pid"": ""185"", ""process"": ""all"", ""resource_instance_id"": ""1398563761166861218"", ""resource_project_id"": ""proyecto-2-cloud-509714"", ""resource_type"": ""gce_instance"", ""resource_zone"": ""us-central1-a"", ""vm"": ""mooc-web""}",0
2026-09-27T02:44:15.940115Z,"{""command"": ""ext4-rsv-conver"", ""command_line"": """", ""owner"": ""root"", ""pid"": ""185"", ""process"": ""all"", ""resource_instance_id"": ""1398563761166861218"", ""resource_project_id"": ""proyecto-2-cloud-509714"", ""resource_type"": ""gce_instance"", ""resource_zone"": ""us-central1-a"", ""vm"": ""mooc-web""}",0
2026-09-27T02:43:45.938413Z,"{""command"": ""ext4-rsv-conver"", ""command_line"": """", ""owner"": ""root"", ""pid"": ""185"", ""process"": ""all"", ""resource_instance_id"": ""1398563761166861218"", ""resource_project_id"": ""proyecto-2-cloud-509714"", ""resource_type"": ""gce_instance"", ""resource_zone"": ""us-central1-a"", ""vm"": ""mooc-web""}",0
2026-09-27T02:43:15.938597Z,"{""command"": ""ext4-rsv-conver"", ""command_line"": """", ""owner"": ""root"", ""pid"": ""185"", ""process"": ""all"", ""resource_instance_id"": ""1398563761166861218"", ""resource_project_id"": ""proyecto-2-cloud-509714"", ""resource_type"": ""gce_instance"", ""resource_zone"": ""us-central1-a"", ""vm"": ""mooc-web""}",0
2026-09-27T02:42:45.946215Z,"{""command"": ""ext4-rsv-conver"", ""command_line"": """", ""owner"": ""root"", ""pid"": ""185"", ""process"": ""all"", ""resource_instance_id"": ""1398563761166861218"", ""resource_project_id"": ""proyecto-2-cloud-509714"", ""resource_type"": ""gce_instance"", ""resource_zone"": ""us-central1-a"", ""vm"": ""mooc-web""}",0
2026-09-27T02:42:15.939423Z,"{""command"": ""ext4-rsv-conver"", ""command_line"": """", ""owner"": ""root"", ""pid"": ""185"", ""process"": ""all"", ""resource_instance_id"": ""1398563761166861218"", ""resource_project_id"": ""proyecto-2-cloud-509714"", ""resource_type"": ""gce_instance"", ""resource_zone"": ""us-central1-a"", ""vm"": ""mooc-web""}",0
2026-09-27T02:41:45.940588Z,"{""command"": ""ext4-rsv-conver"", ""command_line"": """", ""owner"": ""root"", ""pid"": ""185"", ""process"": ""all"", ""resource_instance_id"": ""1398563761166861218"", ""resource_project_id"": ""proyecto-2-cloud-509714"", ""resource_type"": ""gce_instance"", ""resource_zone"": ""us-central1-a"", ""vm"": ""mooc-web""}",0
2026-09-27T02:41:15.940398Z,"{""command"": ""ext4-rsv-conver"", ""command_line"": """", ""owner"": ""root"", ""pid"": ""185"", ""process"": ""all"", ""resource_instance_id"": ""1398563761166861218"", ""resource_project_id"": ""proyecto-2-cloud-509714"", ""resource_type"": ""gce_instance"", ""resource_zone"": ""us-central1-a"", ""vm"": ""mooc-web""}",0
2026-09-27T02:40:45.941073Z,"{""command"": ""ext4-rsv-conver"", ""command_line"": """", ""owner"": ""root"", ""pid"": ""185"", ""process"": ""all"", ""resource_instance_id"": ""1398563761166861218"", ""resource_project_id"": ""proyecto-2-cloud-509714"", ""resource_type"": ""gce_instance"", ""resource_zone"": ""us-central1-a"", ""vm"": ""mooc-web""}",0
2026-09-27T02:40:15.939322Z,"{""command"": ""ext4-rsv-conver"", ""command_line"": """", ""owner"": ""root"", ""pid"": ""185"", ""process"": ""all"", ""resource_instance_id"": ""1398563761166861218"", ""resource_project_id"": ""proyecto-2-cloud-509714"", ""resource_type"": ""gce_instance"", ""resource_zone"": ""us-central1-a"", ""vm"": ""mooc-web""}",0
2026-09-27T02:39:45.940504Z,"{""command"": ""ext4-rsv-conver"", ""command_line"": """", ""owner"": ""root"", ""pid"": ""185"", ""process"": ""all"", ""resource_instance_id"": ""1398563761166861218"", ""resource_project_id"": ""proyecto-2-cloud-509714"", ""resource_type"": ""gce_instance"", ""resource_zone"": ""us-central1-a"", ""vm"": ""mooc-web""}",0
2026-09-27T02:39:15.955604Z,"{""command"": ""ext4-rsv-conver"", ""command_line"": """", ""owner"": ""root"", ""pid"": ""185"", ""process"": ""all"", ""resource_instance_id"": ""1398563761166861218"", ""resource_project_id"": ""proyecto-2-cloud-509714"", ""resource_type"": ""gce_instance"", ""resource_zone"": ""us-central1-a"", ""vm"": ""mooc-web""}",0
2026-09-27T02:49:45.946393Z,"{""command"": ""fluent-bit"", ""command_line"": ""/opt/google-cloud-ops-agent/subagents/fluent-bit/bin/fluent-bit --config /run/google-cloud-ops-agent-fluent-bit/fluent_bit_main.conf --parser /run/google-cloud-ops-agent-fluent-bit/fluent_bit_parser.conf --storage_path /var/lib/google-cloud-ops-agent/fluent-bit/buffers"", ""owner"": ""root"", ""pid"": ""9013"", ""process"": ""all"", ""resource_instance_id"": ""1398563761166861218"", ""resource_project_id"": ""proyecto-2-cloud-509714"", ""resource_type"": ""gce_instance"", ""resource_zone"": ""us-central1-a"", ""vm"": ""mooc-web""}",873635840
2026-09-27T02:49:15.941186Z,"{""command"": ""fluent-bit"", ""command_line"": ""/opt/google-cloud-ops-agent/subagents/fluent-bit/bin/fluent-bit --config /run/google-cloud-ops-agent-fluent-bit/fluent_bit_main.conf --parser /run/google-cloud-ops-agent-fluent-bit/fluent_bit_parser.conf --storage_path /var/lib/google-cloud-ops-agent/fluent-bit/buffers"", ""owner"": ""root"", ""pid"": ""9013"", ""process"": ""all"", ""resource_instance_id"": ""1398563761166861218"", ""resource_project_id"": ""proyecto-2-cloud-509714"", ""resource_type"": ""gce_instance"", ""resource_zone"": ""us-central1-a"", ""vm"": ""mooc-web""}",873635840
2026-09-27T02:48:45.941758Z,"{""command"": ""fluent-bit"", ""command_line"": ""/opt/google-cloud-ops-agent/subagents/fluent-bit/bin/fluent-bit --config /run/google-cloud-ops-agent-fluent-bit/fluent_bit_main.conf --parser /run/google-cloud-ops-agent-fluent-bit/fluent_bit_parser.conf --storage_path /var/lib/google-cloud-ops-agent/fluent-bit/buffers"", ""owner"": ""root"", ""pid"": ""9013"", ""process"": ""all"", ""resource_instance_id"": ""1398563761166861218"", ""resource_project_id"": ""proyecto-2-cloud-509714"", ""resource_type"": ""gce_instance"", ""resource_zone"": ""us-central1-a"", ""vm"": ""mooc-web""}",873635840
2026-09-27T02:48:15.953754Z,"{""command"": ""fluent-bit"", ""command_line"": ""/opt/google-cloud-ops-agent/subagents/fluent-bit/bin/fluent-bit --config /run/google-cloud-ops-agent-fluent-bit/fluent_bit_main.conf --parser /run/google-cloud-ops-agent-fluent-bit/fluent_bit_parser.conf --storage_path /var/lib/google-cloud-ops-agent/fluent-bit/buffers"", ""owner"": ""root"", ""pid"": ""9013"", ""process"": ""all"", ""resource_instance_id"": ""1398563761166861218"", ""resource_project_id"": ""proyecto-2-cloud-509714"", ""resource_type"": ""gce_instance"", ""resource_zone"": ""us-central1-a"", ""vm"": ""mooc-web""}",873635840
2026-09-27T02:47:45.943434Z,"{""command"": ""fluent-bit"", ""command_line"": ""/opt/google-cloud-ops-agent/subagents/fluent-bit/bin/fluent-bit --config /run/google-cloud-ops-agent-fluent-bit/fluent_bit_main.conf --parser /run/google-cloud-ops-agent-fluent-bit/fluent_bit_parser.conf --storage_path /var/lib/google-cloud-ops-agent/fluent-bit/buffers"", ""owner"": ""root"", ""pid"": ""9013"", ""process"": ""all"", ""resource_instance_id"": ""1398563761166861218"", ""resource_project_id"": ""proyecto-2-cloud-509714"", ""resource_type"": ""gce_instance"", ""resource_zone"": ""us-central1-a"", ""vm"": ""mooc-web""}",873635840
2026-09-27T02:47:15.941660Z,"{""command"": ""fluent-bit"", ""command_line"": ""/opt/google-cloud-ops-agent/subagents/fluent-bit/bin/fluent-bit --config /run/google-cloud-ops-agent-fluent-bit/fluent_bit_main.conf --parser /run/google-cloud-ops-agent-fluent-bit/fluent_bit_parser.conf --storage_path /var/lib/google-cloud-ops-agent/fluent-bit/buffers"", ""owner"": ""root"", ""pid"": ""9013"", ""process"": ""all"", ""resource_instance_id"": ""1398563761166861218"", ""resource_project_id"": ""proyecto-2-cloud-509714"", ""resource_type"": ""gce_instance"", ""resource_zone"": ""us-central1-a"", ""vm"": ""mooc-web""}",873635840
2026-09-27T02:46:45.945210Z,"{""command"": ""fluent-bit"", ""command_line"": ""/opt/google-cloud-ops-agent/subagents/fluent-bit/bin/fluent-bit --config /run/google-cloud-ops-agent-fluent-bit/fluent_bit_main.conf --parser /run/google-cloud-ops-agent-fluent-bit/fluent_bit_parser.conf --storage_path /var/lib/google-cloud-ops-agent/fluent-bit/buffers"", ""owner"": ""root"", ""pid"": ""9013"", ""process"": ""all"", ""resource_instance_id"": ""1398563761166861218"", ""resource_project_id"": ""proyecto-2-cloud-509714"", ""resource_type"": ""gce_instance"", ""resource_zone"": ""us-central1-a"", ""vm"": ""mooc-web""}",873635840
2026-09-27T02:46:15.942366Z,"{""command"": ""fluent-bit"", ""command_line"": ""/opt/google-cloud-ops-agent/subagents/fluent-bit/bin/fluent-bit --config /run/google-cloud-ops-agent-fluent-bit/fluent_bit_main.conf --parser /run/google-cloud-ops-agent-fluent-bit/fluent_bit_parser.conf --storage_path /var/lib/google-cloud-ops-agent/fluent-bit/buffers"", ""owner"": ""root"", ""pid"": ""9013"", ""process"": ""all"", ""resource_instance_id"": ""1398563761166861218"", ""resource_project_id"": ""proyecto-2-cloud-509714"", ""resource_type"": ""gce_instance"", ""resource_zone"": ""us-central1-a"", ""vm"": ""mooc-web""}",873635840
2026-09-27T02:45:45.949533Z,"{""command"": ""fluent-bit"", ""command_line"": ""/opt/google-cloud-ops-agent/subagents/fluent-bit/bin/fluent-bit --config /run/google-cloud-ops-agent-fluent-bit/fluent_bit_main.conf --parser /run/google-cloud-ops-agent-fluent-bit/fluent_bit_parser.conf --storage_path /var/lib/google-cloud-ops-agent/fluent-bit/buffers"", ""owner"": ""root"", ""pid"": ""9013"", ""process"": ""all"", ""resource_instance_id"": ""1398563761166861218"", ""resource_project_id"": ""proyecto-2-cloud-509714"", ""resource_type"": ""gce_instance"", ""resource_zone"": ""us-central1-a"", ""vm"": ""mooc-web""}",873635840
2026-09-27T02:45:15.946670Z,"{""command"": ""fluent-bit"", ""command_line"": ""/opt/google-cloud-ops-agent/subagents/fluent-bit/bin/fluent-bit --config /run/google-cloud-ops-agent-fluent-bit/fluent_bit_main.conf --parser /run/google-cloud-ops-agent-fluent-bit/fluent_bit_parser.conf --storage_path /var/lib/google-cloud-ops-agent/fluent-bit/buffers"", ""owner"": ""root"", ""pid"": ""9013"", ""process"": ""all"", ""resource_instance_id"": ""1398563761166861218"", ""resource_project_id"": ""proyecto-2-cloud-509714"", ""resource_type"": ""gce_instance"", ""resource_zone"": ""us-central1-a"", ""vm"": ""mooc-web""}",873635840
2026-09-27T02:44:45.944483Z,"{""command"": ""fluent-bit"", ""command_line"": ""/opt/google-cloud-ops-agent/subagents/fluent-bit/bin/fluent-bit --config /run/google-cloud-ops-agent-fluent-bit/fluent_bit_main.conf --parser /run/google-cloud-ops-agent-fluent-bit/fluent_bit_parser.conf --storage_path /var/lib/google-cloud-ops-agent/fluent-bit/buffers"", ""owner"": ""root"", ""pid"": ""9013"", ""process"": ""all"", ""resource_instance_id"": ""1398563761166861218"", ""resource_project_id"": ""proyecto-2-cloud-509714"", ""resource_type"": ""gce_instance"", ""resource_zone"": ""us-central1-a"", ""vm"": ""mooc-web""}",873635840
2026-09-27T02:44:15.942883Z,"{""command"": ""fluent-bit"", ""command_line"": ""/opt/google-cloud-ops-agent/subagents/fluent-bit/bin/fluent-bit --config /run/google-cloud-ops-agent-fluent-bit/fluent_bit_main.conf --parser /run/google-cloud-ops-agent-fluent-bit/fluent_bit_parser.conf --storage_path /var/lib/google-cloud-ops-agent/fluent-bit/buffers"", ""owner"": ""root"", ""pid"": ""9013"", ""process"": ""all"", ""resource_instance_id"": ""1398563761166861218"", ""resource_project_id"": ""proyecto-2-cloud-509714"", ""resource_type"": ""gce_instance"", ""resource_zone"": ""us-central1-a"", ""vm"": ""mooc-web""}",873635840
2026-09-27T02:43:45.942605Z,"{""command"": ""fluent-bit"", ""command_line"": ""/opt/google-cloud-ops-agent/subagents/fluent-bit/bin/fluent-bit --config /run/google-cloud-ops-agent-fluent-bit/fluent_bit_main.conf --parser /run/google-cloud-ops-agent-fluent-bit/fluent_bit_parser.conf --storage_path /var/lib/google-cloud-ops-agent/fluent-bit/buffers"", ""owner"": ""root"", ""pid"": ""9013"", ""process"": ""all"", ""resource_instance_id"": ""1398563761166861218"", ""resource_project_id"": ""proyecto-2-cloud-509714"", ""resource_type"": ""gce_instance"", ""resource_zone"": ""us-central1-a"", ""vm"": ""mooc-web""}",873635840
2026-09-27T02:43:15.941967Z,"{""command"": ""fluent-bit"", ""command_line"": ""/opt/google-cloud-ops-agent/subagents/fluent-bit/bin/fluent-bit --config /run/google-cloud-ops-agent-fluent-bit/fluent_bit_main.conf --parser /run/google-cloud-ops-agent-fluent-bit/fluent_bit_parser.conf --storage_path /var/lib/google-cloud-ops-agent/fluent-bit/buffers"", ""owner"": ""root"", ""pid"": ""9013"", ""process"": ""all"", ""resource_instance_id"": ""1398563761166861218"", ""resource_project_id"": ""proyecto-2-cloud-509714"", ""resource_type"": ""gce_instance"", ""resource_zone"": ""us-central1-a"", ""vm"": ""mooc-web""}",873635840
2026-09-27T02:42:45.949611Z,"{""command"": ""fluent-bit"", ""command_line"": ""/opt/google-cloud-ops-agent/subagents/fluent-bit/bin/fluent-bit --config /run/google-cloud-ops-agent-fluent-bit/fluent_bit_main.conf --parser /run/google-cloud-ops-agent-fluent-bit/fluent_bit_parser.conf --storage_path /var/lib/google-cloud-ops-agent/fluent-bit/buffers"", ""owner"": ""root"", ""pid"": ""9013"", ""process"": ""all"", ""resource_instance_id"": ""1398563761166861218"", ""resource_project_id"": ""proyecto-2-cloud-509714"", ""resource_type"": ""gce_instance"", ""resource_zone"": ""us-central1-a"", ""vm"": ""mooc-web""}",873635840
2026-09-27T02:42:15.943636Z,"{""command"": ""fluent-bit"", ""command_line"": ""/opt/google-cloud-ops-agent/subagents/fluent-bit/bin/fluent-bit --config /run/google-cloud-ops-agent-fluent-bit/fluent_bit_main.conf --parser /run/google-cloud-ops-agent-fluent-bit/fluent_bit_parser.conf --storage_path /var/lib/google-cloud-ops-agent/fluent-bit/buffers"", ""owner"": ""root"", ""pid"": ""9013"", ""process"": ""all"", ""resource_instance_id"": ""1398563761166861218"", ""resource_project_id"": ""proyecto-2-cloud-509714"", ""resource_type"": ""gce_instance"", ""resource_zone"": ""us-central1-a"", ""vm"": ""mooc-web""}",873635840
2026-09-27T02:41:45.943643Z,"{""command"": ""fluent-bit"", ""command_line"": ""/opt/google-cloud-ops-agent/subagents/fluent-bit/bin/fluent-bit --config /run/google-cloud-ops-agent-fluent-bit/fluent_bit_main.conf --parser /run/google-cloud-ops-agent-fluent-bit/fluent_bit_parser.conf --storage_path /var/lib/google-cloud-ops-agent/fluent-bit/buffers"", ""owner"": ""root"", ""pid"": ""9013"", ""process"": ""all"", ""resource_instance_id"": ""1398563761166861218"", ""resource_project_id"": ""proyecto-2-cloud-509714"", ""resource_type"": ""gce_instance"", ""resource_zone"": ""us-central1-a"", ""vm"": ""mooc-web""}",873635840
2026-09-27T02:41:15.943614Z,"{""command"": ""fluent-bit"", ""command_line"": ""/opt/google-cloud-ops-agent/subagents/fluent-bit/bin/fluent-bit --config /run/google-cloud-ops-agent-fluent-bit/fluent_bit_main.conf --parser /run/google-cloud-ops-agent-fluent-bit/fluent_bit_parser.conf --storage_path /var/lib/google-cloud-ops-agent/fluent-bit/buffers"", ""owner"": ""root"", ""pid"": ""9013"", ""process"": ""all"", ""resource_instance_id"": ""1398563761166861218"", ""resource_project_id"": ""proyecto-2-cloud-509714"", ""resource_type"": ""gce_instance"", ""resource_zone"": ""us-central1-a"", ""vm"": ""mooc-web""}",873635840
2026-09-27T02:40:45.944216Z,"{""command"": ""fluent-bit"", ""command_line"": ""/opt/google-cloud-ops-agent/subagents/fluent-bit/bin/fluent-bit --config /run/google-cloud-ops-agent-fluent-bit/fluent_bit_main.conf --parser /run/google-cloud-ops-agent-fluent-bit/fluent_bit_parser.conf --storage_path /var/lib/google-cloud-ops-agent/fluent-bit/buffers"", ""owner"": ""root"", ""pid"": ""9013"", ""process"": ""all"", ""resource_instance_id"": ""1398563761166861218"", ""resource_project_id"": ""proyecto-2-cloud-509714"", ""resource_type"": ""gce_instance"", ""resource_zone"": ""us-central1-a"", ""vm"": ""mooc-web""}",873635840
2026-09-27T02:40:15.942289Z,"{""command"": ""fluent-bit"", ""command_line"": ""/opt/google-cloud-ops-agent/subagents/fluent-bit/bin/fluent-bit --config /run/google-cloud-ops-agent-fluent-bit/fluent_bit_main.conf --parser /run/google-cloud-ops-agent-fluent-bit/fluent_bit_parser.conf --storage_path /var/lib/google-cloud-ops-agent/fluent-bit/buffers"", ""owner"": ""root"", ""pid"": ""9013"", ""process"": ""all"", ""resource_instance_id"": ""1398563761166861218"", ""resource_project_id"": ""proyecto-2-cloud-509714"", ""resource_type"": ""gce_instance"", ""resource_zone"": ""us-central1-a"", ""vm"": ""mooc-web""}",873635840
2026-09-27T02:39:45.944819Z,"{""command"": ""fluent-bit"", ""command_line"": ""/opt/google-cloud-ops-agent/subagents/fluent-bit/bin/fluent-bit --config /run/google-cloud-ops-agent-fluent-bit/fluent_bit_main.conf --parser /run/google-cloud-ops-agent-fluent-bit/fluent_bit_parser.conf --storage_path /var/lib/google-cloud-ops-agent/fluent-bit/buffers"", ""owner"": ""root"", ""pid"": ""9013"", ""process"": ""all"", ""resource_instance_id"": ""1398563761166861218"", ""resource_project_id"": ""proyecto-2-cloud-509714"", ""resource_type"": ""gce_instance"", ""resource_zone"": ""us-central1-a"", ""vm"": ""mooc-web""}",873635840
2026-09-27T02:39:15.960145Z,"{""command"": ""fluent-bit"", ""command_line"": ""/opt/google-cloud-ops-agent/subagents/fluent-bit/bin/fluent-bit --config /run/google-cloud-ops-agent-fluent-bit/fluent_bit_main.conf --parser /run/google-cloud-ops-agent-fluent-bit/fluent_bit_parser.conf --storage_path /var/lib/google-cloud-ops-agent/fluent-bit/buffers"", ""owner"": ""root"", ""pid"": ""9013"", ""process"": ""all"", ""resource_instance_id"": ""1398563761166861218"", ""resource_project_id"": ""proyecto-2-cloud-509714"", ""resource_type"": ""gce_instance"", ""resource_zone"": ""us-central1-a"", ""vm"": ""mooc-web""}",873635840
2026-09-27T02:39:15.957300Z,"{""command"": ""gce_compat_metadata_script_runner"", ""command_line"": ""/usr/bin/gce_compat_metadata_script_runner startup"", ""owner"": ""root"", ""pid"": ""945"", ""process"": ""all"", ""resource_instance_id"": ""1398563761166861218"", ""resource_project_id"": ""proyecto-2-cloud-509714"", ""resource_type"": ""gce_instance"", ""resource_zone"": ""us-central1-a"", ""vm"": ""mooc-web""}",1305993216
2026-09-27T02:39:15.957432Z,"{""command"": ""gce_metadata_script_runner"", ""command_line"": ""/usr/bin/gce_metadata_script_runner startup"", ""owner"": ""root"", ""pid"": ""951"", ""process"": ""all"", ""resource_instance_id"": ""1398563761166861218"", ""resource_project_id"": ""proyecto-2-cloud-509714"", ""resource_type"": ""gce_instance"", ""resource_zone"": ""us-central1-a"", ""vm"": ""mooc-web""}",1324654592
2026-09-27T02:49:45.946338Z,"{""command"": ""google_cloud_ops_agent_wrapper"", ""command_line"": ""/opt/google-cloud-ops-agent/libexec/google_cloud_ops_agent_wrapper -config_path /etc/google-cloud-ops-agent/config.yaml -log_path /var/log/google-cloud-ops-agent/subagents/logging-module.log /opt/google-cloud-ops-agent/subagents/fluent-bit/bin/fluent-bit --config /run/google-cloud-ops-agent-fluent-bit/fluent_bit_main.conf --parser /run/google-cloud-ops-agent-fluent-bit/fluent_bit_parser.conf --storage_path /var/lib/google-cloud-ops-agent/fluent-bit/buffers"", ""owner"": ""root"", ""pid"": ""8990"", ""process"": ""all"", ""resource_instance_id"": ""1398563761166861218"", ""resource_project_id"": ""proyecto-2-cloud-509714"", ""resource_type"": ""gce_instance"", ""resource_zone"": ""us-central1-a"", ""vm"": ""mooc-web""}",2018308096
2026-09-27T02:49:15.941126Z,"{""command"": ""google_cloud_ops_agent_wrapper"", ""command_line"": ""/opt/google-cloud-ops-agent/libexec/google_cloud_ops_agent_wrapper -config_path /etc/google-cloud-ops-agent/config.yaml -log_path /var/log/google-cloud-ops-agent/subagents/logging-module.log /opt/google-cloud-ops-agent/subagents/fluent-bit/bin/fluent-bit --config /run/google-cloud-ops-agent-fluent-bit/fluent_bit_main.conf --parser /run/google-cloud-ops-agent-fluent-bit/fluent_bit_parser.conf --storage_path /var/lib/google-cloud-ops-agent/fluent-bit/buffers"", ""owner"": ""root"", ""pid"": ""8990"", ""process"": ""all"", ""resource_instance_id"": ""1398563761166861218"", ""resource_project_id"": ""proyecto-2-cloud-509714"", ""resource_type"": ""gce_instance"", ""resource_zone"": ""us-central1-a"", ""vm"": ""mooc-web""}",2018308096
2026-09-27T02:48:45.941702Z,"{""command"": ""google_cloud_ops_agent_wrapper"", ""command_line"": ""/opt/google-cloud-ops-agent/libexec/google_cloud_ops_agent_wrapper -config_path /etc/google-cloud-ops-agent/config.yaml -log_path /var/log/google-cloud-ops-agent/subagents/logging-module.log /opt/google-cloud-ops-agent/subagents/fluent-bit/bin/fluent-bit --config /run/google-cloud-ops-agent-fluent-bit/fluent_bit_main.conf --parser /run/google-cloud-ops-agent-fluent-bit/fluent_bit_parser.conf --storage_path /var/lib/google-cloud-ops-agent/fluent-bit/buffers"", ""owner"": ""root"", ""pid"": ""8990"", ""process"": ""all"", ""resource_instance_id"": ""1398563761166861218"", ""resource_project_id"": ""proyecto-2-cloud-509714"", ""resource_type"": ""gce_instance"", ""resource_zone"": ""us-central1-a"", ""vm"": ""mooc-web""}",2018308096
2026-09-27T02:48:15.953695Z,"{""command"": ""google_cloud_ops_agent_wrapper"", ""command_line"": ""/opt/google-cloud-ops-agent/libexec/google_cloud_ops_agent_wrapper -config_path /etc/google-cloud-ops-agent/config.yaml -log_path /var/log/google-cloud-ops-agent/subagents/logging-module.log /opt/google-cloud-ops-agent/subagents/fluent-bit/bin/fluent-bit --config /run/google-cloud-ops-agent-fluent-bit/fluent_bit_main.conf --parser /run/google-cloud-ops-agent-fluent-bit/fluent_bit_parser.conf --storage_path /var/lib/google-cloud-ops-agent/fluent-bit/buffers"", ""owner"": ""root"", ""pid"": ""8990"", ""process"": ""all"", ""resource_instance_id"": ""1398563761166861218"", ""resource_project_id"": ""proyecto-2-cloud-509714"", ""resource_type"": ""gce_instance"", ""resource_zone"": ""us-central1-a"", ""vm"": ""mooc-web""}",2018308096
2026-09-27T02:47:45.943373Z,"{""command"": ""google_cloud_ops_agent_wrapper"", ""command_line"": ""/opt/google-cloud-ops-agent/libexec/google_cloud_ops_agent_wrapper -config_path /etc/google-cloud-ops-agent/config.yaml -log_path /var/log/google-cloud-ops-agent/subagents/logging-module.log /opt/google-cloud-ops-agent/subagents/fluent-bit/bin/fluent-bit --config /run/google-cloud-ops-agent-fluent-bit/fluent_bit_main.conf --parser /run/google-cloud-ops-agent-fluent-bit/fluent_bit_parser.conf --storage_path /var/lib/google-cloud-ops-agent/fluent-bit/buffers"", ""owner"": ""root"", ""pid"": ""8990"", ""process"": ""all"", ""resource_instance_id"": ""1398563761166861218"", ""resource_project_id"": ""proyecto-2-cloud-509714"", ""resource_type"": ""gce_instance"", ""resource_zone"": ""us-central1-a"", ""vm"": ""mooc-web""}",2018308096
2026-09-27T02:47:15.941573Z,"{""command"": ""google_cloud_ops_agent_wrapper"", ""command_line"": ""/opt/google-cloud-ops-agent/libexec/google_cloud_ops_agent_wrapper -config_path /etc/google-cloud-ops-agent/config.yaml -log_path /var/log/google-cloud-ops-agent/subagents/logging-module.log /opt/google-cloud-ops-agent/subagents/fluent-bit/bin/fluent-bit --config /run/google-cloud-ops-agent-fluent-bit/fluent_bit_main.conf --parser /run/google-cloud-ops-agent-fluent-bit/fluent_bit_parser.conf --storage_path /var/lib/google-cloud-ops-agent/fluent-bit/buffers"", ""owner"": ""root"", ""pid"": ""8990"", ""process"": ""all"", ""resource_instance_id"": ""1398563761166861218"", ""resource_project_id"": ""proyecto-2-cloud-509714"", ""resource_type"": ""gce_instance"", ""resource_zone"": ""us-central1-a"", ""vm"": ""mooc-web""}",2018308096
2026-09-27T02:46:45.945079Z,"{""command"": ""google_cloud_ops_agent_wrapper"", ""command_line"": ""/opt/google-cloud-ops-agent/libexec/google_cloud_ops_agent_wrapper -config_path /etc/google-cloud-ops-agent/config.yaml -log_path /var/log/google-cloud-ops-agent/subagents/logging-module.log /opt/google-cloud-ops-agent/subagents/fluent-bit/bin/fluent-bit --config /run/google-cloud-ops-agent-fluent-bit/fluent_bit_main.conf --parser /run/google-cloud-ops-agent-fluent-bit/fluent_bit_parser.conf --storage_path /var/lib/google-cloud-ops-agent/fluent-bit/buffers"", ""owner"": ""root"", ""pid"": ""8990"", ""process"": ""all"", ""resource_instance_id"": ""1398563761166861218"", ""resource_project_id"": ""proyecto-2-cloud-509714"", ""resource_type"": ""gce_instance"", ""resource_zone"": ""us-central1-a"", ""vm"": ""mooc-web""}",2018308096
2026-09-27T02:46:15.942287Z,"{""command"": ""google_cloud_ops_agent_wrapper"", ""command_line"": ""/opt/google-cloud-ops-agent/libexec/google_cloud_ops_agent_wrapper -config_path /etc/google-cloud-ops-agent/config.yaml -log_path /var/log/google-cloud-ops-agent/subagents/logging-module.log /opt/google-cloud-ops-agent/subagents/fluent-bit/bin/fluent-bit --config /run/google-cloud-ops-agent-fluent-bit/fluent_bit_main.conf --parser /run/google-cloud-ops-agent-fluent-bit/fluent_bit_parser.conf --storage_path /var/lib/google-cloud-ops-agent/fluent-bit/buffers"", ""owner"": ""root"", ""pid"": ""8990"", ""process"": ""all"", ""resource_instance_id"": ""1398563761166861218"", ""resource_project_id"": ""proyecto-2-cloud-509714"", ""resource_type"": ""gce_instance"", ""resource_zone"": ""us-central1-a"", ""vm"": ""mooc-web""}",2018308096
2026-09-27T02:45:45.949454Z,"{""command"": ""google_cloud_ops_agent_wrapper"", ""command_line"": ""/opt/google-cloud-ops-agent/libexec/google_cloud_ops_agent_wrapper -config_path /etc/google-cloud-ops-agent/config.yaml -log_path /var/log/google-cloud-ops-agent/subagents/logging-module.log /opt/google-cloud-ops-agent/subagents/fluent-bit/bin/fluent-bit --config /run/google-cloud-ops-agent-fluent-bit/fluent_bit_main.conf --parser /run/google-cloud-ops-agent-fluent-bit/fluent_bit_parser.conf --storage_path /var/lib/google-cloud-ops-agent/fluent-bit/buffers"", ""owner"": ""root"", ""pid"": ""8990"", ""process"": ""all"", ""resource_instance_id"": ""1398563761166861218"", ""resource_project_id"": ""proyecto-2-cloud-509714"", ""resource_type"": ""gce_instance"", ""resource_zone"": ""us-central1-a"", ""vm"": ""mooc-web""}",2018308096
2026-09-27T02:45:15.946606Z,"{""command"": ""google_cloud_ops_agent_wrapper"", ""command_line"": ""/opt/google-cloud-ops-agent/libexec/google_cloud_ops_agent_wrapper -config_path /etc/google-cloud-ops-agent/config.yaml -log_path /var/log/google-cloud-ops-agent/subagents/logging-module.log /opt/google-cloud-ops-agent/subagents/fluent-bit/bin/fluent-bit --config /run/google-cloud-ops-agent-fluent-bit/fluent_bit_main.conf --parser /run/google-cloud-ops-agent-fluent-bit/fluent_bit_parser.conf --storage_path /var/lib/google-cloud-ops-agent/fluent-bit/buffers"", ""owner"": ""root"", ""pid"": ""8990"", ""process"": ""all"", ""resource_instance_id"": ""1398563761166861218"", ""resource_project_id"": ""proyecto-2-cloud-509714"", ""resource_type"": ""gce_instance"", ""resource_zone"": ""us-central1-a"", ""vm"": ""mooc-web""}",2018308096
2026-09-27T02:44:45.944415Z,"{""command"": ""google_cloud_ops_agent_wrapper"", ""command_line"": ""/opt/google-cloud-ops-agent/libexec/google_cloud_ops_agent_wrapper -config_path /etc/google-cloud-ops-agent/config.yaml -log_path /var/log/google-cloud-ops-agent/subagents/logging-module.log /opt/google-cloud-ops-agent/subagents/fluent-bit/bin/fluent-bit --config /run/google-cloud-ops-agent-fluent-bit/fluent_bit_main.conf --parser /run/google-cloud-ops-agent-fluent-bit/fluent_bit_parser.conf --storage_path /var/lib/google-cloud-ops-agent/fluent-bit/buffers"", ""owner"": ""root"", ""pid"": ""8990"", ""process"": ""all"", ""resource_instance_id"": ""1398563761166861218"", ""resource_project_id"": ""proyecto-2-cloud-509714"", ""resource_type"": ""gce_instance"", ""resource_zone"": ""us-central1-a"", ""vm"": ""mooc-web""}",2018308096
2026-09-27T02:44:15.942822Z,"{""command"": ""google_cloud_ops_agent_wrapper"", ""command_line"": ""/opt/google-cloud-ops-agent/libexec/google_cloud_ops_agent_wrapper -config_path /etc/google-cloud-ops-agent/config.yaml -log_path /var/log/google-cloud-ops-agent/subagents/logging-module.log /opt/google-cloud-ops-agent/subagents/fluent-bit/bin/fluent-bit --config /run/google-cloud-ops-agent-fluent-bit/fluent_bit_main.conf --parser /run/google-cloud-ops-agent-fluent-bit/fluent_bit_parser.conf --storage_path /var/lib/google-cloud-ops-agent/fluent-bit/buffers"", ""owner"": ""root"", ""pid"": ""8990"", ""process"": ""all"", ""resource_instance_id"": ""1398563761166861218"", ""resource_project_id"": ""proyecto-2-cloud-509714"", ""resource_type"": ""gce_instance"", ""resource_zone"": ""us-central1-a"", ""vm"": ""mooc-web""}",2018308096
2026-09-27T02:43:45.942520Z,"{""command"": ""google_cloud_ops_agent_wrapper"", ""command_line"": ""/opt/google-cloud-ops-agent/libexec/google_cloud_ops_agent_wrapper -config_path /etc/google-cloud-ops-agent/config.yaml -log_path /var/log/google-cloud-ops-agent/subagents/logging-module.log /opt/google-cloud-ops-agent/subagents/fluent-bit/bin/fluent-bit --config /run/google-cloud-ops-agent-fluent-bit/fluent_bit_main.conf --parser /run/google-cloud-ops-agent-fluent-bit/fluent_bit_parser.conf --storage_path /var/lib/google-cloud-ops-agent/fluent-bit/buffers"", ""owner"": ""root"", ""pid"": ""8990"", ""process"": ""all"", ""resource_instance_id"": ""1398563761166861218"", ""resource_project_id"": ""proyecto-2-cloud-509714"", ""resource_type"": ""gce_instance"", ""resource_zone"": ""us-central1-a"", ""vm"": ""mooc-web""}",2018308096
2026-09-27T02:43:15.941912Z,"{""command"": ""google_cloud_ops_agent_wrapper"", ""command_line"": ""/opt/google-cloud-ops-agent/libexec/google_cloud_ops_agent_wrapper -config_path /etc/google-cloud-ops-agent/config.yaml -log_path /var/log/google-cloud-ops-agent/subagents/logging-module.log /opt/google-cloud-ops-agent/subagents/fluent-bit/bin/fluent-bit --config /run/google-cloud-ops-agent-fluent-bit/fluent_bit_main.conf --parser /run/google-cloud-ops-agent-fluent-bit/fluent_bit_parser.conf --storage_path /var/lib/google-cloud-ops-agent/fluent-bit/buffers"", ""owner"": ""root"", ""pid"": ""8990"", ""process"": ""all"", ""resource_instance_id"": ""1398563761166861218"", ""resource_project_id"": ""proyecto-2-cloud-509714"", ""resource_type"": ""gce_instance"", ""resource_zone"": ""us-central1-a"", ""vm"": ""mooc-web""}",2018308096
2026-09-27T02:42:45.949555Z,"{""command"": ""google_cloud_ops_agent_wrapper"", ""command_line"": ""/opt/google-cloud-ops-agent/libexec/google_cloud_ops_agent_wrapper -config_path /etc/google-cloud-ops-agent/config.yaml -log_path /var/log/google-cloud-ops-agent/subagents/logging-module.log /opt/google-cloud-ops-agent/subagents/fluent-bit/bin/fluent-bit --config /run/google-cloud-ops-agent-fluent-bit/fluent_bit_main.conf --parser /run/google-cloud-ops-agent-fluent-bit/fluent_bit_parser.conf --storage_path /var/lib/google-cloud-ops-agent/fluent-bit/buffers"", ""owner"": ""root"", ""pid"": ""8990"", ""process"": ""all"", ""resource_instance_id"": ""1398563761166861218"", ""resource_project_id"": ""proyecto-2-cloud-509714"", ""resource_type"": ""gce_instance"", ""resource_zone"": ""us-central1-a"", ""vm"": ""mooc-web""}",2018308096
2026-09-27T02:42:15.943559Z,"{""command"": ""google_cloud_ops_agent_wrapper"", ""command_line"": ""/opt/google-cloud-ops-agent/libexec/google_cloud_ops_agent_wrapper -config_path /etc/google-cloud-ops-agent/config.yaml -log_path /var/log/google-cloud-ops-agent/subagents/logging-module.log /opt/google-cloud-ops-agent/subagents/fluent-bit/bin/fluent-bit --config /run/google-cloud-ops-agent-fluent-bit/fluent_bit_main.conf --parser /run/google-cloud-ops-agent-fluent-bit/fluent_bit_parser.conf --storage_path /var/lib/google-cloud-ops-agent/fluent-bit/buffers"", ""owner"": ""root"", ""pid"": ""8990"", ""process"": ""all"", ""resource_instance_id"": ""1398563761166861218"", ""resource_project_id"": ""proyecto-2-cloud-509714"", ""resource_type"": ""gce_instance"", ""resource_zone"": ""us-central1-a"", ""vm"": ""mooc-web""}",2018308096
2026-09-27T02:41:45.943553Z,"{""command"": ""google_cloud_ops_agent_wrapper"", ""command_line"": ""/opt/google-cloud-ops-agent/libexec/google_cloud_ops_agent_wrapper -config_path /etc/google-cloud-ops-agent/config.yaml -log_path /var/log/google-cloud-ops-agent/subagents/logging-module.log /opt/google-cloud-ops-agent/subagents/fluent-bit/bin/fluent-bit --config /run/google-cloud-ops-agent-fluent-bit/fluent_bit_main.conf --parser /run/google-cloud-ops-agent-fluent-bit/fluent_bit_parser.conf --storage_path /var/lib/google-cloud-ops-agent/fluent-bit/buffers"", ""owner"": ""root"", ""pid"": ""8990"", ""process"": ""all"", ""resource_instance_id"": ""1398563761166861218"", ""resource_project_id"": ""proyecto-2-cloud-509714"", ""resource_type"": ""gce_instance"", ""resource_zone"": ""us-central1-a"", ""vm"": ""mooc-web""}",2018308096
2026-09-27T02:41:15.943557Z,"{""command"": ""google_cloud_ops_agent_wrapper"", ""command_line"": ""/opt/google-cloud-ops-agent/libexec/google_cloud_ops_agent_wrapper -config_path /etc/google-cloud-ops-agent/config.yaml -log_path /var/log/google-cloud-ops-agent/subagents/logging-module.log /opt/google-cloud-ops-agent/subagents/fluent-bit/bin/fluent-bit --config /run/google-cloud-ops-agent-fluent-bit/fluent_bit_main.conf --parser /run/google-cloud-ops-agent-fluent-bit/fluent_bit_parser.conf --storage_path /var/lib/google-cloud-ops-agent/fluent-bit/buffers"", ""owner"": ""root"", ""pid"": ""8990"", ""process"": ""all"", ""resource_instance_id"": ""1398563761166861218"", ""resource_project_id"": ""proyecto-2-cloud-509714"", ""resource_type"": ""gce_instance"", ""resource_zone"": ""us-central1-a"", ""vm"": ""mooc-web""}",2018308096
2026-09-27T02:40:45.944134Z,"{""command"": ""google_cloud_ops_agent_wrapper"", ""command_line"": ""/opt/google-cloud-ops-agent/libexec/google_cloud_ops_agent_wrapper -config_path /etc/google-cloud-ops-agent/config.yaml -log_path /var/log/google-cloud-ops-agent/subagents/logging-module.log /opt/google-cloud-ops-agent/subagents/fluent-bit/bin/fluent-bit --config /run/google-cloud-ops-agent-fluent-bit/fluent_bit_main.conf --parser /run/google-cloud-ops-agent-fluent-bit/fluent_bit_parser.conf --storage_path /var/lib/google-cloud-ops-agent/fluent-bit/buffers"", ""owner"": ""root"", ""pid"": ""8990"", ""process"": ""all"", ""resource_instance_id"": ""1398563761166861218"", ""resource_project_id"": ""proyecto-2-cloud-509714"", ""resource_type"": ""gce_instance"", ""resource_zone"": ""us-central1-a"", ""vm"": ""mooc-web""}",1942806528
2026-09-27T02:40:15.942229Z,"{""command"": ""google_cloud_ops_agent_wrapper"", ""command_line"": ""/opt/google-cloud-ops-agent/libexec/google_cloud_ops_agent_wrapper -config_path /etc/google-cloud-ops-agent/config.yaml -log_path /var/log/google-cloud-ops-agent/subagents/logging-module.log /opt/google-cloud-ops-agent/subagents/fluent-bit/bin/fluent-bit --config /run/google-cloud-ops-agent-fluent-bit/fluent_bit_main.conf --parser /run/google-cloud-ops-agent-fluent-bit/fluent_bit_parser.conf --storage_path /var/lib/google-cloud-ops-agent/fluent-bit/buffers"", ""owner"": ""root"", ""pid"": ""8990"", ""process"": ""all"", ""resource_instance_id"": ""1398563761166861218"", ""resource_project_id"": ""proyecto-2-cloud-509714"", ""resource_type"": ""gce_instance"", ""resource_zone"": ""us-central1-a"", ""vm"": ""mooc-web""}",1942806528
2026-09-27T02:39:45.944766Z,"{""command"": ""google_cloud_ops_agent_wrapper"", ""command_line"": ""/opt/google-cloud-ops-agent/libexec/google_cloud_ops_agent_wrapper -config_path /etc/google-cloud-ops-agent/config.yaml -log_path /var/log/google-cloud-ops-agent/subagents/logging-module.log /opt/google-cloud-ops-agent/subagents/fluent-bit/bin/fluent-bit --config /run/google-cloud-ops-agent-fluent-bit/fluent_bit_main.conf --parser /run/google-cloud-ops-agent-fluent-bit/fluent_bit_parser.conf --storage_path /var/lib/google-cloud-ops-agent/fluent-bit/buffers"", ""owner"": ""root"", ""pid"": ""8990"", ""process"": ""all"", ""resource_instance_id"": ""1398563761166861218"", ""resource_project_id"": ""proyecto-2-cloud-509714"", ""resource_type"": ""gce_instance"", ""resource_zone"": ""us-central1-a"", ""vm"": ""mooc-web""}",1942806528
2026-09-27T02:39:15.960064Z,"{""command"": ""google_cloud_ops_agent_wrapper"", ""command_line"": ""/opt/google-cloud-ops-agent/libexec/google_cloud_ops_agent_wrapper -config_path /etc/google-cloud-ops-agent/config.yaml -log_path /var/log/google-cloud-ops-agent/subagents/logging-module.log /opt/google-cloud-ops-agent/subagents/fluent-bit/bin/fluent-bit --config /run/google-cloud-ops-agent-fluent-bit/fluent_bit_main.conf --parser /run/google-cloud-ops-agent-fluent-bit/fluent_bit_parser.conf --storage_path /var/lib/google-cloud-ops-agent/fluent-bit/buffers"", ""owner"": ""root"", ""pid"": ""8990"", ""process"": ""all"", ""resource_instance_id"": ""1398563761166861218"", ""resource_project_id"": ""proyecto-2-cloud-509714"", ""resource_type"": ""gce_instance"", ""resource_zone"": ""us-central1-a"", ""vm"": ""mooc-web""}",1942806528
2026-09-27T02:49:45.944531Z,"{""command"": ""google_guest_agent_manager"", ""command_line"": ""/usr/bin/google_guest_agent_manager"", ""owner"": ""root"", ""pid"": ""439"", ""process"": ""all"", ""resource_instance_id"": ""1398563761166861218"", ""resource_project_id"": ""proyecto-2-cloud-509714"", ""resource_type"": ""gce_instance"", ""resource_zone"": ""us-central1-a"", ""vm"": ""mooc-web""}",1308995584
2026-09-27T02:49:15.938881Z,"{""command"": ""google_guest_agent_manager"", ""command_line"": ""/usr/bin/google_guest_agent_manager"", ""owner"": ""root"", ""pid"": ""439"", ""process"": ""all"", ""resource_instance_id"": ""1398563761166861218"", ""resource_project_id"": ""proyecto-2-cloud-509714"", ""resource_type"": ""gce_instance"", ""resource_zone"": ""us-central1-a"", ""vm"": ""mooc-web""}",1308995584
2026-09-27T02:48:45.939647Z,"{""command"": ""google_guest_agent_manager"", ""command_line"": ""/usr/bin/google_guest_agent_manager"", ""owner"": ""root"", ""pid"": ""439"", ""process"": ""all"", ""resource_instance_id"": ""1398563761166861218"", ""resource_project_id"": ""proyecto-2-cloud-509714"", ""resource_type"": ""gce_instance"", ""resource_zone"": ""us-central1-a"", ""vm"": ""mooc-web""}",1308995584
2026-09-27T02:48:15.951581Z,"{""command"": ""google_guest_agent_manager"", ""command_line"": ""/usr/bin/google_guest_agent_manager"", ""owner"": ""root"", ""pid"": ""439"", ""process"": ""all"", ""resource_instance_id"": ""1398563761166861218"", ""resource_project_id"": ""proyecto-2-cloud-509714"", ""resource_type"": ""gce_instance"", ""resource_zone"": ""us-central1-a"", ""vm"": ""mooc-web""}",1308995584
2026-09-27T02:47:45.940527Z,"{""command"": ""google_guest_agent_manager"", ""command_line"": ""/usr/bin/google_guest_agent_manager"", ""owner"": ""root"", ""pid"": ""439"", ""process"": ""all"", ""resource_instance_id"": ""1398563761166861218"", ""resource_project_id"": ""proyecto-2-cloud-509714"", ""resource_type"": ""gce_instance"", ""resource_zone"": ""us-central1-a"", ""vm"": ""mooc-web""}",1308995584
2026-09-27T02:47:15.939055Z,"{""command"": ""google_guest_agent_manager"", ""command_line"": ""/usr/bin/google_guest_agent_manager"", ""owner"": ""root"", ""pid"": ""439"", ""process"": ""all"", ""resource_instance_id"": ""1398563761166861218"", ""resource_project_id"": ""proyecto-2-cloud-509714"", ""resource_type"": ""gce_instance"", ""resource_zone"": ""us-central1-a"", ""vm"": ""mooc-web""}",1308995584
2026-09-27T02:46:45.941844Z,"{""command"": ""google_guest_agent_manager"", ""command_line"": ""/usr/bin/google_guest_agent_manager"", ""owner"": ""root"", ""pid"": ""439"", ""process"": ""all"", ""resource_instance_id"": ""1398563761166861218"", ""resource_project_id"": ""proyecto-2-cloud-509714"", ""resource_type"": ""gce_instance"", ""resource_zone"": ""us-central1-a"", ""vm"": ""mooc-web""}",1308995584
2026-09-27T02:46:15.939595Z,"{""command"": ""google_guest_agent_manager"", ""command_line"": ""/usr/bin/google_guest_agent_manager"", ""owner"": ""root"", ""pid"": ""439"", ""process"": ""all"", ""resource_instance_id"": ""1398563761166861218"", ""resource_project_id"": ""proyecto-2-cloud-509714"", ""resource_type"": ""gce_instance"", ""resource_zone"": ""us-central1-a"", ""vm"": ""mooc-web""}",1308995584
2026-09-27T02:45:45.946320Z,"{""command"": ""google_guest_agent_manager"", ""command_line"": ""/usr/bin/google_guest_agent_manager"", ""owner"": ""root"", ""pid"": ""439"", ""process"": ""all"", ""resource_instance_id"": ""1398563761166861218"", ""resource_project_id"": ""proyecto-2-cloud-509714"", ""resource_type"": ""gce_instance"", ""resource_zone"": ""us-central1-a"", ""vm"": ""mooc-web""}",1308995584
2026-09-27T02:45:15.944667Z,"{""command"": ""google_guest_agent_manager"", ""command_line"": ""/usr/bin/google_guest_agent_manager"", ""owner"": ""root"", ""pid"": ""439"", ""process"": ""all"", ""resource_instance_id"": ""1398563761166861218"", ""resource_project_id"": ""proyecto-2-cloud-509714"", ""resource_type"": ""gce_instance"", ""resource_zone"": ""us-central1-a"", ""vm"": ""mooc-web""}",1308995584
2026-09-27T02:44:45.941586Z,"{""command"": ""google_guest_agent_manager"", ""command_line"": ""/usr/bin/google_guest_agent_manager"", ""owner"": ""root"", ""pid"": ""439"", ""process"": ""all"", ""resource_instance_id"": ""1398563761166861218"", ""resource_project_id"": ""proyecto-2-cloud-509714"", ""resource_type"": ""gce_instance"", ""resource_zone"": ""us-central1-a"", ""vm"": ""mooc-web""}",1308995584
2026-09-27T02:44:15.940903Z,"{""command"": ""google_guest_agent_manager"", ""command_line"": ""/usr/bin/google_guest_agent_manager"", ""owner"": ""root"", ""pid"": ""439"", ""process"": ""all"", ""resource_instance_id"": ""1398563761166861218"", ""resource_project_id"": ""proyecto-2-cloud-509714"", ""resource_type"": ""gce_instance"", ""resource_zone"": ""us-central1-a"", ""vm"": ""mooc-web""}",1308995584
2026-09-27T02:43:45.939475Z,"{""command"": ""google_guest_agent_manager"", ""command_line"": ""/usr/bin/google_guest_agent_manager"", ""owner"": ""root"", ""pid"": ""439"", ""process"": ""all"", ""resource_instance_id"": ""1398563761166861218"", ""resource_project_id"": ""proyecto-2-cloud-509714"", ""resource_type"": ""gce_instance"", ""resource_zone"": ""us-central1-a"", ""vm"": ""mooc-web""}",1308995584
2026-09-27T02:43:15.939781Z,"{""command"": ""google_guest_agent_manager"", ""command_line"": ""/usr/bin/google_guest_agent_manager"", ""owner"": ""root"", ""pid"": ""439"", ""process"": ""all"", ""resource_instance_id"": ""1398563761166861218"", ""resource_project_id"": ""proyecto-2-cloud-509714"", ""resource_type"": ""gce_instance"", ""resource_zone"": ""us-central1-a"", ""vm"": ""mooc-web""}",1308995584
2026-09-27T02:42:45.947332Z,"{""command"": ""google_guest_agent_manager"", ""command_line"": ""/usr/bin/google_guest_agent_manager"", ""owner"": ""root"", ""pid"": ""439"", ""process"": ""all"", ""resource_instance_id"": ""1398563761166861218"", ""resource_project_id"": ""proyecto-2-cloud-509714"", ""resource_type"": ""gce_instance"", ""resource_zone"": ""us-central1-a"", ""vm"": ""mooc-web""}",1308995584
2026-09-27T02:42:15.940377Z,"{""command"": ""google_guest_agent_manager"", ""command_line"": ""/usr/bin/google_guest_agent_manager"", ""owner"": ""root"", ""pid"": ""439"", ""process"": ""all"", ""resource_instance_id"": ""1398563761166861218"", ""resource_project_id"": ""proyecto-2-cloud-509714"", ""resource_type"": ""gce_instance"", ""resource_zone"": ""us-central1-a"", ""vm"": ""mooc-web""}",1308995584
2026-09-27T02:41:45.941385Z,"{""command"": ""google_guest_agent_manager"", ""command_line"": ""/usr/bin/google_guest_agent_manager"", ""owner"": ""root"", ""pid"": ""439"", ""process"": ""all"", ""resource_instance_id"": ""1398563761166861218"", ""resource_project_id"": ""proyecto-2-cloud-509714"", ""resource_type"": ""gce_instance"", ""resource_zone"": ""us-central1-a"", ""vm"": ""mooc-web""}",1308995584
2026-09-27T02:41:15.941286Z,"{""command"": ""google_guest_agent_manager"", ""command_line"": ""/usr/bin/google_guest_agent_manager"", ""owner"": ""root"", ""pid"": ""439"", ""process"": ""all"", ""resource_instance_id"": ""1398563761166861218"", ""resource_project_id"": ""proyecto-2-cloud-509714"", ""resource_type"": ""gce_instance"", ""resource_zone"": ""us-central1-a"", ""vm"": ""mooc-web""}",1308995584
2026-09-27T02:40:45.941876Z,"{""command"": ""google_guest_agent_manager"", ""command_line"": ""/usr/bin/google_guest_agent_manager"", ""owner"": ""root"", ""pid"": ""439"", ""process"": ""all"", ""resource_instance_id"": ""1398563761166861218"", ""resource_project_id"": ""proyecto-2-cloud-509714"", ""resource_type"": ""gce_instance"", ""resource_zone"": ""us-central1-a"", ""vm"": ""mooc-web""}",1308995584
2026-09-27T02:40:15.940153Z,"{""command"": ""google_guest_agent_manager"", ""command_line"": ""/usr/bin/google_guest_agent_manager"", ""owner"": ""root"", ""pid"": ""439"", ""process"": ""all"", ""resource_instance_id"": ""1398563761166861218"", ""resource_project_id"": ""proyecto-2-cloud-509714"", ""resource_type"": ""gce_instance"", ""resource_zone"": ""us-central1-a"", ""vm"": ""mooc-web""}",1308995584
2026-09-27T02:39:45.941705Z,"{""command"": ""google_guest_agent_manager"", ""command_line"": ""/usr/bin/google_guest_agent_manager"", ""owner"": ""root"", ""pid"": ""439"", ""process"": ""all"", ""resource_instance_id"": ""1398563761166861218"", ""resource_project_id"": ""proyecto-2-cloud-509714"", ""resource_type"": ""gce_instance"", ""resource_zone"": ""us-central1-a"", ""vm"": ""mooc-web""}",1308995584
2026-09-27T02:39:15.956662Z,"{""command"": ""google_guest_agent_manager"", ""command_line"": ""/usr/bin/google_guest_agent_manager"", ""owner"": ""root"", ""pid"": ""439"", ""process"": ""all"", ""resource_instance_id"": ""1398563761166861218"", ""resource_project_id"": ""proyecto-2-cloud-509714"", ""resource_type"": ""gce_instance"", ""resource_zone"": ""us-central1-a"", ""vm"": ""mooc-web""}",1308995584
2026-09-27T02:49:45.944587Z,"{""command"": ""google_guest_compat_manager"", ""command_line"": ""/usr/bin/google_guest_compat_manager"", ""owner"": ""root"", ""pid"": ""440"", ""process"": ""all"", ""resource_instance_id"": ""1398563761166861218"", ""resource_project_id"": ""proyecto-2-cloud-509714"", ""resource_type"": ""gce_instance"", ""resource_zone"": ""us-central1-a"", ""vm"": ""mooc-web""}",1307832320
2026-09-27T02:49:15.939231Z,"{""command"": ""google_guest_compat_manager"", ""command_line"": ""/usr/bin/google_guest_compat_manager"", ""owner"": ""root"", ""pid"": ""440"", ""process"": ""all"", ""resource_instance_id"": ""1398563761166861218"", ""resource_project_id"": ""proyecto-2-cloud-509714"", ""resource_type"": ""gce_instance"", ""resource_zone"": ""us-central1-a"", ""vm"": ""mooc-web""}",1307832320
2026-09-27T02:48:45.939707Z,"{""command"": ""google_guest_compat_manager"", ""command_line"": ""/usr/bin/google_guest_compat_manager"", ""owner"": ""root"", ""pid"": ""440"", ""process"": ""all"", ""resource_instance_id"": ""1398563761166861218"", ""resource_project_id"": ""proyecto-2-cloud-509714"", ""resource_type"": ""gce_instance"", ""resource_zone"": ""us-central1-a"", ""vm"": ""mooc-web""}",1307832320
2026-09-27T02:48:15.951638Z,"{""command"": ""google_guest_compat_manager"", ""command_line"": ""/usr/bin/google_guest_compat_manager"", ""owner"": ""root"", ""pid"": ""440"", ""process"": ""all"", ""resource_instance_id"": ""1398563761166861218"", ""resource_project_id"": ""proyecto-2-cloud-509714"", ""resource_type"": ""gce_instance"", ""resource_zone"": ""us-central1-a"", ""vm"": ""mooc-web""}",1307832320
2026-09-27T02:47:45.940613Z,"{""command"": ""google_guest_compat_manager"", ""command_line"": ""/usr/bin/google_guest_compat_manager"", ""owner"": ""root"", ""pid"": ""440"", ""process"": ""all"", ""resource_instance_id"": ""1398563761166861218"", ""resource_project_id"": ""proyecto-2-cloud-509714"", ""resource_type"": ""gce_instance"", ""resource_zone"": ""us-central1-a"", ""vm"": ""mooc-web""}",1307824128
2026-09-27T02:47:15.939112Z,"{""command"": ""google_guest_compat_manager"", ""command_line"": ""/usr/bin/google_guest_compat_manager"", ""owner"": ""root"", ""pid"": ""440"", ""process"": ""all"", ""resource_instance_id"": ""1398563761166861218"", ""resource_project_id"": ""proyecto-2-cloud-509714"", ""resource_type"": ""gce_instance"", ""resource_zone"": ""us-central1-a"", ""vm"": ""mooc-web""}",1307824128
2026-09-27T02:46:45.941914Z,"{""command"": ""google_guest_compat_manager"", ""command_line"": ""/usr/bin/google_guest_compat_manager"", ""owner"": ""root"", ""pid"": ""440"", ""process"": ""all"", ""resource_instance_id"": ""1398563761166861218"", ""resource_project_id"": ""proyecto-2-cloud-509714"", ""resource_type"": ""gce_instance"", ""resource_zone"": ""us-central1-a"", ""vm"": ""mooc-web""}",1307824128
2026-09-27T02:46:15.939677Z,"{""command"": ""google_guest_compat_manager"", ""command_line"": ""/usr/bin/google_guest_compat_manager"", ""owner"": ""root"", ""pid"": ""440"", ""process"": ""all"", ""resource_instance_id"": ""1398563761166861218"", ""resource_project_id"": ""proyecto-2-cloud-509714"", ""resource_type"": ""gce_instance"", ""resource_zone"": ""us-central1-a"", ""vm"": ""mooc-web""}",1307824128
2026-09-27T02:45:45.946401Z,"{""command"": ""google_guest_compat_manager"", ""command_line"": ""/usr/bin/google_guest_compat_manager"", ""owner"": ""root"", ""pid"": ""440"", ""process"": ""all"", ""resource_instance_id"": ""1398563761166861218"", ""resource_project_id"": ""proyecto-2-cloud-509714"", ""resource_type"": ""gce_instance"", ""resource_zone"": ""us-central1-a"", ""vm"": ""mooc-web""}",1307234304
2026-09-27T02:45:15.944727Z,"{""command"": ""google_guest_compat_manager"", ""command_line"": ""/usr/bin/google_guest_compat_manager"", ""owner"": ""root"", ""pid"": ""440"", ""process"": ""all"", ""resource_instance_id"": ""1398563761166861218"", ""resource_project_id"": ""proyecto-2-cloud-509714"", ""resource_type"": ""gce_instance"", ""resource_zone"": ""us-central1-a"", ""vm"": ""mooc-web""}",1307234304
2026-09-27T02:44:45.941676Z,"{""command"": ""google_guest_compat_manager"", ""command_line"": ""/usr/bin/google_guest_compat_manager"", ""owner"": ""root"", ""pid"": ""440"", ""process"": ""all"", ""resource_instance_id"": ""1398563761166861218"", ""resource_project_id"": ""proyecto-2-cloud-509714"", ""resource_type"": ""gce_instance"", ""resource_zone"": ""us-central1-a"", ""vm"": ""mooc-web""}",1307234304
2026-09-27T02:44:15.940958Z,"{""command"": ""google_guest_compat_manager"", ""command_line"": ""/usr/bin/google_guest_compat_manager"", ""owner"": ""root"", ""pid"": ""440"", ""process"": ""all"", ""resource_instance_id"": ""1398563761166861218"", ""resource_project_id"": ""proyecto-2-cloud-509714"", ""resource_type"": ""gce_instance"", ""resource_zone"": ""us-central1-a"", ""vm"": ""mooc-web""}",1307234304
2026-09-27T02:43:45.939529Z,"{""command"": ""google_guest_compat_manager"", ""command_line"": ""/usr/bin/google_guest_compat_manager"", ""owner"": ""root"", ""pid"": ""440"", ""process"": ""all"", ""resource_instance_id"": ""1398563761166861218"", ""resource_project_id"": ""proyecto-2-cloud-509714"", ""resource_type"": ""gce_instance"", ""resource_zone"": ""us-central1-a"", ""vm"": ""mooc-web""}",1306636288
2026-09-27T02:43:15.939836Z,"{""command"": ""google_guest_compat_manager"", ""command_line"": ""/usr/bin/google_guest_compat_manager"", ""owner"": ""root"", ""pid"": ""440"", ""process"": ""all"", ""resource_instance_id"": ""1398563761166861218"", ""resource_project_id"": ""proyecto-2-cloud-509714"", ""resource_type"": ""gce_instance"", ""resource_zone"": ""us-central1-a"", ""vm"": ""mooc-web""}",1306636288
2026-09-27T02:42:45.947388Z,"{""command"": ""google_guest_compat_manager"", ""command_line"": ""/usr/bin/google_guest_compat_manager"", ""owner"": ""root"", ""pid"": ""440"", ""process"": ""all"", ""resource_instance_id"": ""1398563761166861218"", ""resource_project_id"": ""proyecto-2-cloud-509714"", ""resource_type"": ""gce_instance"", ""resource_zone"": ""us-central1-a"", ""vm"": ""mooc-web""}",1306636288
2026-09-27T02:42:15.940470Z,"{""command"": ""google_guest_compat_manager"", ""command_line"": ""/usr/bin/google_guest_compat_manager"", ""owner"": ""root"", ""pid"": ""440"", ""process"": ""all"", ""resource_instance_id"": ""1398563761166861218"", ""resource_project_id"": ""proyecto-2-cloud-509714"", ""resource_type"": ""gce_instance"", ""resource_zone"": ""us-central1-a"", ""vm"": ""mooc-web""}",1306636288
2026-09-27T02:41:45.941441Z,"{""command"": ""google_guest_compat_manager"", ""command_line"": ""/usr/bin/google_guest_compat_manager"", ""owner"": ""root"", ""pid"": ""440"", ""process"": ""all"", ""resource_instance_id"": ""1398563761166861218"", ""resource_project_id"": ""proyecto-2-cloud-509714"", ""resource_type"": ""gce_instance"", ""resource_zone"": ""us-central1-a"", ""vm"": ""mooc-web""}",1306636288
2026-09-27T02:41:15.941340Z,"{""command"": ""google_guest_compat_manager"", ""command_line"": ""/usr/bin/google_guest_compat_manager"", ""owner"": ""root"", ""pid"": ""440"", ""process"": ""all"", ""resource_instance_id"": ""1398563761166861218"", ""resource_project_id"": ""proyecto-2-cloud-509714"", ""resource_type"": ""gce_instance"", ""resource_zone"": ""us-central1-a"", ""vm"": ""mooc-web""}",1306636288
2026-09-27T02:40:45.941931Z,"{""command"": ""google_guest_compat_manager"", ""command_line"": ""/usr/bin/google_guest_compat_manager"", ""owner"": ""root"", ""pid"": ""440"", ""process"": ""all"", ""resource_instance_id"": ""1398563761166861218"", ""resource_project_id"": ""proyecto-2-cloud-509714"", ""resource_type"": ""gce_instance"", ""resource_zone"": ""us-central1-a"", ""vm"": ""mooc-web""}",1306636288
2026-09-27T02:40:15.940208Z,"{""command"": ""google_guest_compat_manager"", ""command_line"": ""/usr/bin/google_guest_compat_manager"", ""owner"": ""root"", ""pid"": ""440"", ""process"": ""all"", ""resource_instance_id"": ""1398563761166861218"", ""resource_project_id"": ""proyecto-2-cloud-509714"", ""resource_type"": ""gce_instance"", ""resource_zone"": ""us-central1-a"", ""vm"": ""mooc-web""}",1306636288
2026-09-27T02:39:45.941796Z,"{""command"": ""google_guest_compat_manager"", ""command_line"": ""/usr/bin/google_guest_compat_manager"", ""owner"": ""root"", ""pid"": ""440"", ""process"": ""all"", ""resource_instance_id"": ""1398563761166861218"", ""resource_project_id"": ""proyecto-2-cloud-509714"", ""resource_type"": ""gce_instance"", ""resource_zone"": ""us-central1-a"", ""vm"": ""mooc-web""}",1306636288
2026-09-27T02:39:15.956739Z,"{""command"": ""google_guest_compat_manager"", ""command_line"": ""/usr/bin/google_guest_compat_manager"", ""owner"": ""root"", ""pid"": ""440"", ""process"": ""all"", ""resource_instance_id"": ""1398563761166861218"", ""resource_project_id"": ""proyecto-2-cloud-509714"", ""resource_type"": ""gce_instance"", ""resource_zone"": ""us-central1-a"", ""vm"": ""mooc-web""}",1306636288
2026-09-27T02:49:45.944639Z,"{""command"": ""google_osconfig_agent"", ""command_line"": ""/usr/bin/google_osconfig_agent"", ""owner"": ""root"", ""pid"": ""451"", ""process"": ""all"", ""resource_instance_id"": ""1398563761166861218"", ""resource_project_id"": ""proyecto-2-cloud-509714"", ""resource_type"": ""gce_instance"", ""resource_zone"": ""us-central1-a"", ""vm"": ""mooc-web""}",1320706048
2026-09-27T02:49:15.939297Z,"{""command"": ""google_osconfig_agent"", ""command_line"": ""/usr/bin/google_osconfig_agent"", ""owner"": ""root"", ""pid"": ""451"", ""process"": ""all"", ""resource_instance_id"": ""1398563761166861218"", ""resource_project_id"": ""proyecto-2-cloud-509714"", ""resource_type"": ""gce_instance"", ""resource_zone"": ""us-central1-a"", ""vm"": ""mooc-web""}",1320706048
2026-09-27T02:48:45.939761Z,"{""command"": ""google_osconfig_agent"", ""command_line"": ""/usr/bin/google_osconfig_agent"", ""owner"": ""root"", ""pid"": ""451"", ""process"": ""all"", ""resource_instance_id"": ""1398563761166861218"", ""resource_project_id"": ""proyecto-2-cloud-509714"", ""resource_type"": ""gce_instance"", ""resource_zone"": ""us-central1-a"", ""vm"": ""mooc-web""}",1320706048
2026-09-27T02:48:15.951717Z,"{""command"": ""google_osconfig_agent"", ""command_line"": ""/usr/bin/google_osconfig_agent"", ""owner"": ""root"", ""pid"": ""451"", ""process"": ""all"", ""resource_instance_id"": ""1398563761166861218"", ""resource_project_id"": ""proyecto-2-cloud-509714"", ""resource_type"": ""gce_instance"", ""resource_zone"": ""us-central1-a"", ""vm"": ""mooc-web""}",1320706048
2026-09-27T02:47:45.940697Z,"{""command"": ""google_osconfig_agent"", ""command_line"": ""/usr/bin/google_osconfig_agent"", ""owner"": ""root"", ""pid"": ""451"", ""process"": ""all"", ""resource_instance_id"": ""1398563761166861218"", ""resource_project_id"": ""proyecto-2-cloud-509714"", ""resource_type"": ""gce_instance"", ""resource_zone"": ""us-central1-a"", ""vm"": ""mooc-web""}",1320706048
2026-09-27T02:47:15.939165Z,"{""command"": ""google_osconfig_agent"", ""command_line"": ""/usr/bin/google_osconfig_agent"", ""owner"": ""root"", ""pid"": ""451"", ""process"": ""all"", ""resource_instance_id"": ""1398563761166861218"", ""resource_project_id"": ""proyecto-2-cloud-509714"", ""resource_type"": ""gce_instance"", ""resource_zone"": ""us-central1-a"", ""vm"": ""mooc-web""}",1320706048
2026-09-27T02:46:45.941990Z,"{""command"": ""google_osconfig_agent"", ""command_line"": ""/usr/bin/google_osconfig_agent"", ""owner"": ""root"", ""pid"": ""451"", ""process"": ""all"", ""resource_instance_id"": ""1398563761166861218"", ""resource_project_id"": ""proyecto-2-cloud-509714"", ""resource_type"": ""gce_instance"", ""resource_zone"": ""us-central1-a"", ""vm"": ""mooc-web""}",1320706048
2026-09-27T02:46:15.939760Z,"{""command"": ""google_osconfig_agent"", ""command_line"": ""/usr/bin/google_osconfig_agent"", ""owner"": ""root"", ""pid"": ""451"", ""process"": ""all"", ""resource_instance_id"": ""1398563761166861218"", ""resource_project_id"": ""proyecto-2-cloud-509714"", ""resource_type"": ""gce_instance"", ""resource_zone"": ""us-central1-a"", ""vm"": ""mooc-web""}",1320706048
2026-09-27T02:45:45.946507Z,"{""command"": ""google_osconfig_agent"", ""command_line"": ""/usr/bin/google_osconfig_agent"", ""owner"": ""root"", ""pid"": ""451"", ""process"": ""all"", ""resource_instance_id"": ""1398563761166861218"", ""resource_project_id"": ""proyecto-2-cloud-509714"", ""resource_type"": ""gce_instance"", ""resource_zone"": ""us-central1-a"", ""vm"": ""mooc-web""}",1320706048
2026-09-27T02:45:15.944778Z,"{""command"": ""google_osconfig_agent"", ""command_line"": ""/usr/bin/google_osconfig_agent"", ""owner"": ""root"", ""pid"": ""451"", ""process"": ""all"", ""resource_instance_id"": ""1398563761166861218"", ""resource_project_id"": ""proyecto-2-cloud-509714"", ""resource_type"": ""gce_instance"", ""resource_zone"": ""us-central1-a"", ""vm"": ""mooc-web""}",1320706048
2026-09-27T02:44:45.941763Z,"{""command"": ""google_osconfig_agent"", ""command_line"": ""/usr/bin/google_osconfig_agent"", ""owner"": ""root"", ""pid"": ""451"", ""process"": ""all"", ""resource_instance_id"": ""1398563761166861218"", ""resource_project_id"": ""proyecto-2-cloud-509714"", ""resource_type"": ""gce_instance"", ""resource_zone"": ""us-central1-a"", ""vm"": ""mooc-web""}",1320706048
2026-09-27T02:44:15.941011Z,"{""command"": ""google_osconfig_agent"", ""command_line"": ""/usr/bin/google_osconfig_agent"", ""owner"": ""root"", ""pid"": ""451"", ""process"": ""all"", ""resource_instance_id"": ""1398563761166861218"", ""resource_project_id"": ""proyecto-2-cloud-509714"", ""resource_type"": ""gce_instance"", ""resource_zone"": ""us-central1-a"", ""vm"": ""mooc-web""}",1320706048
2026-09-27T02:43:45.939582Z,"{""command"": ""google_osconfig_agent"", ""command_line"": ""/usr/bin/google_osconfig_agent"", ""owner"": ""root"", ""pid"": ""451"", ""process"": ""all"", ""resource_instance_id"": ""1398563761166861218"", ""resource_project_id"": ""proyecto-2-cloud-509714"", ""resource_type"": ""gce_instance"", ""resource_zone"": ""us-central1-a"", ""vm"": ""mooc-web""}",1320706048
2026-09-27T02:43:15.939889Z,"{""command"": ""google_osconfig_agent"", ""command_line"": ""/usr/bin/google_osconfig_agent"", ""owner"": ""root"", ""pid"": ""451"", ""process"": ""all"", ""resource_instance_id"": ""1398563761166861218"", ""resource_project_id"": ""proyecto-2-cloud-509714"", ""resource_type"": ""gce_instance"", ""resource_zone"": ""us-central1-a"", ""vm"": ""mooc-web""}",1320706048
2026-09-27T02:42:45.947493Z,"{""command"": ""google_osconfig_agent"", ""command_line"": ""/usr/bin/google_osconfig_agent"", ""owner"": ""root"", ""pid"": ""451"", ""process"": ""all"", ""resource_instance_id"": ""1398563761166861218"", ""resource_project_id"": ""proyecto-2-cloud-509714"", ""resource_type"": ""gce_instance"", ""resource_zone"": ""us-central1-a"", ""vm"": ""mooc-web""}",1320706048
2026-09-27T02:42:15.940555Z,"{""command"": ""google_osconfig_agent"", ""command_line"": ""/usr/bin/google_osconfig_agent"", ""owner"": ""root"", ""pid"": ""451"", ""process"": ""all"", ""resource_instance_id"": ""1398563761166861218"", ""resource_project_id"": ""proyecto-2-cloud-509714"", ""resource_type"": ""gce_instance"", ""resource_zone"": ""us-central1-a"", ""vm"": ""mooc-web""}",1320706048
2026-09-27T02:41:45.941493Z,"{""command"": ""google_osconfig_agent"", ""command_line"": ""/usr/bin/google_osconfig_agent"", ""owner"": ""root"", ""pid"": ""451"", ""process"": ""all"", ""resource_instance_id"": ""1398563761166861218"", ""resource_project_id"": ""proyecto-2-cloud-509714"", ""resource_type"": ""gce_instance"", ""resource_zone"": ""us-central1-a"", ""vm"": ""mooc-web""}",1320706048
2026-09-27T02:41:15.941401Z,"{""command"": ""google_osconfig_agent"", ""command_line"": ""/usr/bin/google_osconfig_agent"", ""owner"": ""root"", ""pid"": ""451"", ""process"": ""all"", ""resource_instance_id"": ""1398563761166861218"", ""resource_project_id"": ""proyecto-2-cloud-509714"", ""resource_type"": ""gce_instance"", ""resource_zone"": ""us-central1-a"", ""vm"": ""mooc-web""}",1320706048
2026-09-27T02:40:45.941986Z,"{""command"": ""google_osconfig_agent"", ""command_line"": ""/usr/bin/google_osconfig_agent"", ""owner"": ""root"", ""pid"": ""451"", ""process"": ""all"", ""resource_instance_id"": ""1398563761166861218"", ""resource_project_id"": ""proyecto-2-cloud-509714"", ""resource_type"": ""gce_instance"", ""resource_zone"": ""us-central1-a"", ""vm"": ""mooc-web""}",1320706048
2026-09-27T02:40:15.940261Z,"{""command"": ""google_osconfig_agent"", ""command_line"": ""/usr/bin/google_osconfig_agent"", ""owner"": ""root"", ""pid"": ""451"", ""process"": ""all"", ""resource_instance_id"": ""1398563761166861218"", ""resource_project_id"": ""proyecto-2-cloud-509714"", ""resource_type"": ""gce_instance"", ""resource_zone"": ""us-central1-a"", ""vm"": ""mooc-web""}",1320706048
2026-09-27T02:39:45.941877Z,"{""command"": ""google_osconfig_agent"", ""command_line"": ""/usr/bin/google_osconfig_agent"", ""owner"": ""root"", ""pid"": ""451"", ""process"": ""all"", ""resource_instance_id"": ""1398563761166861218"", ""resource_project_id"": ""proyecto-2-cloud-509714"", ""resource_type"": ""gce_instance"", ""resource_zone"": ""us-central1-a"", ""vm"": ""mooc-web""}",1320706048
2026-09-27T02:39:15.956830Z,"{""command"": ""google_osconfig_agent"", ""command_line"": ""/usr/bin/google_osconfig_agent"", ""owner"": ""root"", ""pid"": ""451"", ""process"": ""all"", ""resource_instance_id"": ""1398563761166861218"", ""resource_project_id"": ""proyecto-2-cloud-509714"", ""resource_type"": ""gce_instance"", ""resource_zone"": ""us-central1-a"", ""vm"": ""mooc-web""}",1320706048
2026-09-27T02:49:45.945209Z,"{""command"": ""guest_telemetry"", ""command_line"": ""/usr/lib/google/guest_agent/GuestTelemetryExtension/guest_telemetry --protocol=unix --address=/run/google-guest-agent/plugin-connections/GuestTelemetryExtension_1.0.sock --errorlogfile=/var/lib/google-guest-agent/1398563761166861218/agent_state/plugins/GuestTelemetryExtension/plugin.log"", ""owner"": ""root"", ""pid"": ""5543"", ""process"": ""all"", ""resource_instance_id"": ""1398563761166861218"", ""resource_project_id"": ""proyecto-2-cloud-509714"", ""resource_type"": ""gce_instance"", ""resource_zone"": ""us-central1-a"", ""vm"": ""mooc-web""}",1307140096
2026-09-27T02:49:15.939842Z,"{""command"": ""guest_telemetry"", ""command_line"": ""/usr/lib/google/guest_agent/GuestTelemetryExtension/guest_telemetry --protocol=unix --address=/run/google-guest-agent/plugin-connections/GuestTelemetryExtension_1.0.sock --errorlogfile=/var/lib/google-guest-agent/1398563761166861218/agent_state/plugins/GuestTelemetryExtension/plugin.log"", ""owner"": ""root"", ""pid"": ""5543"", ""process"": ""all"", ""resource_instance_id"": ""1398563761166861218"", ""resource_project_id"": ""proyecto-2-cloud-509714"", ""resource_type"": ""gce_instance"", ""resource_zone"": ""us-central1-a"", ""vm"": ""mooc-web""}",1307140096
2026-09-27T02:48:45.940482Z,"{""command"": ""guest_telemetry"", ""command_line"": ""/usr/lib/google/guest_agent/GuestTelemetryExtension/guest_telemetry --protocol=unix --address=/run/google-guest-agent/plugin-connections/GuestTelemetryExtension_1.0.sock --errorlogfile=/var/lib/google-guest-agent/1398563761166861218/agent_state/plugins/GuestTelemetryExtension/plugin.log"", ""owner"": ""root"", ""pid"": ""5543"", ""process"": ""all"", ""resource_instance_id"": ""1398563761166861218"", ""resource_project_id"": ""proyecto-2-cloud-509714"", ""resource_type"": ""gce_instance"", ""resource_zone"": ""us-central1-a"", ""vm"": ""mooc-web""}",1307140096
2026-09-27T02:48:15.952355Z,"{""command"": ""guest_telemetry"", ""command_line"": ""/usr/lib/google/guest_agent/GuestTelemetryExtension/guest_telemetry --protocol=unix --address=/run/google-guest-agent/plugin-connections/GuestTelemetryExtension_1.0.sock --errorlogfile=/var/lib/google-guest-agent/1398563761166861218/agent_state/plugins/GuestTelemetryExtension/plugin.log"", ""owner"": ""root"", ""pid"": ""5543"", ""process"": ""all"", ""resource_instance_id"": ""1398563761166861218"", ""resource_project_id"": ""proyecto-2-cloud-509714"", ""resource_type"": ""gce_instance"", ""resource_zone"": ""us-central1-a"", ""vm"": ""mooc-web""}",1307140096
2026-09-27T02:47:45.941531Z,"{""command"": ""guest_telemetry"", ""command_line"": ""/usr/lib/google/guest_agent/GuestTelemetryExtension/guest_telemetry --protocol=unix --address=/run/google-guest-agent/plugin-connections/GuestTelemetryExtension_1.0.sock --errorlogfile=/var/lib/google-guest-agent/1398563761166861218/agent_state/plugins/GuestTelemetryExtension/plugin.log"", ""owner"": ""root"", ""pid"": ""5543"", ""process"": ""all"", ""resource_instance_id"": ""1398563761166861218"", ""resource_project_id"": ""proyecto-2-cloud-509714"", ""resource_type"": ""gce_instance"", ""resource_zone"": ""us-central1-a"", ""vm"": ""mooc-web""}",1307140096
2026-09-27T02:47:15.939703Z,"{""command"": ""guest_telemetry"", ""command_line"": ""/usr/lib/google/guest_agent/GuestTelemetryExtension/guest_telemetry --protocol=unix --address=/run/google-guest-agent/plugin-connections/GuestTelemetryExtension_1.0.sock --errorlogfile=/var/lib/google-guest-agent/1398563761166861218/agent_state/plugins/GuestTelemetryExtension/plugin.log"", ""owner"": ""root"", ""pid"": ""5543"", ""process"": ""all"", ""resource_instance_id"": ""1398563761166861218"", ""resource_project_id"": ""proyecto-2-cloud-509714"", ""resource_type"": ""gce_instance"", ""resource_zone"": ""us-central1-a"", ""vm"": ""mooc-web""}",1307140096
2026-09-27T02:46:45.942837Z,"{""command"": ""guest_telemetry"", ""command_line"": ""/usr/lib/google/guest_agent/GuestTelemetryExtension/guest_telemetry --protocol=unix --address=/run/google-guest-agent/plugin-connections/GuestTelemetryExtension_1.0.sock --errorlogfile=/var/lib/google-guest-agent/1398563761166861218/agent_state/plugins/GuestTelemetryExtension/plugin.log"", ""owner"": ""root"", ""pid"": ""5543"", ""process"": ""all"", ""resource_instance_id"": ""1398563761166861218"", ""resource_project_id"": ""proyecto-2-cloud-509714"", ""resource_type"": ""gce_instance"", ""resource_zone"": ""us-central1-a"", ""vm"": ""mooc-web""}",1307140096
2026-09-27T02:46:15.940580Z,"{""command"": ""guest_telemetry"", ""command_line"": ""/usr/lib/google/guest_agent/GuestTelemetryExtension/guest_telemetry --protocol=unix --address=/run/google-guest-agent/plugin-connections/GuestTelemetryExtension_1.0.sock --errorlogfile=/var/lib/google-guest-agent/1398563761166861218/agent_state/plugins/GuestTelemetryExtension/plugin.log"", ""owner"": ""root"", ""pid"": ""5543"", ""process"": ""all"", ""resource_instance_id"": ""1398563761166861218"", ""resource_project_id"": ""proyecto-2-cloud-509714"", ""resource_type"": ""gce_instance"", ""resource_zone"": ""us-central1-a"", ""vm"": ""mooc-web""}",1307140096
2026-09-27T02:45:45.947436Z,"{""command"": ""guest_telemetry"", ""command_line"": ""/usr/lib/google/guest_agent/GuestTelemetryExtension/guest_telemetry --protocol=unix --address=/run/google-guest-agent/plugin-connections/GuestTelemetryExtension_1.0.sock --errorlogfile=/var/lib/google-guest-agent/1398563761166861218/agent_state/plugins/GuestTelemetryExtension/plugin.log"", ""owner"": ""root"", ""pid"": ""5543"", ""process"": ""all"", ""resource_instance_id"": ""1398563761166861218"", ""resource_project_id"": ""proyecto-2-cloud-509714"", ""resource_type"": ""gce_instance"", ""resource_zone"": ""us-central1-a"", ""vm"": ""mooc-web""}",1307140096
2026-09-27T02:45:15.945326Z,"{""command"": ""guest_telemetry"", ""command_line"": ""/usr/lib/google/guest_agent/GuestTelemetryExtension/guest_telemetry --protocol=unix --address=/run/google-guest-agent/plugin-connections/GuestTelemetryExtension_1.0.sock --errorlogfile=/var/lib/google-guest-agent/1398563761166861218/agent_state/plugins/GuestTelemetryExtension/plugin.log"", ""owner"": ""root"", ""pid"": ""5543"", ""process"": ""all"", ""resource_instance_id"": ""1398563761166861218"", ""resource_project_id"": ""proyecto-2-cloud-509714"", ""resource_type"": ""gce_instance"", ""resource_zone"": ""us-central1-a"", ""vm"": ""mooc-web""}",1307140096
2026-09-27T02:44:45.942665Z,"{""command"": ""guest_telemetry"", ""command_line"": ""/usr/lib/google/guest_agent/GuestTelemetryExtension/guest_telemetry --protocol=unix --address=/run/google-guest-agent/plugin-connections/GuestTelemetryExtension_1.0.sock --errorlogfile=/var/lib/google-guest-agent/1398563761166861218/agent_state/plugins/GuestTelemetryExtension/plugin.log"", ""owner"": ""root"", ""pid"": ""5543"", ""process"": ""all"", ""resource_instance_id"": ""1398563761166861218"", ""resource_project_id"": ""proyecto-2-cloud-509714"", ""resource_type"": ""gce_instance"", ""resource_zone"": ""us-central1-a"", ""vm"": ""mooc-web""}",1307140096
2026-09-27T02:44:15.941634Z,"{""command"": ""guest_telemetry"", ""command_line"": ""/usr/lib/google/guest_agent/GuestTelemetryExtension/guest_telemetry --protocol=unix --address=/run/google-guest-agent/plugin-connections/GuestTelemetryExtension_1.0.sock --errorlogfile=/var/lib/google-guest-agent/1398563761166861218/agent_state/plugins/GuestTelemetryExtension/plugin.log"", ""owner"": ""root"", ""pid"": ""5543"", ""process"": ""all"", ""resource_instance_id"": ""1398563761166861218"", ""resource_project_id"": ""proyecto-2-cloud-509714"", ""resource_type"": ""gce_instance"", ""resource_zone"": ""us-central1-a"", ""vm"": ""mooc-web""}",1307140096
2026-09-27T02:43:45.940401Z,"{""command"": ""guest_telemetry"", ""command_line"": ""/usr/lib/google/guest_agent/GuestTelemetryExtension/guest_telemetry --protocol=unix --address=/run/google-guest-agent/plugin-connections/GuestTelemetryExtension_1.0.sock --errorlogfile=/var/lib/google-guest-agent/1398563761166861218/agent_state/plugins/GuestTelemetryExtension/plugin.log"", ""owner"": ""root"", ""pid"": ""5543"", ""process"": ""all"", ""resource_instance_id"": ""1398563761166861218"", ""resource_project_id"": ""proyecto-2-cloud-509714"", ""resource_type"": ""gce_instance"", ""resource_zone"": ""us-central1-a"", ""vm"": ""mooc-web""}",1307140096
2026-09-27T02:43:15.940551Z,"{""command"": ""guest_telemetry"", ""command_line"": ""/usr/lib/google/guest_agent/GuestTelemetryExtension/guest_telemetry --protocol=unix --address=/run/google-guest-agent/plugin-connections/GuestTelemetryExtension_1.0.sock --errorlogfile=/var/lib/google-guest-agent/1398563761166861218/agent_state/plugins/GuestTelemetryExtension/plugin.log"", ""owner"": ""root"", ""pid"": ""5543"", ""process"": ""all"", ""resource_instance_id"": ""1398563761166861218"", ""resource_project_id"": ""proyecto-2-cloud-509714"", ""resource_type"": ""gce_instance"", ""resource_zone"": ""us-central1-a"", ""vm"": ""mooc-web""}",1307140096
2026-09-27T02:42:45.948116Z,"{""command"": ""guest_telemetry"", ""command_line"": ""/usr/lib/google/guest_agent/GuestTelemetryExtension/guest_telemetry --protocol=unix --address=/run/google-guest-agent/plugin-connections/GuestTelemetryExtension_1.0.sock --errorlogfile=/var/lib/google-guest-agent/1398563761166861218/agent_state/plugins/GuestTelemetryExtension/plugin.log"", ""owner"": ""root"", ""pid"": ""5543"", ""process"": ""all"", ""resource_instance_id"": ""1398563761166861218"", ""resource_project_id"": ""proyecto-2-cloud-509714"", ""resource_type"": ""gce_instance"", ""resource_zone"": ""us-central1-a"", ""vm"": ""mooc-web""}",1307140096
2026-09-27T02:42:15.941439Z,"{""command"": ""guest_telemetry"", ""command_line"": ""/usr/lib/google/guest_agent/GuestTelemetryExtension/guest_telemetry --protocol=unix --address=/run/google-guest-agent/plugin-connections/GuestTelemetryExtension_1.0.sock --errorlogfile=/var/lib/google-guest-agent/1398563761166861218/agent_state/plugins/GuestTelemetryExtension/plugin.log"", ""owner"": ""root"", ""pid"": ""5543"", ""process"": ""all"", ""resource_instance_id"": ""1398563761166861218"", ""resource_project_id"": ""proyecto-2-cloud-509714"", ""resource_type"": ""gce_instance"", ""resource_zone"": ""us-central1-a"", ""vm"": ""mooc-web""}",1307140096
2026-09-27T02:41:45.942133Z,"{""command"": ""guest_telemetry"", ""command_line"": ""/usr/lib/google/guest_agent/GuestTelemetryExtension/guest_telemetry --protocol=unix --address=/run/google-guest-agent/plugin-connections/GuestTelemetryExtension_1.0.sock --errorlogfile=/var/lib/google-guest-agent/1398563761166861218/agent_state/plugins/GuestTelemetryExtension/plugin.log"", ""owner"": ""root"", ""pid"": ""5543"", ""process"": ""all"", ""resource_instance_id"": ""1398563761166861218"", ""resource_project_id"": ""proyecto-2-cloud-509714"", ""resource_type"": ""gce_instance"", ""resource_zone"": ""us-central1-a"", ""vm"": ""mooc-web""}",1307140096
2026-09-27T02:41:15.942013Z,"{""command"": ""guest_telemetry"", ""command_line"": ""/usr/lib/google/guest_agent/GuestTelemetryExtension/guest_telemetry --protocol=unix --address=/run/google-guest-agent/plugin-connections/GuestTelemetryExtension_1.0.sock --errorlogfile=/var/lib/google-guest-agent/1398563761166861218/agent_state/plugins/GuestTelemetryExtension/plugin.log"", ""owner"": ""root"", ""pid"": ""5543"", ""process"": ""all"", ""resource_instance_id"": ""1398563761166861218"", ""resource_project_id"": ""proyecto-2-cloud-509714"", ""resource_type"": ""gce_instance"", ""resource_zone"": ""us-central1-a"", ""vm"": ""mooc-web""}",1307140096
2026-09-27T02:40:45.942622Z,"{""command"": ""guest_telemetry"", ""command_line"": ""/usr/lib/google/guest_agent/GuestTelemetryExtension/guest_telemetry --protocol=unix --address=/run/google-guest-agent/plugin-connections/GuestTelemetryExtension_1.0.sock --errorlogfile=/var/lib/google-guest-agent/1398563761166861218/agent_state/plugins/GuestTelemetryExtension/plugin.log"", ""owner"": ""root"", ""pid"": ""5543"", ""process"": ""all"", ""resource_instance_id"": ""1398563761166861218"", ""resource_project_id"": ""proyecto-2-cloud-509714"", ""resource_type"": ""gce_instance"", ""resource_zone"": ""us-central1-a"", ""vm"": ""mooc-web""}",1307140096
2026-09-27T02:40:15.940858Z,"{""command"": ""guest_telemetry"", ""command_line"": ""/usr/lib/google/guest_agent/GuestTelemetryExtension/guest_telemetry --protocol=unix --address=/run/google-guest-agent/plugin-connections/GuestTelemetryExtension_1.0.sock --errorlogfile=/var/lib/google-guest-agent/1398563761166861218/agent_state/plugins/GuestTelemetryExtension/plugin.log"", ""owner"": ""root"", ""pid"": ""5543"", ""process"": ""all"", ""resource_instance_id"": ""1398563761166861218"", ""resource_project_id"": ""proyecto-2-cloud-509714"", ""resource_type"": ""gce_instance"", ""resource_zone"": ""us-central1-a"", ""vm"": ""mooc-web""}",1307140096
2026-09-27T02:39:45.942761Z,"{""command"": ""guest_telemetry"", ""command_line"": ""/usr/lib/google/guest_agent/GuestTelemetryExtension/guest_telemetry --protocol=unix --address=/run/google-guest-agent/plugin-connections/GuestTelemetryExtension_1.0.sock --errorlogfile=/var/lib/google-guest-agent/1398563761166861218/agent_state/plugins/GuestTelemetryExtension/plugin.log"", ""owner"": ""root"", ""pid"": ""5543"", ""process"": ""all"", ""resource_instance_id"": ""1398563761166861218"", ""resource_project_id"": ""proyecto-2-cloud-509714"", ""resource_type"": ""gce_instance"", ""resource_zone"": ""us-central1-a"", ""vm"": ""mooc-web""}",1307140096
2026-09-27T02:39:15.957911Z,"{""command"": ""guest_telemetry"", ""command_line"": ""/usr/lib/google/guest_agent/GuestTelemetryExtension/guest_telemetry --protocol=unix --address=/run/google-guest-agent/plugin-connections/GuestTelemetryExtension_1.0.sock --errorlogfile=/var/lib/google-guest-agent/1398563761166861218/agent_state/plugins/GuestTelemetryExtension/plugin.log"", ""owner"": ""root"", ""pid"": ""5543"", ""process"": ""all"", ""resource_instance_id"": ""1398563761166861218"", ""resource_project_id"": ""proyecto-2-cloud-509714"", ""resource_type"": ""gce_instance"", ""resource_zone"": ""us-central1-a"", ""vm"": ""mooc-web""}",1307140096
2026-09-27T02:49:45.944131Z,"{""command"": ""haveged"", ""command_line"": ""/usr/sbin/haveged --Foreground --verbose=1"", ""owner"": ""root"", ""pid"": ""388"", ""process"": ""all"", ""resource_instance_id"": ""1398563761166861218"", ""resource_project_id"": ""proyecto-2-cloud-509714"", ""resource_type"": ""gce_instance"", ""resource_zone"": ""us-central1-a"", ""vm"": ""mooc-web""}",8466432
2026-09-27T02:49:15.938499Z,"{""command"": ""haveged"", ""command_line"": ""/usr/sbin/haveged --Foreground --verbose=1"", ""owner"": ""root"", ""pid"": ""388"", ""process"": ""all"", ""resource_instance_id"": ""1398563761166861218"", ""resource_project_id"": ""proyecto-2-cloud-509714"", ""resource_type"": ""gce_instance"", ""resource_zone"": ""us-central1-a"", ""vm"": ""mooc-web""}",8466432
2026-09-27T02:48:45.939240Z,"{""command"": ""haveged"", ""command_line"": ""/usr/sbin/haveged --Foreground --verbose=1"", ""owner"": ""root"", ""pid"": ""388"", ""process"": ""all"", ""resource_instance_id"": ""1398563761166861218"", ""resource_project_id"": ""proyecto-2-cloud-509714"", ""resource_type"": ""gce_instance"", ""resource_zone"": ""us-central1-a"", ""vm"": ""mooc-web""}",8466432
2026-09-27T02:48:15.951123Z,"{""command"": ""haveged"", ""command_line"": ""/usr/sbin/haveged --Foreground --verbose=1"", ""owner"": ""root"", ""pid"": ""388"", ""process"": ""all"", ""resource_instance_id"": ""1398563761166861218"", ""resource_project_id"": ""proyecto-2-cloud-509714"", ""resource_type"": ""gce_instance"", ""resource_zone"": ""us-central1-a"", ""vm"": ""mooc-web""}",8466432
2026-09-27T02:47:45.939879Z,"{""command"": ""haveged"", ""command_line"": ""/usr/sbin/haveged --Foreground --verbose=1"", ""owner"": ""root"", ""pid"": ""388"", ""process"": ""all"", ""resource_instance_id"": ""1398563761166861218"", ""resource_project_id"": ""proyecto-2-cloud-509714"", ""resource_type"": ""gce_instance"", ""resource_zone"": ""us-central1-a"", ""vm"": ""mooc-web""}",8466432
2026-09-27T02:47:15.938623Z,"{""command"": ""haveged"", ""command_line"": ""/usr/sbin/haveged --Foreground --verbose=1"", ""owner"": ""root"", ""pid"": ""388"", ""process"": ""all"", ""resource_instance_id"": ""1398563761166861218"", ""resource_project_id"": ""proyecto-2-cloud-509714"", ""resource_type"": ""gce_instance"", ""resource_zone"": ""us-central1-a"", ""vm"": ""mooc-web""}",8466432
2026-09-27T02:46:45.941463Z,"{""command"": ""haveged"", ""command_line"": ""/usr/sbin/haveged --Foreground --verbose=1"", ""owner"": ""root"", ""pid"": ""388"", ""process"": ""all"", ""resource_instance_id"": ""1398563761166861218"", ""resource_project_id"": ""proyecto-2-cloud-509714"", ""resource_type"": ""gce_instance"", ""resource_zone"": ""us-central1-a"", ""vm"": ""mooc-web""}",8466432
2026-09-27T02:46:15.938712Z,"{""command"": ""haveged"", ""command_line"": ""/usr/sbin/haveged --Foreground --verbose=1"", ""owner"": ""root"", ""pid"": ""388"", ""process"": ""all"", ""resource_instance_id"": ""1398563761166861218"", ""resource_project_id"": ""proyecto-2-cloud-509714"", ""resource_type"": ""gce_instance"", ""resource_zone"": ""us-central1-a"", ""vm"": ""mooc-web""}",8466432
2026-09-27T02:45:45.945723Z,"{""command"": ""haveged"", ""command_line"": ""/usr/sbin/haveged --Foreground --verbose=1"", ""owner"": ""root"", ""pid"": ""388"", ""process"": ""all"", ""resource_instance_id"": ""1398563761166861218"", ""resource_project_id"": ""proyecto-2-cloud-509714"", ""resource_type"": ""gce_instance"", ""resource_zone"": ""us-central1-a"", ""vm"": ""mooc-web""}",8466432
2026-09-27T02:45:15.944114Z,"{""command"": ""haveged"", ""command_line"": ""/usr/sbin/haveged --Foreground --verbose=1"", ""owner"": ""root"", ""pid"": ""388"", ""process"": ""all"", ""resource_instance_id"": ""1398563761166861218"", ""resource_project_id"": ""proyecto-2-cloud-509714"", ""resource_type"": ""gce_instance"", ""resource_zone"": ""us-central1-a"", ""vm"": ""mooc-web""}",8466432
2026-09-27T02:44:45.940970Z,"{""command"": ""haveged"", ""command_line"": ""/usr/sbin/haveged --Foreground --verbose=1"", ""owner"": ""root"", ""pid"": ""388"", ""process"": ""all"", ""resource_instance_id"": ""1398563761166861218"", ""resource_project_id"": ""proyecto-2-cloud-509714"", ""resource_type"": ""gce_instance"", ""resource_zone"": ""us-central1-a"", ""vm"": ""mooc-web""}",8466432
2026-09-27T02:44:15.940540Z,"{""command"": ""haveged"", ""command_line"": ""/usr/sbin/haveged --Foreground --verbose=1"", ""owner"": ""root"", ""pid"": ""388"", ""process"": ""all"", ""resource_instance_id"": ""1398563761166861218"", ""resource_project_id"": ""proyecto-2-cloud-509714"", ""resource_type"": ""gce_instance"", ""resource_zone"": ""us-central1-a"", ""vm"": ""mooc-web""}",8466432
2026-09-27T02:43:45.938821Z,"{""command"": ""haveged"", ""command_line"": ""/usr/sbin/haveged --Foreground --verbose=1"", ""owner"": ""root"", ""pid"": ""388"", ""process"": ""all"", ""resource_instance_id"": ""1398563761166861218"", ""resource_project_id"": ""proyecto-2-cloud-509714"", ""resource_type"": ""gce_instance"", ""resource_zone"": ""us-central1-a"", ""vm"": ""mooc-web""}",8466432
2026-09-27T02:43:15.939397Z,"{""command"": ""haveged"", ""command_line"": ""/usr/sbin/haveged --Foreground --verbose=1"", ""owner"": ""root"", ""pid"": ""388"", ""process"": ""all"", ""resource_instance_id"": ""1398563761166861218"", ""resource_project_id"": ""proyecto-2-cloud-509714"", ""resource_type"": ""gce_instance"", ""resource_zone"": ""us-central1-a"", ""vm"": ""mooc-web""}",8466432
2026-09-27T02:42:45.946783Z,"{""command"": ""haveged"", ""command_line"": ""/usr/sbin/haveged --Foreground --verbose=1"", ""owner"": ""root"", ""pid"": ""388"", ""process"": ""all"", ""resource_instance_id"": ""1398563761166861218"", ""resource_project_id"": ""proyecto-2-cloud-509714"", ""resource_type"": ""gce_instance"", ""resource_zone"": ""us-central1-a"", ""vm"": ""mooc-web""}",8466432
2026-09-27T02:42:15.939865Z,"{""command"": ""haveged"", ""command_line"": ""/usr/sbin/haveged --Foreground --verbose=1"", ""owner"": ""root"", ""pid"": ""388"", ""process"": ""all"", ""resource_instance_id"": ""1398563761166861218"", ""resource_project_id"": ""proyecto-2-cloud-509714"", ""resource_type"": ""gce_instance"", ""resource_zone"": ""us-central1-a"", ""vm"": ""mooc-web""}",8466432
2026-09-27T02:41:45.941013Z,"{""command"": ""haveged"", ""command_line"": ""/usr/sbin/haveged --Foreground --verbose=1"", ""owner"": ""root"", ""pid"": ""388"", ""process"": ""all"", ""resource_instance_id"": ""1398563761166861218"", ""resource_project_id"": ""proyecto-2-cloud-509714"", ""resource_type"": ""gce_instance"", ""resource_zone"": ""us-central1-a"", ""vm"": ""mooc-web""}",8466432
2026-09-27T02:41:15.940837Z,"{""command"": ""haveged"", ""command_line"": ""/usr/sbin/haveged --Foreground --verbose=1"", ""owner"": ""root"", ""pid"": ""388"", ""process"": ""all"", ""resource_instance_id"": ""1398563761166861218"", ""resource_project_id"": ""proyecto-2-cloud-509714"", ""resource_type"": ""gce_instance"", ""resource_zone"": ""us-central1-a"", ""vm"": ""mooc-web""}",8466432
2026-09-27T02:40:45.941501Z,"{""command"": ""haveged"", ""command_line"": ""/usr/sbin/haveged --Foreground --verbose=1"", ""owner"": ""root"", ""pid"": ""388"", ""process"": ""all"", ""resource_instance_id"": ""1398563761166861218"", ""resource_project_id"": ""proyecto-2-cloud-509714"", ""resource_type"": ""gce_instance"", ""resource_zone"": ""us-central1-a"", ""vm"": ""mooc-web""}",8466432
2026-09-27T02:40:15.939747Z,"{""command"": ""haveged"", ""command_line"": ""/usr/sbin/haveged --Foreground --verbose=1"", ""owner"": ""root"", ""pid"": ""388"", ""process"": ""all"", ""resource_instance_id"": ""1398563761166861218"", ""resource_project_id"": ""proyecto-2-cloud-509714"", ""resource_type"": ""gce_instance"", ""resource_zone"": ""us-central1-a"", ""vm"": ""mooc-web""}",8466432
2026-09-27T02:39:45.941141Z,"{""command"": ""haveged"", ""command_line"": ""/usr/sbin/haveged --Foreground --verbose=1"", ""owner"": ""root"", ""pid"": ""388"", ""process"": ""all"", ""resource_instance_id"": ""1398563761166861218"", ""resource_project_id"": ""proyecto-2-cloud-509714"", ""resource_type"": ""gce_instance"", ""resource_zone"": ""us-central1-a"", ""vm"": ""mooc-web""}",8466432
2026-09-27T02:39:15.956265Z,"{""command"": ""haveged"", ""command_line"": ""/usr/sbin/haveged --Foreground --verbose=1"", ""owner"": ""root"", ""pid"": ""388"", ""process"": ""all"", ""resource_instance_id"": ""1398563761166861218"", ""resource_project_id"": ""proyecto-2-cloud-509714"", ""resource_type"": ""gce_instance"", ""resource_zone"": ""us-central1-a"", ""vm"": ""mooc-web""}",8466432
2026-09-27T02:49:45.943678Z,"{""command"": ""hwrng"", ""command_line"": """", ""owner"": ""root"", ""pid"": ""196"", ""process"": ""all"", ""resource_instance_id"": ""1398563761166861218"", ""resource_project_id"": ""proyecto-2-cloud-509714"", ""resource_type"": ""gce_instance"", ""resource_zone"": ""us-central1-a"", ""vm"": ""mooc-web""}",0
2026-09-27T02:49:15.938123Z,"{""command"": ""hwrng"", ""command_line"": """", ""owner"": ""root"", ""pid"": ""196"", ""process"": ""all"", ""resource_instance_id"": ""1398563761166861218"", ""resource_project_id"": ""proyecto-2-cloud-509714"", ""resource_type"": ""gce_instance"", ""resource_zone"": ""us-central1-a"", ""vm"": ""mooc-web""}",0
2026-09-27T02:48:45.938623Z,"{""command"": ""hwrng"", ""command_line"": """", ""owner"": ""root"", ""pid"": ""196"", ""process"": ""all"", ""resource_instance_id"": ""1398563761166861218"", ""resource_project_id"": ""proyecto-2-cloud-509714"", ""resource_type"": ""gce_instance"", ""resource_zone"": ""us-central1-a"", ""vm"": ""mooc-web""}",0
2026-09-27T02:48:15.950494Z,"{""command"": ""hwrng"", ""command_line"": """", ""owner"": ""root"", ""pid"": ""196"", ""process"": ""all"", ""resource_instance_id"": ""1398563761166861218"", ""resource_project_id"": ""proyecto-2-cloud-509714"", ""resource_type"": ""gce_instance"", ""resource_zone"": ""us-central1-a"", ""vm"": ""mooc-web""}",0
2026-09-27T02:47:45.939302Z,"{""command"": ""hwrng"", ""command_line"": """", ""owner"": ""root"", ""pid"": ""196"", ""process"": ""all"", ""resource_instance_id"": ""1398563761166861218"", ""resource_project_id"": ""proyecto-2-cloud-509714"", ""resource_type"": ""gce_instance"", ""resource_zone"": ""us-central1-a"", ""vm"": ""mooc-web""}",0
2026-09-27T02:47:15.938236Z,"{""command"": ""hwrng"", ""command_line"": """", ""owner"": ""root"", ""pid"": ""196"", ""process"": ""all"", ""resource_instance_id"": ""1398563761166861218"", ""resource_project_id"": ""proyecto-2-cloud-509714"", ""resource_type"": ""gce_instance"", ""resource_zone"": ""us-central1-a"", ""vm"": ""mooc-web""}",0
2026-09-27T02:46:45.941069Z,"{""command"": ""hwrng"", ""command_line"": """", ""owner"": ""root"", ""pid"": ""196"", ""process"": ""all"", ""resource_instance_id"": ""1398563761166861218"", ""resource_project_id"": ""proyecto-2-cloud-509714"", ""resource_type"": ""gce_instance"", ""resource_zone"": ""us-central1-a"", ""vm"": ""mooc-web""}",0
2026-09-27T02:46:15.938169Z,"{""command"": ""hwrng"", ""command_line"": """", ""owner"": ""root"", ""pid"": ""196"", ""process"": ""all"", ""resource_instance_id"": ""1398563761166861218"", ""resource_project_id"": ""proyecto-2-cloud-509714"", ""resource_type"": ""gce_instance"", ""resource_zone"": ""us-central1-a"", ""vm"": ""mooc-web""}",0
2026-09-27T02:45:45.945132Z,"{""command"": ""hwrng"", ""command_line"": """", ""owner"": ""root"", ""pid"": ""196"", ""process"": ""all"", ""resource_instance_id"": ""1398563761166861218"", ""resource_project_id"": ""proyecto-2-cloud-509714"", ""resource_type"": ""gce_instance"", ""resource_zone"": ""us-central1-a"", ""vm"": ""mooc-web""}",0
2026-09-27T02:45:15.943697Z,"{""command"": ""hwrng"", ""command_line"": """", ""owner"": ""root"", ""pid"": ""196"", ""process"": ""all"", ""resource_instance_id"": ""1398563761166861218"", ""resource_project_id"": ""proyecto-2-cloud-509714"", ""resource_type"": ""gce_instance"", ""resource_zone"": ""us-central1-a"", ""vm"": ""mooc-web""}",0
2026-09-27T02:44:45.940358Z,"{""command"": ""hwrng"", ""command_line"": """", ""owner"": ""root"", ""pid"": ""196"", ""process"": ""all"", ""resource_instance_id"": ""1398563761166861218"", ""resource_project_id"": ""proyecto-2-cloud-509714"", ""resource_type"": ""gce_instance"", ""resource_zone"": ""us-central1-a"", ""vm"": ""mooc-web""}",0
2026-09-27T02:44:15.940166Z,"{""command"": ""hwrng"", ""command_line"": """", ""owner"": ""root"", ""pid"": ""196"", ""process"": ""all"", ""resource_instance_id"": ""1398563761166861218"", ""resource_project_id"": ""proyecto-2-cloud-509714"", ""resource_type"": ""gce_instance"", ""resource_zone"": ""us-central1-a"", ""vm"": ""mooc-web""}",0
2026-09-27T02:43:45.938471Z,"{""command"": ""hwrng"", ""command_line"": """", ""owner"": ""root"", ""pid"": ""196"", ""process"": ""all"", ""resource_instance_id"": ""1398563761166861218"", ""resource_project_id"": ""proyecto-2-cloud-509714"", ""resource_type"": ""gce_instance"", ""resource_zone"": ""us-central1-a"", ""vm"": ""mooc-web""}",0
2026-09-27T02:43:15.938649Z,"{""command"": ""hwrng"", ""command_line"": """", ""owner"": ""root"", ""pid"": ""196"", ""process"": ""all"", ""resource_instance_id"": ""1398563761166861218"", ""resource_project_id"": ""proyecto-2-cloud-509714"", ""resource_type"": ""gce_instance"", ""resource_zone"": ""us-central1-a"", ""vm"": ""mooc-web""}",0
2026-09-27T02:42:45.946345Z,"{""command"": ""hwrng"", ""command_line"": """", ""owner"": ""root"", ""pid"": ""196"", ""process"": ""all"", ""resource_instance_id"": ""1398563761166861218"", ""resource_project_id"": ""proyecto-2-cloud-509714"", ""resource_type"": ""gce_instance"", ""resource_zone"": ""us-central1-a"", ""vm"": ""mooc-web""}",0
2026-09-27T02:42:15.939474Z,"{""command"": ""hwrng"", ""command_line"": """", ""owner"": ""root"", ""pid"": ""196"", ""process"": ""all"", ""resource_instance_id"": ""1398563761166861218"", ""resource_project_id"": ""proyecto-2-cloud-509714"", ""resource_type"": ""gce_instance"", ""resource_zone"": ""us-central1-a"", ""vm"": ""mooc-web""}",0
2026-09-27T02:41:45.940636Z,"{""command"": ""hwrng"", ""command_line"": """", ""owner"": ""root"", ""pid"": ""196"", ""process"": ""all"", ""resource_instance_id"": ""1398563761166861218"", ""resource_project_id"": ""proyecto-2-cloud-509714"", ""resource_type"": ""gce_instance"", ""resource_zone"": ""us-central1-a"", ""vm"": ""mooc-web""}",0
2026-09-27T02:41:15.940454Z,"{""command"": ""hwrng"", ""command_line"": """", ""owner"": ""root"", ""pid"": ""196"", ""process"": ""all"", ""resource_instance_id"": ""1398563761166861218"", ""resource_project_id"": ""proyecto-2-cloud-509714"", ""resource_type"": ""gce_instance"", ""resource_zone"": ""us-central1-a"", ""vm"": ""mooc-web""}",0
2026-09-27T02:40:45.941121Z,"{""command"": ""hwrng"", ""command_line"": """", ""owner"": ""root"", ""pid"": ""196"", ""process"": ""all"", ""resource_instance_id"": ""1398563761166861218"", ""resource_project_id"": ""proyecto-2-cloud-509714"", ""resource_type"": ""gce_instance"", ""resource_zone"": ""us-central1-a"", ""vm"": ""mooc-web""}",0
2026-09-27T02:40:15.939374Z,"{""command"": ""hwrng"", ""command_line"": """", ""owner"": ""root"", ""pid"": ""196"", ""process"": ""all"", ""resource_instance_id"": ""1398563761166861218"", ""resource_project_id"": ""proyecto-2-cloud-509714"", ""resource_type"": ""gce_instance"", ""resource_zone"": ""us-central1-a"", ""vm"": ""mooc-web""}",0
2026-09-27T02:39:45.940574Z,"{""command"": ""hwrng"", ""command_line"": """", ""owner"": ""root"", ""pid"": ""196"", ""process"": ""all"", ""resource_instance_id"": ""1398563761166861218"", ""resource_project_id"": ""proyecto-2-cloud-509714"", ""resource_type"": ""gce_instance"", ""resource_zone"": ""us-central1-a"", ""vm"": ""mooc-web""}",0
2026-09-27T02:39:15.955659Z,"{""command"": ""hwrng"", ""command_line"": """", ""owner"": ""root"", ""pid"": ""196"", ""process"": ""all"", ""resource_instance_id"": ""1398563761166861218"", ""resource_project_id"": ""proyecto-2-cloud-509714"", ""resource_type"": ""gce_instance"", ""resource_zone"": ""us-central1-a"", ""vm"": ""mooc-web""}",0
2026-09-27T02:49:45.941147Z,"{""command"": ""inet_frag_wq"", ""command_line"": """", ""owner"": ""root"", ""pid"": ""27"", ""process"": ""all"", ""resource_instance_id"": ""1398563761166861218"", ""resource_project_id"": ""proyecto-2-cloud-509714"", ""resource_type"": ""gce_instance"", ""resource_zone"": ""us-central1-a"", ""vm"": ""mooc-web""}",0
2026-09-27T02:49:15.936525Z,"{""command"": ""inet_frag_wq"", ""command_line"": """", ""owner"": ""root"", ""pid"": ""27"", ""process"": ""all"", ""resource_instance_id"": ""1398563761166861218"", ""resource_project_id"": ""proyecto-2-cloud-509714"", ""resource_type"": ""gce_instance"", ""resource_zone"": ""us-central1-a"", ""vm"": ""mooc-web""}",0
2026-09-27T02:48:45.936611Z,"{""command"": ""inet_frag_wq"", ""command_line"": """", ""owner"": ""root"", ""pid"": ""27"", ""process"": ""all"", ""resource_instance_id"": ""1398563761166861218"", ""resource_project_id"": ""proyecto-2-cloud-509714"", ""resource_type"": ""gce_instance"", ""resource_zone"": ""us-central1-a"", ""vm"": ""mooc-web""}",0
2026-09-27T02:48:15.946321Z,"{""command"": ""inet_frag_wq"", ""command_line"": """", ""owner"": ""root"", ""pid"": ""27"", ""process"": ""all"", ""resource_instance_id"": ""1398563761166861218"", ""resource_project_id"": ""proyecto-2-cloud-509714"", ""resource_type"": ""gce_instance"", ""resource_zone"": ""us-central1-a"", ""vm"": ""mooc-web""}",0
2026-09-27T02:47:45.937016Z,"{""command"": ""inet_frag_wq"", ""command_line"": """", ""owner"": ""root"", ""pid"": ""27"", ""process"": ""all"", ""resource_instance_id"": ""1398563761166861218"", ""resource_project_id"": ""proyecto-2-cloud-509714"", ""resource_type"": ""gce_instance"", ""resource_zone"": ""us-central1-a"", ""vm"": ""mooc-web""}",0
2026-09-27T02:47:15.936721Z,"{""command"": ""inet_frag_wq"", ""command_line"": """", ""owner"": ""root"", ""pid"": ""27"", ""process"": ""all"", ""resource_instance_id"": ""1398563761166861218"", ""resource_project_id"": ""proyecto-2-cloud-509714"", ""resource_type"": ""gce_instance"", ""resource_zone"": ""us-central1-a"", ""vm"": ""mooc-web""}",0
2026-09-27T02:46:45.939362Z,"{""command"": ""inet_frag_wq"", ""command_line"": """", ""owner"": ""root"", ""pid"": ""27"", ""process"": ""all"", ""resource_instance_id"": ""1398563761166861218"", ""resource_project_id"": ""proyecto-2-cloud-509714"", ""resource_type"": ""gce_instance"", ""resource_zone"": ""us-central1-a"", ""vm"": ""mooc-web""}",0
2026-09-27T02:46:15.936337Z,"{""command"": ""inet_frag_wq"", ""command_line"": """", ""owner"": ""root"", ""pid"": ""27"", ""process"": ""all"", ""resource_instance_id"": ""1398563761166861218"", ""resource_project_id"": ""proyecto-2-cloud-509714"", ""resource_type"": ""gce_instance"", ""resource_zone"": ""us-central1-a"", ""vm"": ""mooc-web""}",0
2026-09-27T02:45:45.942389Z,"{""command"": ""inet_frag_wq"", ""command_line"": """", ""owner"": ""root"", ""pid"": ""27"", ""process"": ""all"", ""resource_instance_id"": ""1398563761166861218"", ""resource_project_id"": ""proyecto-2-cloud-509714"", ""resource_type"": ""gce_instance"", ""resource_zone"": ""us-central1-a"", ""vm"": ""mooc-web""}",0
2026-09-27T02:45:15.941868Z,"{""command"": ""inet_frag_wq"", ""command_line"": """", ""owner"": ""root"", ""pid"": ""27"", ""process"": ""all"", ""resource_instance_id"": ""1398563761166861218"", ""resource_project_id"": ""proyecto-2-cloud-509714"", ""resource_type"": ""gce_instance"", ""resource_zone"": ""us-central1-a"", ""vm"": ""mooc-web""}",0
2026-09-27T02:44:45.937605Z,"{""command"": ""inet_frag_wq"", ""command_line"": """", ""owner"": ""root"", ""pid"": ""27"", ""process"": ""all"", ""resource_instance_id"": ""1398563761166861218"", ""resource_project_id"": ""proyecto-2-cloud-509714"", ""resource_type"": ""gce_instance"", ""resource_zone"": ""us-central1-a"", ""vm"": ""mooc-web""}",0
2026-09-27T02:44:15.938558Z,"{""command"": ""inet_frag_wq"", ""command_line"": """", ""owner"": ""root"", ""pid"": ""27"", ""process"": ""all"", ""resource_instance_id"": ""1398563761166861218"", ""resource_project_id"": ""proyecto-2-cloud-509714"", ""resource_type"": ""gce_instance"", ""resource_zone"": ""us-central1-a"", ""vm"": ""mooc-web""}",0
2026-09-27T02:43:45.936833Z,"{""command"": ""inet_frag_wq"", ""command_line"": """", ""owner"": ""root"", ""pid"": ""27"", ""process"": ""all"", ""resource_instance_id"": ""1398563761166861218"", ""resource_project_id"": ""proyecto-2-cloud-509714"", ""resource_type"": ""gce_instance"", ""resource_zone"": ""us-central1-a"", ""vm"": ""mooc-web""}",0
2026-09-27T02:43:15.937079Z,"{""command"": ""inet_frag_wq"", ""command_line"": """", ""owner"": ""root"", ""pid"": ""27"", ""process"": ""all"", ""resource_instance_id"": ""1398563761166861218"", ""resource_project_id"": ""proyecto-2-cloud-509714"", ""resource_type"": ""gce_instance"", ""resource_zone"": ""us-central1-a"", ""vm"": ""mooc-web""}",0
2026-09-27T02:42:45.944704Z,"{""command"": ""inet_frag_wq"", ""command_line"": """", ""owner"": ""root"", ""pid"": ""27"", ""process"": ""all"", ""resource_instance_id"": ""1398563761166861218"", ""resource_project_id"": ""proyecto-2-cloud-509714"", ""resource_type"": ""gce_instance"", ""resource_zone"": ""us-central1-a"", ""vm"": ""mooc-web""}",0
2026-09-27T02:42:15.937142Z,"{""command"": ""inet_frag_wq"", ""command_line"": """", ""owner"": ""root"", ""pid"": ""27"", ""process"": ""all"", ""resource_instance_id"": ""1398563761166861218"", ""resource_project_id"": ""proyecto-2-cloud-509714"", ""resource_type"": ""gce_instance"", ""resource_zone"": ""us-central1-a"", ""vm"": ""mooc-web""}",0
2026-09-27T02:41:45.939057Z,"{""command"": ""inet_frag_wq"", ""command_line"": """", ""owner"": ""root"", ""pid"": ""27"", ""process"": ""all"", ""resource_instance_id"": ""1398563761166861218"", ""resource_project_id"": ""proyecto-2-cloud-509714"", ""resource_type"": ""gce_instance"", ""resource_zone"": ""us-central1-a"", ""vm"": ""mooc-web""}",0
2026-09-27T02:41:15.938794Z,"{""command"": ""inet_frag_wq"", ""command_line"": """", ""owner"": ""root"", ""pid"": ""27"", ""process"": ""all"", ""resource_instance_id"": ""1398563761166861218"", ""resource_project_id"": ""proyecto-2-cloud-509714"", ""resource_type"": ""gce_instance"", ""resource_zone"": ""us-central1-a"", ""vm"": ""mooc-web""}",0
2026-09-27T02:40:45.939583Z,"{""command"": ""inet_frag_wq"", ""command_line"": """", ""owner"": ""root"", ""pid"": ""27"", ""process"": ""all"", ""resource_instance_id"": ""1398563761166861218"", ""resource_project_id"": ""proyecto-2-cloud-509714"", ""resource_type"": ""gce_instance"", ""resource_zone"": ""us-central1-a"", ""vm"": ""mooc-web""}",0
2026-09-27T02:40:15.937105Z,"{""command"": ""inet_frag_wq"", ""command_line"": """", ""owner"": ""root"", ""pid"": ""27"", ""process"": ""all"", ""resource_instance_id"": ""1398563761166861218"", ""resource_project_id"": ""proyecto-2-cloud-509714"", ""resource_type"": ""gce_instance"", ""resource_zone"": ""us-central1-a"", ""vm"": ""mooc-web""}",0
2026-09-27T02:39:45.938227Z,"{""command"": ""inet_frag_wq"", ""command_line"": """", ""owner"": ""root"", ""pid"": ""27"", ""process"": ""all"", ""resource_instance_id"": ""1398563761166861218"", ""resource_project_id"": ""proyecto-2-cloud-509714"", ""resource_type"": ""gce_instance"", ""resource_zone"": ""us-central1-a"", ""vm"": ""mooc-web""}",0
2026-09-27T02:39:15.953682Z,"{""command"": ""inet_frag_wq"", ""command_line"": """", ""owner"": ""root"", ""pid"": ""27"", ""process"": ""all"", ""resource_instance_id"": ""1398563761166861218"", ""resource_project_id"": ""proyecto-2-cloud-509714"", ""resource_type"": ""gce_instance"", ""resource_zone"": ""us-central1-a"", ""vm"": ""mooc-web""}",0
2026-09-27T02:49:45.942868Z,"{""command"": ""ipv6_addrconf"", ""command_line"": """", ""owner"": ""root"", ""pid"": ""61"", ""process"": ""all"", ""resource_instance_id"": ""1398563761166861218"", ""resource_project_id"": ""proyecto-2-cloud-509714"", ""resource_type"": ""gce_instance"", ""resource_zone"": ""us-central1-a"", ""vm"": ""mooc-web""}",0
2026-09-27T02:49:15.937772Z,"{""command"": ""ipv6_addrconf"", ""command_line"": """", ""owner"": ""root"", ""pid"": ""61"", ""process"": ""all"", ""resource_instance_id"": ""1398563761166861218"", ""resource_project_id"": ""proyecto-2-cloud-509714"", ""resource_type"": ""gce_instance"", ""resource_zone"": ""us-central1-a"", ""vm"": ""mooc-web""}",0
2026-09-27T02:48:45.938233Z,"{""command"": ""ipv6_addrconf"", ""command_line"": """", ""owner"": ""root"", ""pid"": ""61"", ""process"": ""all"", ""resource_instance_id"": ""1398563761166861218"", ""resource_project_id"": ""proyecto-2-cloud-509714"", ""resource_type"": ""gce_instance"", ""resource_zone"": ""us-central1-a"", ""vm"": ""mooc-web""}",0
2026-09-27T02:48:15.949859Z,"{""command"": ""ipv6_addrconf"", ""command_line"": """", ""owner"": ""root"", ""pid"": ""61"", ""process"": ""all"", ""resource_instance_id"": ""1398563761166861218"", ""resource_project_id"": ""proyecto-2-cloud-509714"", ""resource_type"": ""gce_instance"", ""resource_zone"": ""us-central1-a"", ""vm"": ""mooc-web""}",0
2026-09-27T02:47:45.938726Z,"{""command"": ""ipv6_addrconf"", ""command_line"": """", ""owner"": ""root"", ""pid"": ""61"", ""process"": ""all"", ""resource_instance_id"": ""1398563761166861218"", ""resource_project_id"": ""proyecto-2-cloud-509714"", ""resource_type"": ""gce_instance"", ""resource_zone"": ""us-central1-a"", ""vm"": ""mooc-web""}",0
2026-09-27T02:47:15.937880Z,"{""command"": ""ipv6_addrconf"", ""command_line"": """", ""owner"": ""root"", ""pid"": ""61"", ""process"": ""all"", ""resource_instance_id"": ""1398563761166861218"", ""resource_project_id"": ""proyecto-2-cloud-509714"", ""resource_type"": ""gce_instance"", ""resource_zone"": ""us-central1-a"", ""vm"": ""mooc-web""}",0
2026-09-27T02:46:45.940610Z,"{""command"": ""ipv6_addrconf"", ""command_line"": """", ""owner"": ""root"", ""pid"": ""61"", ""process"": ""all"", ""resource_instance_id"": ""1398563761166861218"", ""resource_project_id"": ""proyecto-2-cloud-509714"", ""resource_type"": ""gce_instance"", ""resource_zone"": ""us-central1-a"", ""vm"": ""mooc-web""}",0
2026-09-27T02:46:15.937537Z,"{""command"": ""ipv6_addrconf"", ""command_line"": """", ""owner"": ""root"", ""pid"": ""61"", ""process"": ""all"", ""resource_instance_id"": ""1398563761166861218"", ""resource_project_id"": ""proyecto-2-cloud-509714"", ""resource_type"": ""gce_instance"", ""resource_zone"": ""us-central1-a"", ""vm"": ""mooc-web""}",0
2026-09-27T02:45:45.944585Z,"{""command"": ""ipv6_addrconf"", ""command_line"": """", ""owner"": ""root"", ""pid"": ""61"", ""process"": ""all"", ""resource_instance_id"": ""1398563761166861218"", ""resource_project_id"": ""proyecto-2-cloud-509714"", ""resource_type"": ""gce_instance"", ""resource_zone"": ""us-central1-a"", ""vm"": ""mooc-web""}",0
2026-09-27T02:45:15.943225Z,"{""command"": ""ipv6_addrconf"", ""command_line"": """", ""owner"": ""root"", ""pid"": ""61"", ""process"": ""all"", ""resource_instance_id"": ""1398563761166861218"", ""resource_project_id"": ""proyecto-2-cloud-509714"", ""resource_type"": ""gce_instance"", ""resource_zone"": ""us-central1-a"", ""vm"": ""mooc-web""}",0
2026-09-27T02:44:45.939779Z,"{""command"": ""ipv6_addrconf"", ""command_line"": """", ""owner"": ""root"", ""pid"": ""61"", ""process"": ""all"", ""resource_instance_id"": ""1398563761166861218"", ""resource_project_id"": ""proyecto-2-cloud-509714"", ""resource_type"": ""gce_instance"", ""resource_zone"": ""us-central1-a"", ""vm"": ""mooc-web""}",0
2026-09-27T02:44:15.939764Z,"{""command"": ""ipv6_addrconf"", ""command_line"": """", ""owner"": ""root"", ""pid"": ""61"", ""process"": ""all"", ""resource_instance_id"": ""1398563761166861218"", ""resource_project_id"": ""proyecto-2-cloud-509714"", ""resource_type"": ""gce_instance"", ""resource_zone"": ""us-central1-a"", ""vm"": ""mooc-web""}",0
2026-09-27T02:43:45.938057Z,"{""command"": ""ipv6_addrconf"", ""command_line"": """", ""owner"": ""root"", ""pid"": ""61"", ""process"": ""all"", ""resource_instance_id"": ""1398563761166861218"", ""resource_project_id"": ""proyecto-2-cloud-509714"", ""resource_type"": ""gce_instance"", ""resource_zone"": ""us-central1-a"", ""vm"": ""mooc-web""}",0
2026-09-27T02:43:15.938295Z,"{""command"": ""ipv6_addrconf"", ""command_line"": """", ""owner"": ""root"", ""pid"": ""61"", ""process"": ""all"", ""resource_instance_id"": ""1398563761166861218"", ""resource_project_id"": ""proyecto-2-cloud-509714"", ""resource_type"": ""gce_instance"", ""resource_zone"": ""us-central1-a"", ""vm"": ""mooc-web""}",0
2026-09-27T02:42:45.945893Z,"{""command"": ""ipv6_addrconf"", ""command_line"": """", ""owner"": ""root"", ""pid"": ""61"", ""process"": ""all"", ""resource_instance_id"": ""1398563761166861218"", ""resource_project_id"": ""proyecto-2-cloud-509714"", ""resource_type"": ""gce_instance"", ""resource_zone"": ""us-central1-a"", ""vm"": ""mooc-web""}",0
2026-09-27T02:42:15.938743Z,"{""command"": ""ipv6_addrconf"", ""command_line"": """", ""owner"": ""root"", ""pid"": ""61"", ""process"": ""all"", ""resource_instance_id"": ""1398563761166861218"", ""resource_project_id"": ""proyecto-2-cloud-509714"", ""resource_type"": ""gce_instance"", ""resource_zone"": ""us-central1-a"", ""vm"": ""mooc-web""}",0
2026-09-27T02:41:45.940293Z,"{""command"": ""ipv6_addrconf"", ""command_line"": """", ""owner"": ""root"", ""pid"": ""61"", ""process"": ""all"", ""resource_instance_id"": ""1398563761166861218"", ""resource_project_id"": ""proyecto-2-cloud-509714"", ""resource_type"": ""gce_instance"", ""resource_zone"": ""us-central1-a"", ""vm"": ""mooc-web""}",0
2026-09-27T02:41:15.940103Z,"{""command"": ""ipv6_addrconf"", ""command_line"": """", ""owner"": ""root"", ""pid"": ""61"", ""process"": ""all"", ""resource_instance_id"": ""1398563761166861218"", ""resource_project_id"": ""proyecto-2-cloud-509714"", ""resource_type"": ""gce_instance"", ""resource_zone"": ""us-central1-a"", ""vm"": ""mooc-web""}",0
2026-09-27T02:40:45.940773Z,"{""command"": ""ipv6_addrconf"", ""command_line"": """", ""owner"": ""root"", ""pid"": ""61"", ""process"": ""all"", ""resource_instance_id"": ""1398563761166861218"", ""resource_project_id"": ""proyecto-2-cloud-509714"", ""resource_type"": ""gce_instance"", ""resource_zone"": ""us-central1-a"", ""vm"": ""mooc-web""}",0
2026-09-27T02:40:15.938728Z,"{""command"": ""ipv6_addrconf"", ""command_line"": """", ""owner"": ""root"", ""pid"": ""61"", ""process"": ""all"", ""resource_instance_id"": ""1398563761166861218"", ""resource_project_id"": ""proyecto-2-cloud-509714"", ""resource_type"": ""gce_instance"", ""resource_zone"": ""us-central1-a"", ""vm"": ""mooc-web""}",0
2026-09-27T02:39:45.940034Z,"{""command"": ""ipv6_addrconf"", ""command_line"": """", ""owner"": ""root"", ""pid"": ""61"", ""process"": ""all"", ""resource_instance_id"": ""1398563761166861218"", ""resource_project_id"": ""proyecto-2-cloud-509714"", ""resource_type"": ""gce_instance"", ""resource_zone"": ""us-central1-a"", ""vm"": ""mooc-web""}",0
2026-09-27T02:39:15.955233Z,"{""command"": ""ipv6_addrconf"", ""command_line"": """", ""owner"": ""root"", ""pid"": ""61"", ""process"": ""all"", ""resource_instance_id"": ""1398563761166861218"", ""resource_project_id"": ""proyecto-2-cloud-509714"", ""resource_type"": ""gce_instance"", ""resource_zone"": ""us-central1-a"", ""vm"": ""mooc-web""}",0
2026-09-27T02:49:45.943536Z,"{""command"": ""jbd2/sda1-8"", ""command_line"": """", ""owner"": ""root"", ""pid"": ""184"", ""process"": ""all"", ""resource_instance_id"": ""1398563761166861218"", ""resource_project_id"": ""proyecto-2-cloud-509714"", ""resource_type"": ""gce_instance"", ""resource_zone"": ""us-central1-a"", ""vm"": ""mooc-web""}",0
2026-09-27T02:49:15.938016Z,"{""command"": ""jbd2/sda1-8"", ""command_line"": """", ""owner"": ""root"", ""pid"": ""184"", ""process"": ""all"", ""resource_instance_id"": ""1398563761166861218"", ""resource_project_id"": ""proyecto-2-cloud-509714"", ""resource_type"": ""gce_instance"", ""resource_zone"": ""us-central1-a"", ""vm"": ""mooc-web""}",0
2026-09-27T02:48:45.938515Z,"{""command"": ""jbd2/sda1-8"", ""command_line"": """", ""owner"": ""root"", ""pid"": ""184"", ""process"": ""all"", ""resource_instance_id"": ""1398563761166861218"", ""resource_project_id"": ""proyecto-2-cloud-509714"", ""resource_type"": ""gce_instance"", ""resource_zone"": ""us-central1-a"", ""vm"": ""mooc-web""}",0
2026-09-27T02:48:15.950355Z,"{""command"": ""jbd2/sda1-8"", ""command_line"": """", ""owner"": ""root"", ""pid"": ""184"", ""process"": ""all"", ""resource_instance_id"": ""1398563761166861218"", ""resource_project_id"": ""proyecto-2-cloud-509714"", ""resource_type"": ""gce_instance"", ""resource_zone"": ""us-central1-a"", ""vm"": ""mooc-web""}",0
2026-09-27T02:47:45.939149Z,"{""command"": ""jbd2/sda1-8"", ""command_line"": """", ""owner"": ""root"", ""pid"": ""184"", ""process"": ""all"", ""resource_instance_id"": ""1398563761166861218"", ""resource_project_id"": ""proyecto-2-cloud-509714"", ""resource_type"": ""gce_instance"", ""resource_zone"": ""us-central1-a"", ""vm"": ""mooc-web""}",0
2026-09-27T02:47:15.938137Z,"{""command"": ""jbd2/sda1-8"", ""command_line"": """", ""owner"": ""root"", ""pid"": ""184"", ""process"": ""all"", ""resource_instance_id"": ""1398563761166861218"", ""resource_project_id"": ""proyecto-2-cloud-509714"", ""resource_type"": ""gce_instance"", ""resource_zone"": ""us-central1-a"", ""vm"": ""mooc-web""}",0
2026-09-27T02:46:45.940960Z,"{""command"": ""jbd2/sda1-8"", ""command_line"": """", ""owner"": ""root"", ""pid"": ""184"", ""process"": ""all"", ""resource_instance_id"": ""1398563761166861218"", ""resource_project_id"": ""proyecto-2-cloud-509714"", ""resource_type"": ""gce_instance"", ""resource_zone"": ""us-central1-a"", ""vm"": ""mooc-web""}",0
2026-09-27T02:46:15.938022Z,"{""command"": ""jbd2/sda1-8"", ""command_line"": """", ""owner"": ""root"", ""pid"": ""184"", ""process"": ""all"", ""resource_instance_id"": ""1398563761166861218"", ""resource_project_id"": ""proyecto-2-cloud-509714"", ""resource_type"": ""gce_instance"", ""resource_zone"": ""us-central1-a"", ""vm"": ""mooc-web""}",0
2026-09-27T02:45:45.944955Z,"{""command"": ""jbd2/sda1-8"", ""command_line"": """", ""owner"": ""root"", ""pid"": ""184"", ""process"": ""all"", ""resource_instance_id"": ""1398563761166861218"", ""resource_project_id"": ""proyecto-2-cloud-509714"", ""resource_type"": ""gce_instance"", ""resource_zone"": ""us-central1-a"", ""vm"": ""mooc-web""}",0
2026-09-27T02:45:15.943593Z,"{""command"": ""jbd2/sda1-8"", ""command_line"": """", ""owner"": ""root"", ""pid"": ""184"", ""process"": ""all"", ""resource_instance_id"": ""1398563761166861218"", ""resource_project_id"": ""proyecto-2-cloud-509714"", ""resource_type"": ""gce_instance"", ""resource_zone"": ""us-central1-a"", ""vm"": ""mooc-web""}",0
2026-09-27T02:44:45.940194Z,"{""command"": ""jbd2/sda1-8"", ""command_line"": """", ""owner"": ""root"", ""pid"": ""184"", ""process"": ""all"", ""resource_instance_id"": ""1398563761166861218"", ""resource_project_id"": ""proyecto-2-cloud-509714"", ""resource_type"": ""gce_instance"", ""resource_zone"": ""us-central1-a"", ""vm"": ""mooc-web""}",0
2026-09-27T02:44:15.940061Z,"{""command"": ""jbd2/sda1-8"", ""command_line"": """", ""owner"": ""root"", ""pid"": ""184"", ""process"": ""all"", ""resource_instance_id"": ""1398563761166861218"", ""resource_project_id"": ""proyecto-2-cloud-509714"", ""resource_type"": ""gce_instance"", ""resource_zone"": ""us-central1-a"", ""vm"": ""mooc-web""}",0
2026-09-27T02:43:45.938344Z,"{""command"": ""jbd2/sda1-8"", ""command_line"": """", ""owner"": ""root"", ""pid"": ""184"", ""process"": ""all"", ""resource_instance_id"": ""1398563761166861218"", ""resource_project_id"": ""proyecto-2-cloud-509714"", ""resource_type"": ""gce_instance"", ""resource_zone"": ""us-central1-a"", ""vm"": ""mooc-web""}",0
2026-09-27T02:43:15.938547Z,"{""command"": ""jbd2/sda1-8"", ""command_line"": """", ""owner"": ""root"", ""pid"": ""184"", ""process"": ""all"", ""resource_instance_id"": ""1398563761166861218"", ""resource_project_id"": ""proyecto-2-cloud-509714"", ""resource_type"": ""gce_instance"", ""resource_zone"": ""us-central1-a"", ""vm"": ""mooc-web""}",0
2026-09-27T02:42:45.946158Z,"{""command"": ""jbd2/sda1-8"", ""command_line"": """", ""owner"": ""root"", ""pid"": ""184"", ""process"": ""all"", ""resource_instance_id"": ""1398563761166861218"", ""resource_project_id"": ""proyecto-2-cloud-509714"", ""resource_type"": ""gce_instance"", ""resource_zone"": ""us-central1-a"", ""vm"": ""mooc-web""}",0
2026-09-27T02:42:15.939372Z,"{""command"": ""jbd2/sda1-8"", ""command_line"": """", ""owner"": ""root"", ""pid"": ""184"", ""process"": ""all"", ""resource_instance_id"": ""1398563761166861218"", ""resource_project_id"": ""proyecto-2-cloud-509714"", ""resource_type"": ""gce_instance"", ""resource_zone"": ""us-central1-a"", ""vm"": ""mooc-web""}",0
2026-09-27T02:41:45.940539Z,"{""command"": ""jbd2/sda1-8"", ""command_line"": """", ""owner"": ""root"", ""pid"": ""184"", ""process"": ""all"", ""resource_instance_id"": ""1398563761166861218"", ""resource_project_id"": ""proyecto-2-cloud-509714"", ""resource_type"": ""gce_instance"", ""resource_zone"": ""us-central1-a"", ""vm"": ""mooc-web""}",0
2026-09-27T02:41:15.940347Z,"{""command"": ""jbd2/sda1-8"", ""command_line"": """", ""owner"": ""root"", ""pid"": ""184"", ""process"": ""all"", ""resource_instance_id"": ""1398563761166861218"", ""resource_project_id"": ""proyecto-2-cloud-509714"", ""resource_type"": ""gce_instance"", ""resource_zone"": ""us-central1-a"", ""vm"": ""mooc-web""}",0
2026-09-27T02:40:45.941024Z,"{""command"": ""jbd2/sda1-8"", ""command_line"": """", ""owner"": ""root"", ""pid"": ""184"", ""process"": ""all"", ""resource_instance_id"": ""1398563761166861218"", ""resource_project_id"": ""proyecto-2-cloud-509714"", ""resource_type"": ""gce_instance"", ""resource_zone"": ""us-central1-a"", ""vm"": ""mooc-web""}",0
2026-09-27T02:40:15.939270Z,"{""command"": ""jbd2/sda1-8"", ""command_line"": """", ""owner"": ""root"", ""pid"": ""184"", ""process"": ""all"", ""resource_instance_id"": ""1398563761166861218"", ""resource_project_id"": ""proyecto-2-cloud-509714"", ""resource_type"": ""gce_instance"", ""resource_zone"": ""us-central1-a"", ""vm"": ""mooc-web""}",0
2026-09-27T02:39:45.940426Z,"{""command"": ""jbd2/sda1-8"", ""command_line"": """", ""owner"": ""root"", ""pid"": ""184"", ""process"": ""all"", ""resource_instance_id"": ""1398563761166861218"", ""resource_project_id"": ""proyecto-2-cloud-509714"", ""resource_type"": ""gce_instance"", ""resource_zone"": ""us-central1-a"", ""vm"": ""mooc-web""}",0
2026-09-27T02:39:15.955529Z,"{""command"": ""jbd2/sda1-8"", ""command_line"": """", ""owner"": ""root"", ""pid"": ""184"", ""process"": ""all"", ""resource_instance_id"": ""1398563761166861218"", ""resource_project_id"": ""proyecto-2-cloud-509714"", ""resource_type"": ""gce_instance"", ""resource_zone"": ""us-central1-a"", ""vm"": ""mooc-web""}",0
2026-09-27T02:49:45.941216Z,"{""command"": ""kauditd"", ""command_line"": """", ""owner"": ""root"", ""pid"": ""28"", ""process"": ""all"", ""resource_instance_id"": ""1398563761166861218"", ""resource_project_id"": ""proyecto-2-cloud-509714"", ""resource_type"": ""gce_instance"", ""resource_zone"": ""us-central1-a"", ""vm"": ""mooc-web""}",0
2026-09-27T02:49:15.936576Z,"{""command"": ""kauditd"", ""command_line"": """", ""owner"": ""root"", ""pid"": ""28"", ""process"": ""all"", ""resource_instance_id"": ""1398563761166861218"", ""resource_project_id"": ""proyecto-2-cloud-509714"", ""resource_type"": ""gce_instance"", ""resource_zone"": ""us-central1-a"", ""vm"": ""mooc-web""}",0
2026-09-27T02:48:45.936682Z,"{""command"": ""kauditd"", ""command_line"": """", ""owner"": ""root"", ""pid"": ""28"", ""process"": ""all"", ""resource_instance_id"": ""1398563761166861218"", ""resource_project_id"": ""proyecto-2-cloud-509714"", ""resource_type"": ""gce_instance"", ""resource_zone"": ""us-central1-a"", ""vm"": ""mooc-web""}",0
2026-09-27T02:48:15.946440Z,"{""command"": ""kauditd"", ""command_line"": """", ""owner"": ""root"", ""pid"": ""28"", ""process"": ""all"", ""resource_instance_id"": ""1398563761166861218"", ""resource_project_id"": ""proyecto-2-cloud-509714"", ""resource_type"": ""gce_instance"", ""resource_zone"": ""us-central1-a"", ""vm"": ""mooc-web""}",0
2026-09-27T02:47:45.937065Z,"{""command"": ""kauditd"", ""command_line"": """", ""owner"": ""root"", ""pid"": ""28"", ""process"": ""all"", ""resource_instance_id"": ""1398563761166861218"", ""resource_project_id"": ""proyecto-2-cloud-509714"", ""resource_type"": ""gce_instance"", ""resource_zone"": ""us-central1-a"", ""vm"": ""mooc-web""}",0
2026-09-27T02:47:15.936770Z,"{""command"": ""kauditd"", ""command_line"": """", ""owner"": ""root"", ""pid"": ""28"", ""process"": ""all"", ""resource_instance_id"": ""1398563761166861218"", ""resource_project_id"": ""proyecto-2-cloud-509714"", ""resource_type"": ""gce_instance"", ""resource_zone"": ""us-central1-a"", ""vm"": ""mooc-web""}",0
2026-09-27T02:46:45.939412Z,"{""command"": ""kauditd"", ""command_line"": """", ""owner"": ""root"", ""pid"": ""28"", ""process"": ""all"", ""resource_instance_id"": ""1398563761166861218"", ""resource_project_id"": ""proyecto-2-cloud-509714"", ""resource_type"": ""gce_instance"", ""resource_zone"": ""us-central1-a"", ""vm"": ""mooc-web""}",0
2026-09-27T02:46:15.936384Z,"{""command"": ""kauditd"", ""command_line"": """", ""owner"": ""root"", ""pid"": ""28"", ""process"": ""all"", ""resource_instance_id"": ""1398563761166861218"", ""resource_project_id"": ""proyecto-2-cloud-509714"", ""resource_type"": ""gce_instance"", ""resource_zone"": ""us-central1-a"", ""vm"": ""mooc-web""}",0
2026-09-27T02:45:45.942464Z,"{""command"": ""kauditd"", ""command_line"": """", ""owner"": ""root"", ""pid"": ""28"", ""process"": ""all"", ""resource_instance_id"": ""1398563761166861218"", ""resource_project_id"": ""proyecto-2-cloud-509714"", ""resource_type"": ""gce_instance"", ""resource_zone"": ""us-central1-a"", ""vm"": ""mooc-web""}",0
2026-09-27T02:45:15.941917Z,"{""command"": ""kauditd"", ""command_line"": """", ""owner"": ""root"", ""pid"": ""28"", ""process"": ""all"", ""resource_instance_id"": ""1398563761166861218"", ""resource_project_id"": ""proyecto-2-cloud-509714"", ""resource_type"": ""gce_instance"", ""resource_zone"": ""us-central1-a"", ""vm"": ""mooc-web""}",0
2026-09-27T02:44:45.937735Z,"{""command"": ""kauditd"", ""command_line"": """", ""owner"": ""root"", ""pid"": ""28"", ""process"": ""all"", ""resource_instance_id"": ""1398563761166861218"", ""resource_project_id"": ""proyecto-2-cloud-509714"", ""resource_type"": ""gce_instance"", ""resource_zone"": ""us-central1-a"", ""vm"": ""mooc-web""}",0
2026-09-27T02:44:15.938604Z,"{""command"": ""kauditd"", ""command_line"": """", ""owner"": ""root"", ""pid"": ""28"", ""process"": ""all"", ""resource_instance_id"": ""1398563761166861218"", ""resource_project_id"": ""proyecto-2-cloud-509714"", ""resource_type"": ""gce_instance"", ""resource_zone"": ""us-central1-a"", ""vm"": ""mooc-web""}",0
2026-09-27T02:43:45.936880Z,"{""command"": ""kauditd"", ""command_line"": """", ""owner"": ""root"", ""pid"": ""28"", ""process"": ""all"", ""resource_instance_id"": ""1398563761166861218"", ""resource_project_id"": ""proyecto-2-cloud-509714"", ""resource_type"": ""gce_instance"", ""resource_zone"": ""us-central1-a"", ""vm"": ""mooc-web""}",0
2026-09-27T02:43:15.937127Z,"{""command"": ""kauditd"", ""command_line"": """", ""owner"": ""root"", ""pid"": ""28"", ""process"": ""all"", ""resource_instance_id"": ""1398563761166861218"", ""resource_project_id"": ""proyecto-2-cloud-509714"", ""resource_type"": ""gce_instance"", ""resource_zone"": ""us-central1-a"", ""vm"": ""mooc-web""}",0
2026-09-27T02:42:45.944754Z,"{""command"": ""kauditd"", ""command_line"": """", ""owner"": ""root"", ""pid"": ""28"", ""process"": ""all"", ""resource_instance_id"": ""1398563761166861218"", ""resource_project_id"": ""proyecto-2-cloud-509714"", ""resource_type"": ""gce_instance"", ""resource_zone"": ""us-central1-a"", ""vm"": ""mooc-web""}",0
2026-09-27T02:42:15.937192Z,"{""command"": ""kauditd"", ""command_line"": """", ""owner"": ""root"", ""pid"": ""28"", ""process"": ""all"", ""resource_instance_id"": ""1398563761166861218"", ""resource_project_id"": ""proyecto-2-cloud-509714"", ""resource_type"": ""gce_instance"", ""resource_zone"": ""us-central1-a"", ""vm"": ""mooc-web""}",0
2026-09-27T02:41:45.939106Z,"{""command"": ""kauditd"", ""command_line"": """", ""owner"": ""root"", ""pid"": ""28"", ""process"": ""all"", ""resource_instance_id"": ""1398563761166861218"", ""resource_project_id"": ""proyecto-2-cloud-509714"", ""resource_type"": ""gce_instance"", ""resource_zone"": ""us-central1-a"", ""vm"": ""mooc-web""}",0
2026-09-27T02:41:15.938843Z,"{""command"": ""kauditd"", ""command_line"": """", ""owner"": ""root"", ""pid"": ""28"", ""process"": ""all"", ""resource_instance_id"": ""1398563761166861218"", ""resource_project_id"": ""proyecto-2-cloud-509714"", ""resource_type"": ""gce_instance"", ""resource_zone"": ""us-central1-a"", ""vm"": ""mooc-web""}",0
2026-09-27T02:40:45.939633Z,"{""command"": ""kauditd"", ""command_line"": """", ""owner"": ""root"", ""pid"": ""28"", ""process"": ""all"", ""resource_instance_id"": ""1398563761166861218"", ""resource_project_id"": ""proyecto-2-cloud-509714"", ""resource_type"": ""gce_instance"", ""resource_zone"": ""us-central1-a"", ""vm"": ""mooc-web""}",0
2026-09-27T02:40:15.937155Z,"{""command"": ""kauditd"", ""command_line"": """", ""owner"": ""root"", ""pid"": ""28"", ""process"": ""all"", ""resource_instance_id"": ""1398563761166861218"", ""resource_project_id"": ""proyecto-2-cloud-509714"", ""resource_type"": ""gce_instance"", ""resource_zone"": ""us-central1-a"", ""vm"": ""mooc-web""}",0
2026-09-27T02:39:45.938301Z,"{""command"": ""kauditd"", ""command_line"": """", ""owner"": ""root"", ""pid"": ""28"", ""process"": ""all"", ""resource_instance_id"": ""1398563761166861218"", ""resource_project_id"": ""proyecto-2-cloud-509714"", ""resource_type"": ""gce_instance"", ""resource_zone"": ""us-central1-a"", ""vm"": ""mooc-web""}",0
2026-09-27T02:39:15.953753Z,"{""command"": ""kauditd"", ""command_line"": """", ""owner"": ""root"", ""pid"": ""28"", ""process"": ""all"", ""resource_instance_id"": ""1398563761166861218"", ""resource_project_id"": ""proyecto-2-cloud-509714"", ""resource_type"": ""gce_instance"", ""resource_zone"": ""us-central1-a"", ""vm"": ""mooc-web""}",0
2026-09-27T02:49:45.941885Z,"{""command"": ""kblockd"", ""command_line"": """", ""owner"": ""root"", ""pid"": ""38"", ""process"": ""all"", ""resource_instance_id"": ""1398563761166861218"", ""resource_project_id"": ""proyecto-2-cloud-509714"", ""resource_type"": ""gce_instance"", ""resource_zone"": ""us-central1-a"", ""vm"": ""mooc-web""}",0
2026-09-27T02:49:15.937040Z,"{""command"": ""kblockd"", ""command_line"": """", ""owner"": ""root"", ""pid"": ""38"", ""process"": ""all"", ""resource_instance_id"": ""1398563761166861218"", ""resource_project_id"": ""proyecto-2-cloud-509714"", ""resource_type"": ""gce_instance"", ""resource_zone"": ""us-central1-a"", ""vm"": ""mooc-web""}",0
2026-09-27T02:48:45.937137Z,"{""command"": ""kblockd"", ""command_line"": """", ""owner"": ""root"", ""pid"": ""38"", ""process"": ""all"", ""resource_instance_id"": ""1398563761166861218"", ""resource_project_id"": ""proyecto-2-cloud-509714"", ""resource_type"": ""gce_instance"", ""resource_zone"": ""us-central1-a"", ""vm"": ""mooc-web""}",0
2026-09-27T02:48:15.947521Z,"{""command"": ""kblockd"", ""command_line"": """", ""owner"": ""root"", ""pid"": ""38"", ""process"": ""all"", ""resource_instance_id"": ""1398563761166861218"", ""resource_project_id"": ""proyecto-2-cloud-509714"", ""resource_type"": ""gce_instance"", ""resource_zone"": ""us-central1-a"", ""vm"": ""mooc-web""}",0
2026-09-27T02:47:45.937604Z,"{""command"": ""kblockd"", ""command_line"": """", ""owner"": ""root"", ""pid"": ""38"", ""process"": ""all"", ""resource_instance_id"": ""1398563761166861218"", ""resource_project_id"": ""proyecto-2-cloud-509714"", ""resource_type"": ""gce_instance"", ""resource_zone"": ""us-central1-a"", ""vm"": ""mooc-web""}",0
2026-09-27T02:47:15.937217Z,"{""command"": ""kblockd"", ""command_line"": """", ""owner"": ""root"", ""pid"": ""38"", ""process"": ""all"", ""resource_instance_id"": ""1398563761166861218"", ""resource_project_id"": ""proyecto-2-cloud-509714"", ""resource_type"": ""gce_instance"", ""resource_zone"": ""us-central1-a"", ""vm"": ""mooc-web""}",0
2026-09-27T02:46:45.939870Z,"{""command"": ""kblockd"", ""command_line"": """", ""owner"": ""root"", ""pid"": ""38"", ""process"": ""all"", ""resource_instance_id"": ""1398563761166861218"", ""resource_project_id"": ""proyecto-2-cloud-509714"", ""resource_type"": ""gce_instance"", ""resource_zone"": ""us-central1-a"", ""vm"": ""mooc-web""}",0
2026-09-27T02:46:15.936851Z,"{""command"": ""kblockd"", ""command_line"": """", ""owner"": ""root"", ""pid"": ""38"", ""process"": ""all"", ""resource_instance_id"": ""1398563761166861218"", ""resource_project_id"": ""proyecto-2-cloud-509714"", ""resource_type"": ""gce_instance"", ""resource_zone"": ""us-central1-a"", ""vm"": ""mooc-web""}",0
2026-09-27T02:45:45.943510Z,"{""command"": ""kblockd"", ""command_line"": """", ""owner"": ""root"", ""pid"": ""38"", ""process"": ""all"", ""resource_instance_id"": ""1398563761166861218"", ""resource_project_id"": ""proyecto-2-cloud-509714"", ""resource_type"": ""gce_instance"", ""resource_zone"": ""us-central1-a"", ""vm"": ""mooc-web""}",0
2026-09-27T02:45:15.942425Z,"{""command"": ""kblockd"", ""command_line"": """", ""owner"": ""root"", ""pid"": ""38"", ""process"": ""all"", ""resource_instance_id"": ""1398563761166861218"", ""resource_project_id"": ""proyecto-2-cloud-509714"", ""resource_type"": ""gce_instance"", ""resource_zone"": ""us-central1-a"", ""vm"": ""mooc-web""}",0
2026-09-27T02:44:45.938489Z,"{""command"": ""kblockd"", ""command_line"": """", ""owner"": ""root"", ""pid"": ""38"", ""process"": ""all"", ""resource_instance_id"": ""1398563761166861218"", ""resource_project_id"": ""proyecto-2-cloud-509714"", ""resource_type"": ""gce_instance"", ""resource_zone"": ""us-central1-a"", ""vm"": ""mooc-web""}",0
2026-09-27T02:44:15.939113Z,"{""command"": ""kblockd"", ""command_line"": """", ""owner"": ""root"", ""pid"": ""38"", ""process"": ""all"", ""resource_instance_id"": ""1398563761166861218"", ""resource_project_id"": ""proyecto-2-cloud-509714"", ""resource_type"": ""gce_instance"", ""resource_zone"": ""us-central1-a"", ""vm"": ""mooc-web""}",0
2026-09-27T02:43:45.937363Z,"{""command"": ""kblockd"", ""command_line"": """", ""owner"": ""root"", ""pid"": ""38"", ""process"": ""all"", ""resource_instance_id"": ""1398563761166861218"", ""resource_project_id"": ""proyecto-2-cloud-509714"", ""resource_type"": ""gce_instance"", ""resource_zone"": ""us-central1-a"", ""vm"": ""mooc-web""}",0
2026-09-27T02:43:15.937631Z,"{""command"": ""kblockd"", ""command_line"": """", ""owner"": ""root"", ""pid"": ""38"", ""process"": ""all"", ""resource_instance_id"": ""1398563761166861218"", ""resource_project_id"": ""proyecto-2-cloud-509714"", ""resource_type"": ""gce_instance"", ""resource_zone"": ""us-central1-a"", ""vm"": ""mooc-web""}",0
2026-09-27T02:42:45.945212Z,"{""command"": ""kblockd"", ""command_line"": """", ""owner"": ""root"", ""pid"": ""38"", ""process"": ""all"", ""resource_instance_id"": ""1398563761166861218"", ""resource_project_id"": ""proyecto-2-cloud-509714"", ""resource_type"": ""gce_instance"", ""resource_zone"": ""us-central1-a"", ""vm"": ""mooc-web""}",0
2026-09-27T02:42:15.937733Z,"{""command"": ""kblockd"", ""command_line"": """", ""owner"": ""root"", ""pid"": ""38"", ""process"": ""all"", ""resource_instance_id"": ""1398563761166861218"", ""resource_project_id"": ""proyecto-2-cloud-509714"", ""resource_type"": ""gce_instance"", ""resource_zone"": ""us-central1-a"", ""vm"": ""mooc-web""}",0
2026-09-27T02:41:45.939568Z,"{""command"": ""kblockd"", ""command_line"": """", ""owner"": ""root"", ""pid"": ""38"", ""process"": ""all"", ""resource_instance_id"": ""1398563761166861218"", ""resource_project_id"": ""proyecto-2-cloud-509714"", ""resource_type"": ""gce_instance"", ""resource_zone"": ""us-central1-a"", ""vm"": ""mooc-web""}",0
2026-09-27T02:41:15.939390Z,"{""command"": ""kblockd"", ""command_line"": """", ""owner"": ""root"", ""pid"": ""38"", ""process"": ""all"", ""resource_instance_id"": ""1398563761166861218"", ""resource_project_id"": ""proyecto-2-cloud-509714"", ""resource_type"": ""gce_instance"", ""resource_zone"": ""us-central1-a"", ""vm"": ""mooc-web""}",0
2026-09-27T02:40:45.940124Z,"{""command"": ""kblockd"", ""command_line"": """", ""owner"": ""root"", ""pid"": ""38"", ""process"": ""all"", ""resource_instance_id"": ""1398563761166861218"", ""resource_project_id"": ""proyecto-2-cloud-509714"", ""resource_type"": ""gce_instance"", ""resource_zone"": ""us-central1-a"", ""vm"": ""mooc-web""}",0
2026-09-27T02:40:15.937697Z,"{""command"": ""kblockd"", ""command_line"": """", ""owner"": ""root"", ""pid"": ""38"", ""process"": ""all"", ""resource_instance_id"": ""1398563761166861218"", ""resource_project_id"": ""proyecto-2-cloud-509714"", ""resource_type"": ""gce_instance"", ""resource_zone"": ""us-central1-a"", ""vm"": ""mooc-web""}",0
2026-09-27T02:39:45.939001Z,"{""command"": ""kblockd"", ""command_line"": """", ""owner"": ""root"", ""pid"": ""38"", ""process"": ""all"", ""resource_instance_id"": ""1398563761166861218"", ""resource_project_id"": ""proyecto-2-cloud-509714"", ""resource_type"": ""gce_instance"", ""resource_zone"": ""us-central1-a"", ""vm"": ""mooc-web""}",0
2026-09-27T02:39:15.954402Z,"{""command"": ""kblockd"", ""command_line"": """", ""owner"": ""root"", ""pid"": ""38"", ""process"": ""all"", ""resource_instance_id"": ""1398563761166861218"", ""resource_project_id"": ""proyecto-2-cloud-509714"", ""resource_type"": ""gce_instance"", ""resource_zone"": ""us-central1-a"", ""vm"": ""mooc-web""}",0
2026-09-27T02:49:45.941585Z,"{""command"": ""kcompactd0"", ""command_line"": """", ""owner"": ""root"", ""pid"": ""34"", ""process"": ""all"", ""resource_instance_id"": ""1398563761166861218"", ""resource_project_id"": ""proyecto-2-cloud-509714"", ""resource_type"": ""gce_instance"", ""resource_zone"": ""us-central1-a"", ""vm"": ""mooc-web""}",0
2026-09-27T02:49:15.936843Z,"{""command"": ""kcompactd0"", ""command_line"": """", ""owner"": ""root"", ""pid"": ""34"", ""process"": ""all"", ""resource_instance_id"": ""1398563761166861218"", ""resource_project_id"": ""proyecto-2-cloud-509714"", ""resource_type"": ""gce_instance"", ""resource_zone"": ""us-central1-a"", ""vm"": ""mooc-web""}",0
2026-09-27T02:48:45.936921Z,"{""command"": ""kcompactd0"", ""command_line"": """", ""owner"": ""root"", ""pid"": ""34"", ""process"": ""all"", ""resource_instance_id"": ""1398563761166861218"", ""resource_project_id"": ""proyecto-2-cloud-509714"", ""resource_type"": ""gce_instance"", ""resource_zone"": ""us-central1-a"", ""vm"": ""mooc-web""}",0
2026-09-27T02:48:15.947143Z,"{""command"": ""kcompactd0"", ""command_line"": """", ""owner"": ""root"", ""pid"": ""34"", ""process"": ""all"", ""resource_instance_id"": ""1398563761166861218"", ""resource_project_id"": ""proyecto-2-cloud-509714"", ""resource_type"": ""gce_instance"", ""resource_zone"": ""us-central1-a"", ""vm"": ""mooc-web""}",0
2026-09-27T02:47:45.937363Z,"{""command"": ""kcompactd0"", ""command_line"": """", ""owner"": ""root"", ""pid"": ""34"", ""process"": ""all"", ""resource_instance_id"": ""1398563761166861218"", ""resource_project_id"": ""proyecto-2-cloud-509714"", ""resource_type"": ""gce_instance"", ""resource_zone"": ""us-central1-a"", ""vm"": ""mooc-web""}",0
2026-09-27T02:47:15.937024Z,"{""command"": ""kcompactd0"", ""command_line"": """", ""owner"": ""root"", ""pid"": ""34"", ""process"": ""all"", ""resource_instance_id"": ""1398563761166861218"", ""resource_project_id"": ""proyecto-2-cloud-509714"", ""resource_type"": ""gce_instance"", ""resource_zone"": ""us-central1-a"", ""vm"": ""mooc-web""}",0
2026-09-27T02:46:45.939671Z,"{""command"": ""kcompactd0"", ""command_line"": """", ""owner"": ""root"", ""pid"": ""34"", ""process"": ""all"", ""resource_instance_id"": ""1398563761166861218"", ""resource_project_id"": ""proyecto-2-cloud-509714"", ""resource_type"": ""gce_instance"", ""resource_zone"": ""us-central1-a"", ""vm"": ""mooc-web""}",0
2026-09-27T02:46:15.936643Z,"{""command"": ""kcompactd0"", ""command_line"": """", ""owner"": ""root"", ""pid"": ""34"", ""process"": ""all"", ""resource_instance_id"": ""1398563761166861218"", ""resource_project_id"": ""proyecto-2-cloud-509714"", ""resource_type"": ""gce_instance"", ""resource_zone"": ""us-central1-a"", ""vm"": ""mooc-web""}",0
2026-09-27T02:45:45.942852Z,"{""command"": ""kcompactd0"", ""command_line"": """", ""owner"": ""root"", ""pid"": ""34"", ""process"": ""all"", ""resource_instance_id"": ""1398563761166861218"", ""resource_project_id"": ""proyecto-2-cloud-509714"", ""resource_type"": ""gce_instance"", ""resource_zone"": ""us-central1-a"", ""vm"": ""mooc-web""}",0
2026-09-27T02:45:15.942219Z,"{""command"": ""kcompactd0"", ""command_line"": """", ""owner"": ""root"", ""pid"": ""34"", ""process"": ""all"", ""resource_instance_id"": ""1398563761166861218"", ""resource_project_id"": ""proyecto-2-cloud-509714"", ""resource_type"": ""gce_instance"", ""resource_zone"": ""us-central1-a"", ""vm"": ""mooc-web""}",0
2026-09-27T02:44:45.938142Z,"{""command"": ""kcompactd0"", ""command_line"": """", ""owner"": ""root"", ""pid"": ""34"", ""process"": ""all"", ""resource_instance_id"": ""1398563761166861218"", ""resource_project_id"": ""proyecto-2-cloud-509714"", ""resource_type"": ""gce_instance"", ""resource_zone"": ""us-central1-a"", ""vm"": ""mooc-web""}",0
2026-09-27T02:44:15.938861Z,"{""command"": ""kcompactd0"", ""command_line"": """", ""owner"": ""root"", ""pid"": ""34"", ""process"": ""all"", ""resource_instance_id"": ""1398563761166861218"", ""resource_project_id"": ""proyecto-2-cloud-509714"", ""resource_type"": ""gce_instance"", ""resource_zone"": ""us-central1-a"", ""vm"": ""mooc-web""}",0
2026-09-27T02:43:45.937137Z,"{""command"": ""kcompactd0"", ""command_line"": """", ""owner"": ""root"", ""pid"": ""34"", ""process"": ""all"", ""resource_instance_id"": ""1398563761166861218"", ""resource_project_id"": ""proyecto-2-cloud-509714"", ""resource_type"": ""gce_instance"", ""resource_zone"": ""us-central1-a"", ""vm"": ""mooc-web""}",0
2026-09-27T02:43:15.937390Z,"{""command"": ""kcompactd0"", ""command_line"": """", ""owner"": ""root"", ""pid"": ""34"", ""process"": ""all"", ""resource_instance_id"": ""1398563761166861218"", ""resource_project_id"": ""proyecto-2-cloud-509714"", ""resource_type"": ""gce_instance"", ""resource_zone"": ""us-central1-a"", ""vm"": ""mooc-web""}",0
2026-09-27T02:42:45.945015Z,"{""command"": ""kcompactd0"", ""command_line"": """", ""owner"": ""root"", ""pid"": ""34"", ""process"": ""all"", ""resource_instance_id"": ""1398563761166861218"", ""resource_project_id"": ""proyecto-2-cloud-509714"", ""resource_type"": ""gce_instance"", ""resource_zone"": ""us-central1-a"", ""vm"": ""mooc-web""}",0
2026-09-27T02:42:15.937449Z,"{""command"": ""kcompactd0"", ""command_line"": """", ""owner"": ""root"", ""pid"": ""34"", ""process"": ""all"", ""resource_instance_id"": ""1398563761166861218"", ""resource_project_id"": ""proyecto-2-cloud-509714"", ""resource_type"": ""gce_instance"", ""resource_zone"": ""us-central1-a"", ""vm"": ""mooc-web""}",0
2026-09-27T02:41:45.939359Z,"{""command"": ""kcompactd0"", ""command_line"": """", ""owner"": ""root"", ""pid"": ""34"", ""process"": ""all"", ""resource_instance_id"": ""1398563761166861218"", ""resource_project_id"": ""proyecto-2-cloud-509714"", ""resource_type"": ""gce_instance"", ""resource_zone"": ""us-central1-a"", ""vm"": ""mooc-web""}",0
2026-09-27T02:41:15.939158Z,"{""command"": ""kcompactd0"", ""command_line"": """", ""owner"": ""root"", ""pid"": ""34"", ""process"": ""all"", ""resource_instance_id"": ""1398563761166861218"", ""resource_project_id"": ""proyecto-2-cloud-509714"", ""resource_type"": ""gce_instance"", ""resource_zone"": ""us-central1-a"", ""vm"": ""mooc-web""}",0
2026-09-27T02:40:45.939882Z,"{""command"": ""kcompactd0"", ""command_line"": """", ""owner"": ""root"", ""pid"": ""34"", ""process"": ""all"", ""resource_instance_id"": ""1398563761166861218"", ""resource_project_id"": ""proyecto-2-cloud-509714"", ""resource_type"": ""gce_instance"", ""resource_zone"": ""us-central1-a"", ""vm"": ""mooc-web""}",0
2026-09-27T02:40:15.937418Z,"{""command"": ""kcompactd0"", ""command_line"": """", ""owner"": ""root"", ""pid"": ""34"", ""process"": ""all"", ""resource_instance_id"": ""1398563761166861218"", ""resource_project_id"": ""proyecto-2-cloud-509714"", ""resource_type"": ""gce_instance"", ""resource_zone"": ""us-central1-a"", ""vm"": ""mooc-web""}",0
2026-09-27T02:39:45.938688Z,"{""command"": ""kcompactd0"", ""command_line"": """", ""owner"": ""root"", ""pid"": ""34"", ""process"": ""all"", ""resource_instance_id"": ""1398563761166861218"", ""resource_project_id"": ""proyecto-2-cloud-509714"", ""resource_type"": ""gce_instance"", ""resource_zone"": ""us-central1-a"", ""vm"": ""mooc-web""}",0
2026-09-27T02:39:15.954072Z,"{""command"": ""kcompactd0"", ""command_line"": """", ""owner"": ""root"", ""pid"": ""34"", ""process"": ""all"", ""resource_instance_id"": ""1398563761166861218"", ""resource_project_id"": ""proyecto-2-cloud-509714"", ""resource_type"": ""gce_instance"", ""resource_zone"": ""us-central1-a"", ""vm"": ""mooc-web""}",0
2026-09-27T02:49:45.941075Z,"{""command"": ""kdevtmpfs"", ""command_line"": """", ""owner"": ""root"", ""pid"": ""26"", ""process"": ""all"", ""resource_instance_id"": ""1398563761166861218"", ""resource_project_id"": ""proyecto-2-cloud-509714"", ""resource_type"": ""gce_instance"", ""resource_zone"": ""us-central1-a"", ""vm"": ""mooc-web""}",0
2026-09-27T02:49:15.936478Z,"{""command"": ""kdevtmpfs"", ""command_line"": """", ""owner"": ""root"", ""pid"": ""26"", ""process"": ""all"", ""resource_instance_id"": ""1398563761166861218"", ""resource_project_id"": ""proyecto-2-cloud-509714"", ""resource_type"": ""gce_instance"", ""resource_zone"": ""us-central1-a"", ""vm"": ""mooc-web""}",0
2026-09-27T02:48:45.936561Z,"{""command"": ""kdevtmpfs"", ""command_line"": """", ""owner"": ""root"", ""pid"": ""26"", ""process"": ""all"", ""resource_instance_id"": ""1398563761166861218"", ""resource_project_id"": ""proyecto-2-cloud-509714"", ""resource_type"": ""gce_instance"", ""resource_zone"": ""us-central1-a"", ""vm"": ""mooc-web""}",0
2026-09-27T02:48:15.946184Z,"{""command"": ""kdevtmpfs"", ""command_line"": """", ""owner"": ""root"", ""pid"": ""26"", ""process"": ""all"", ""resource_instance_id"": ""1398563761166861218"", ""resource_project_id"": ""proyecto-2-cloud-509714"", ""resource_type"": ""gce_instance"", ""resource_zone"": ""us-central1-a"", ""vm"": ""mooc-web""}",0
2026-09-27T02:47:45.936967Z,"{""command"": ""kdevtmpfs"", ""command_line"": """", ""owner"": ""root"", ""pid"": ""26"", ""process"": ""all"", ""resource_instance_id"": ""1398563761166861218"", ""resource_project_id"": ""proyecto-2-cloud-509714"", ""resource_type"": ""gce_instance"", ""resource_zone"": ""us-central1-a"", ""vm"": ""mooc-web""}",0
2026-09-27T02:47:15.936671Z,"{""command"": ""kdevtmpfs"", ""command_line"": """", ""owner"": ""root"", ""pid"": ""26"", ""process"": ""all"", ""resource_instance_id"": ""1398563761166861218"", ""resource_project_id"": ""proyecto-2-cloud-509714"", ""resource_type"": ""gce_instance"", ""resource_zone"": ""us-central1-a"", ""vm"": ""mooc-web""}",0
2026-09-27T02:46:45.939311Z,"{""command"": ""kdevtmpfs"", ""command_line"": """", ""owner"": ""root"", ""pid"": ""26"", ""process"": ""all"", ""resource_instance_id"": ""1398563761166861218"", ""resource_project_id"": ""proyecto-2-cloud-509714"", ""resource_type"": ""gce_instance"", ""resource_zone"": ""us-central1-a"", ""vm"": ""mooc-web""}",0
2026-09-27T02:46:15.936290Z,"{""command"": ""kdevtmpfs"", ""command_line"": """", ""owner"": ""root"", ""pid"": ""26"", ""process"": ""all"", ""resource_instance_id"": ""1398563761166861218"", ""resource_project_id"": ""proyecto-2-cloud-509714"", ""resource_type"": ""gce_instance"", ""resource_zone"": ""us-central1-a"", ""vm"": ""mooc-web""}",0
2026-09-27T02:45:45.942308Z,"{""command"": ""kdevtmpfs"", ""command_line"": """", ""owner"": ""root"", ""pid"": ""26"", ""process"": ""all"", ""resource_instance_id"": ""1398563761166861218"", ""resource_project_id"": ""proyecto-2-cloud-509714"", ""resource_type"": ""gce_instance"", ""resource_zone"": ""us-central1-a"", ""vm"": ""mooc-web""}",0
2026-09-27T02:45:15.941795Z,"{""command"": ""kdevtmpfs"", ""command_line"": """", ""owner"": ""root"", ""pid"": ""26"", ""process"": ""all"", ""resource_instance_id"": ""1398563761166861218"", ""resource_project_id"": ""proyecto-2-cloud-509714"", ""resource_type"": ""gce_instance"", ""resource_zone"": ""us-central1-a"", ""vm"": ""mooc-web""}",0
2026-09-27T02:44:45.937488Z,"{""command"": ""kdevtmpfs"", ""command_line"": """", ""owner"": ""root"", ""pid"": ""26"", ""process"": ""all"", ""resource_instance_id"": ""1398563761166861218"", ""resource_project_id"": ""proyecto-2-cloud-509714"", ""resource_type"": ""gce_instance"", ""resource_zone"": ""us-central1-a"", ""vm"": ""mooc-web""}",0
2026-09-27T02:44:15.938509Z,"{""command"": ""kdevtmpfs"", ""command_line"": """", ""owner"": ""root"", ""pid"": ""26"", ""process"": ""all"", ""resource_instance_id"": ""1398563761166861218"", ""resource_project_id"": ""proyecto-2-cloud-509714"", ""resource_type"": ""gce_instance"", ""resource_zone"": ""us-central1-a"", ""vm"": ""mooc-web""}",0
2026-09-27T02:43:45.936784Z,"{""command"": ""kdevtmpfs"", ""command_line"": """", ""owner"": ""root"", ""pid"": ""26"", ""process"": ""all"", ""resource_instance_id"": ""1398563761166861218"", ""resource_project_id"": ""proyecto-2-cloud-509714"", ""resource_type"": ""gce_instance"", ""resource_zone"": ""us-central1-a"", ""vm"": ""mooc-web""}",0
2026-09-27T02:43:15.937027Z,"{""command"": ""kdevtmpfs"", ""command_line"": """", ""owner"": ""root"", ""pid"": ""26"", ""process"": ""all"", ""resource_instance_id"": ""1398563761166861218"", ""resource_project_id"": ""proyecto-2-cloud-509714"", ""resource_type"": ""gce_instance"", ""resource_zone"": ""us-central1-a"", ""vm"": ""mooc-web""}",0
2026-09-27T02:42:45.944657Z,"{""command"": ""kdevtmpfs"", ""command_line"": """", ""owner"": ""root"", ""pid"": ""26"", ""process"": ""all"", ""resource_instance_id"": ""1398563761166861218"", ""resource_project_id"": ""proyecto-2-cloud-509714"", ""resource_type"": ""gce_instance"", ""resource_zone"": ""us-central1-a"", ""vm"": ""mooc-web""}",0
2026-09-27T02:42:15.937093Z,"{""command"": ""kdevtmpfs"", ""command_line"": """", ""owner"": ""root"", ""pid"": ""26"", ""process"": ""all"", ""resource_instance_id"": ""1398563761166861218"", ""resource_project_id"": ""proyecto-2-cloud-509714"", ""resource_type"": ""gce_instance"", ""resource_zone"": ""us-central1-a"", ""vm"": ""mooc-web""}",0
2026-09-27T02:41:45.939004Z,"{""command"": ""kdevtmpfs"", ""command_line"": """", ""owner"": ""root"", ""pid"": ""26"", ""process"": ""all"", ""resource_instance_id"": ""1398563761166861218"", ""resource_project_id"": ""proyecto-2-cloud-509714"", ""resource_type"": ""gce_instance"", ""resource_zone"": ""us-central1-a"", ""vm"": ""mooc-web""}",0
2026-09-27T02:41:15.938745Z,"{""command"": ""kdevtmpfs"", ""command_line"": """", ""owner"": ""root"", ""pid"": ""26"", ""process"": ""all"", ""resource_instance_id"": ""1398563761166861218"", ""resource_project_id"": ""proyecto-2-cloud-509714"", ""resource_type"": ""gce_instance"", ""resource_zone"": ""us-central1-a"", ""vm"": ""mooc-web""}",0
2026-09-27T02:40:45.939535Z,"{""command"": ""kdevtmpfs"", ""command_line"": """", ""owner"": ""root"", ""pid"": ""26"", ""process"": ""all"", ""resource_instance_id"": ""1398563761166861218"", ""resource_project_id"": ""proyecto-2-cloud-509714"", ""resource_type"": ""gce_instance"", ""resource_zone"": ""us-central1-a"", ""vm"": ""mooc-web""}",0
2026-09-27T02:40:15.937055Z,"{""command"": ""kdevtmpfs"", ""command_line"": """", ""owner"": ""root"", ""pid"": ""26"", ""process"": ""all"", ""resource_instance_id"": ""1398563761166861218"", ""resource_project_id"": ""proyecto-2-cloud-509714"", ""resource_type"": ""gce_instance"", ""resource_zone"": ""us-central1-a"", ""vm"": ""mooc-web""}",0
2026-09-27T02:39:45.938144Z,"{""command"": ""kdevtmpfs"", ""command_line"": """", ""owner"": ""root"", ""pid"": ""26"", ""process"": ""all"", ""resource_instance_id"": ""1398563761166861218"", ""resource_project_id"": ""proyecto-2-cloud-509714"", ""resource_type"": ""gce_instance"", ""resource_zone"": ""us-central1-a"", ""vm"": ""mooc-web""}",0
2026-09-27T02:39:15.953628Z,"{""command"": ""kdevtmpfs"", ""command_line"": """", ""owner"": ""root"", ""pid"": ""26"", ""process"": ""all"", ""resource_instance_id"": ""1398563761166861218"", ""resource_project_id"": ""proyecto-2-cloud-509714"", ""resource_type"": ""gce_instance"", ""resource_zone"": ""us-central1-a"", ""vm"": ""mooc-web""}",0
2026-09-27T02:49:45.941735Z,"{""command"": ""khugepaged"", ""command_line"": """", ""owner"": ""root"", ""pid"": ""36"", ""process"": ""all"", ""resource_instance_id"": ""1398563761166861218"", ""resource_project_id"": ""proyecto-2-cloud-509714"", ""resource_type"": ""gce_instance"", ""resource_zone"": ""us-central1-a"", ""vm"": ""mooc-web""}",0
2026-09-27T02:49:15.936938Z,"{""command"": ""khugepaged"", ""command_line"": """", ""owner"": ""root"", ""pid"": ""36"", ""process"": ""all"", ""resource_instance_id"": ""1398563761166861218"", ""resource_project_id"": ""proyecto-2-cloud-509714"", ""resource_type"": ""gce_instance"", ""resource_zone"": ""us-central1-a"", ""vm"": ""mooc-web""}",0
2026-09-27T02:48:45.937035Z,"{""command"": ""khugepaged"", ""command_line"": """", ""owner"": ""root"", ""pid"": ""36"", ""process"": ""all"", ""resource_instance_id"": ""1398563761166861218"", ""resource_project_id"": ""proyecto-2-cloud-509714"", ""resource_type"": ""gce_instance"", ""resource_zone"": ""us-central1-a"", ""vm"": ""mooc-web""}",0
2026-09-27T02:48:15.947315Z,"{""command"": ""khugepaged"", ""command_line"": """", ""owner"": ""root"", ""pid"": ""36"", ""process"": ""all"", ""resource_instance_id"": ""1398563761166861218"", ""resource_project_id"": ""proyecto-2-cloud-509714"", ""resource_type"": ""gce_instance"", ""resource_zone"": ""us-central1-a"", ""vm"": ""mooc-web""}",0
2026-09-27T02:47:45.937467Z,"{""command"": ""khugepaged"", ""command_line"": """", ""owner"": ""root"", ""pid"": ""36"", ""process"": ""all"", ""resource_instance_id"": ""1398563761166861218"", ""resource_project_id"": ""proyecto-2-cloud-509714"", ""resource_type"": ""gce_instance"", ""resource_zone"": ""us-central1-a"", ""vm"": ""mooc-web""}",0
2026-09-27T02:47:15.937118Z,"{""command"": ""khugepaged"", ""command_line"": """", ""owner"": ""root"", ""pid"": ""36"", ""process"": ""all"", ""resource_instance_id"": ""1398563761166861218"", ""resource_project_id"": ""proyecto-2-cloud-509714"", ""resource_type"": ""gce_instance"", ""resource_zone"": ""us-central1-a"", ""vm"": ""mooc-web""}",0
2026-09-27T02:46:45.939773Z,"{""command"": ""khugepaged"", ""command_line"": """", ""owner"": ""root"", ""pid"": ""36"", ""process"": ""all"", ""resource_instance_id"": ""1398563761166861218"", ""resource_project_id"": ""proyecto-2-cloud-509714"", ""resource_type"": ""gce_instance"", ""resource_zone"": ""us-central1-a"", ""vm"": ""mooc-web""}",0
2026-09-27T02:46:15.936740Z,"{""command"": ""khugepaged"", ""command_line"": """", ""owner"": ""root"", ""pid"": ""36"", ""process"": ""all"", ""resource_instance_id"": ""1398563761166861218"", ""resource_project_id"": ""proyecto-2-cloud-509714"", ""resource_type"": ""gce_instance"", ""resource_zone"": ""us-central1-a"", ""vm"": ""mooc-web""}",0
2026-09-27T02:45:45.943320Z,"{""command"": ""khugepaged"", ""command_line"": """", ""owner"": ""root"", ""pid"": ""36"", ""process"": ""all"", ""resource_instance_id"": ""1398563761166861218"", ""resource_project_id"": ""proyecto-2-cloud-509714"", ""resource_type"": ""gce_instance"", ""resource_zone"": ""us-central1-a"", ""vm"": ""mooc-web""}",0
2026-09-27T02:45:15.942314Z,"{""command"": ""khugepaged"", ""command_line"": """", ""owner"": ""root"", ""pid"": ""36"", ""process"": ""all"", ""resource_instance_id"": ""1398563761166861218"", ""resource_project_id"": ""proyecto-2-cloud-509714"", ""resource_type"": ""gce_instance"", ""resource_zone"": ""us-central1-a"", ""vm"": ""mooc-web""}",0
2026-09-27T02:44:45.938306Z,"{""command"": ""khugepaged"", ""command_line"": """", ""owner"": ""root"", ""pid"": ""36"", ""process"": ""all"", ""resource_instance_id"": ""1398563761166861218"", ""resource_project_id"": ""proyecto-2-cloud-509714"", ""resource_type"": ""gce_instance"", ""resource_zone"": ""us-central1-a"", ""vm"": ""mooc-web""}",0
2026-09-27T02:44:15.939005Z,"{""command"": ""khugepaged"", ""command_line"": """", ""owner"": ""root"", ""pid"": ""36"", ""process"": ""all"", ""resource_instance_id"": ""1398563761166861218"", ""resource_project_id"": ""proyecto-2-cloud-509714"", ""resource_type"": ""gce_instance"", ""resource_zone"": ""us-central1-a"", ""vm"": ""mooc-web""}",0
2026-09-27T02:43:45.937246Z,"{""command"": ""khugepaged"", ""command_line"": """", ""owner"": ""root"", ""pid"": ""36"", ""process"": ""all"", ""resource_instance_id"": ""1398563761166861218"", ""resource_project_id"": ""proyecto-2-cloud-509714"", ""resource_type"": ""gce_instance"", ""resource_zone"": ""us-central1-a"", ""vm"": ""mooc-web""}",0
2026-09-27T02:43:15.937504Z,"{""command"": ""khugepaged"", ""command_line"": """", ""owner"": ""root"", ""pid"": ""36"", ""process"": ""all"", ""resource_instance_id"": ""1398563761166861218"", ""resource_project_id"": ""proyecto-2-cloud-509714"", ""resource_type"": ""gce_instance"", ""resource_zone"": ""us-central1-a"", ""vm"": ""mooc-web""}",0
2026-09-27T02:42:45.945115Z,"{""command"": ""khugepaged"", ""command_line"": """", ""owner"": ""root"", ""pid"": ""36"", ""process"": ""all"", ""resource_instance_id"": ""1398563761166861218"", ""resource_project_id"": ""proyecto-2-cloud-509714"", ""resource_type"": ""gce_instance"", ""resource_zone"": ""us-central1-a"", ""vm"": ""mooc-web""}",0
2026-09-27T02:42:15.937559Z,"{""command"": ""khugepaged"", ""command_line"": """", ""owner"": ""root"", ""pid"": ""36"", ""process"": ""all"", ""resource_instance_id"": ""1398563761166861218"", ""resource_project_id"": ""proyecto-2-cloud-509714"", ""resource_type"": ""gce_instance"", ""resource_zone"": ""us-central1-a"", ""vm"": ""mooc-web""}",0
2026-09-27T02:41:45.939469Z,"{""command"": ""khugepaged"", ""command_line"": """", ""owner"": ""root"", ""pid"": ""36"", ""process"": ""all"", ""resource_instance_id"": ""1398563761166861218"", ""resource_project_id"": ""proyecto-2-cloud-509714"", ""resource_type"": ""gce_instance"", ""resource_zone"": ""us-central1-a"", ""vm"": ""mooc-web""}",0
2026-09-27T02:41:15.939286Z,"{""command"": ""khugepaged"", ""command_line"": """", ""owner"": ""root"", ""pid"": ""36"", ""process"": ""all"", ""resource_instance_id"": ""1398563761166861218"", ""resource_project_id"": ""proyecto-2-cloud-509714"", ""resource_type"": ""gce_instance"", ""resource_zone"": ""us-central1-a"", ""vm"": ""mooc-web""}",0
2026-09-27T02:40:45.940021Z,"{""command"": ""khugepaged"", ""command_line"": """", ""owner"": ""root"", ""pid"": ""36"", ""process"": ""all"", ""resource_instance_id"": ""1398563761166861218"", ""resource_project_id"": ""proyecto-2-cloud-509714"", ""resource_type"": ""gce_instance"", ""resource_zone"": ""us-central1-a"", ""vm"": ""mooc-web""}",0
2026-09-27T02:40:15.937519Z,"{""command"": ""khugepaged"", ""command_line"": """", ""owner"": ""root"", ""pid"": ""36"", ""process"": ""all"", ""resource_instance_id"": ""1398563761166861218"", ""resource_project_id"": ""proyecto-2-cloud-509714"", ""resource_type"": ""gce_instance"", ""resource_zone"": ""us-central1-a"", ""vm"": ""mooc-web""}",0
2026-09-27T02:39:45.938836Z,"{""command"": ""khugepaged"", ""command_line"": """", ""owner"": ""root"", ""pid"": ""36"", ""process"": ""all"", ""resource_instance_id"": ""1398563761166861218"", ""resource_project_id"": ""proyecto-2-cloud-509714"", ""resource_type"": ""gce_instance"", ""resource_zone"": ""us-central1-a"", ""vm"": ""mooc-web""}",0
2026-09-27T02:39:15.954249Z,"{""command"": ""khugepaged"", ""command_line"": """", ""owner"": ""root"", ""pid"": ""36"", ""process"": ""all"", ""resource_instance_id"": ""1398563761166861218"", ""resource_project_id"": ""proyecto-2-cloud-509714"", ""resource_type"": ""gce_instance"", ""resource_zone"": ""us-central1-a"", ""vm"": ""mooc-web""}",0
2026-09-27T02:49:45.941366Z,"{""command"": ""khungtaskd"", ""command_line"": """", ""owner"": ""root"", ""pid"": ""30"", ""process"": ""all"", ""resource_instance_id"": ""1398563761166861218"", ""resource_project_id"": ""proyecto-2-cloud-509714"", ""resource_type"": ""gce_instance"", ""resource_zone"": ""us-central1-a"", ""vm"": ""mooc-web""}",0
2026-09-27T02:49:15.936678Z,"{""command"": ""khungtaskd"", ""command_line"": """", ""owner"": ""root"", ""pid"": ""30"", ""process"": ""all"", ""resource_instance_id"": ""1398563761166861218"", ""resource_project_id"": ""proyecto-2-cloud-509714"", ""resource_type"": ""gce_instance"", ""resource_zone"": ""us-central1-a"", ""vm"": ""mooc-web""}",0
2026-09-27T02:48:45.936780Z,"{""command"": ""khungtaskd"", ""command_line"": """", ""owner"": ""root"", ""pid"": ""30"", ""process"": ""all"", ""resource_instance_id"": ""1398563761166861218"", ""resource_project_id"": ""proyecto-2-cloud-509714"", ""resource_type"": ""gce_instance"", ""resource_zone"": ""us-central1-a"", ""vm"": ""mooc-web""}",0
2026-09-27T02:48:15.946733Z,"{""command"": ""khungtaskd"", ""command_line"": """", ""owner"": ""root"", ""pid"": ""30"", ""process"": ""all"", ""resource_instance_id"": ""1398563761166861218"", ""resource_project_id"": ""proyecto-2-cloud-509714"", ""resource_type"": ""gce_instance"", ""resource_zone"": ""us-central1-a"", ""vm"": ""mooc-web""}",0
2026-09-27T02:47:45.937192Z,"{""command"": ""khungtaskd"", ""command_line"": """", ""owner"": ""root"", ""pid"": ""30"", ""process"": ""all"", ""resource_instance_id"": ""1398563761166861218"", ""resource_project_id"": ""proyecto-2-cloud-509714"", ""resource_type"": ""gce_instance"", ""resource_zone"": ""us-central1-a"", ""vm"": ""mooc-web""}",0
2026-09-27T02:47:15.936874Z,"{""command"": ""khungtaskd"", ""command_line"": """", ""owner"": ""root"", ""pid"": ""30"", ""process"": ""all"", ""resource_instance_id"": ""1398563761166861218"", ""resource_project_id"": ""proyecto-2-cloud-509714"", ""resource_type"": ""gce_instance"", ""resource_zone"": ""us-central1-a"", ""vm"": ""mooc-web""}",0
2026-09-27T02:46:45.939512Z,"{""command"": ""khungtaskd"", ""command_line"": """", ""owner"": ""root"", ""pid"": ""30"", ""process"": ""all"", ""resource_instance_id"": ""1398563761166861218"", ""resource_project_id"": ""proyecto-2-cloud-509714"", ""resource_type"": ""gce_instance"", ""resource_zone"": ""us-central1-a"", ""vm"": ""mooc-web""}",0
2026-09-27T02:46:15.936486Z,"{""command"": ""khungtaskd"", ""command_line"": """", ""owner"": ""root"", ""pid"": ""30"", ""process"": ""all"", ""resource_instance_id"": ""1398563761166861218"", ""resource_project_id"": ""proyecto-2-cloud-509714"", ""resource_type"": ""gce_instance"", ""resource_zone"": ""us-central1-a"", ""vm"": ""mooc-web""}",0
2026-09-27T02:45:45.942620Z,"{""command"": ""khungtaskd"", ""command_line"": """", ""owner"": ""root"", ""pid"": ""30"", ""process"": ""all"", ""resource_instance_id"": ""1398563761166861218"", ""resource_project_id"": ""proyecto-2-cloud-509714"", ""resource_type"": ""gce_instance"", ""resource_zone"": ""us-central1-a"", ""vm"": ""mooc-web""}",0
2026-09-27T02:45:15.942074Z,"{""command"": ""khungtaskd"", ""command_line"": """", ""owner"": ""root"", ""pid"": ""30"", ""process"": ""all"", ""resource_instance_id"": ""1398563761166861218"", ""resource_project_id"": ""proyecto-2-cloud-509714"", ""resource_type"": ""gce_instance"", ""resource_zone"": ""us-central1-a"", ""vm"": ""mooc-web""}",0
2026-09-27T02:44:45.937899Z,"{""command"": ""khungtaskd"", ""command_line"": """", ""owner"": ""root"", ""pid"": ""30"", ""process"": ""all"", ""resource_instance_id"": ""1398563761166861218"", ""resource_project_id"": ""proyecto-2-cloud-509714"", ""resource_type"": ""gce_instance"", ""resource_zone"": ""us-central1-a"", ""vm"": ""mooc-web""}",0
2026-09-27T02:44:15.938705Z,"{""command"": ""khungtaskd"", ""command_line"": """", ""owner"": ""root"", ""pid"": ""30"", ""process"": ""all"", ""resource_instance_id"": ""1398563761166861218"", ""resource_project_id"": ""proyecto-2-cloud-509714"", ""resource_type"": ""gce_instance"", ""resource_zone"": ""us-central1-a"", ""vm"": ""mooc-web""}",0
2026-09-27T02:43:45.936986Z,"{""command"": ""khungtaskd"", ""command_line"": """", ""owner"": ""root"", ""pid"": ""30"", ""process"": ""all"", ""resource_instance_id"": ""1398563761166861218"", ""resource_project_id"": ""proyecto-2-cloud-509714"", ""resource_type"": ""gce_instance"", ""resource_zone"": ""us-central1-a"", ""vm"": ""mooc-web""}",0
2026-09-27T02:43:15.937233Z,"{""command"": ""khungtaskd"", ""command_line"": """", ""owner"": ""root"", ""pid"": ""30"", ""process"": ""all"", ""resource_instance_id"": ""1398563761166861218"", ""resource_project_id"": ""proyecto-2-cloud-509714"", ""resource_type"": ""gce_instance"", ""resource_zone"": ""us-central1-a"", ""vm"": ""mooc-web""}",0
2026-09-27T02:42:45.944852Z,"{""command"": ""khungtaskd"", ""command_line"": """", ""owner"": ""root"", ""pid"": ""30"", ""process"": ""all"", ""resource_instance_id"": ""1398563761166861218"", ""resource_project_id"": ""proyecto-2-cloud-509714"", ""resource_type"": ""gce_instance"", ""resource_zone"": ""us-central1-a"", ""vm"": ""mooc-web""}",0
2026-09-27T02:42:15.937299Z,"{""command"": ""khungtaskd"", ""command_line"": """", ""owner"": ""root"", ""pid"": ""30"", ""process"": ""all"", ""resource_instance_id"": ""1398563761166861218"", ""resource_project_id"": ""proyecto-2-cloud-509714"", ""resource_type"": ""gce_instance"", ""resource_zone"": ""us-central1-a"", ""vm"": ""mooc-web""}",0
2026-09-27T02:41:45.939209Z,"{""command"": ""khungtaskd"", ""command_line"": """", ""owner"": ""root"", ""pid"": ""30"", ""process"": ""all"", ""resource_instance_id"": ""1398563761166861218"", ""resource_project_id"": ""proyecto-2-cloud-509714"", ""resource_type"": ""gce_instance"", ""resource_zone"": ""us-central1-a"", ""vm"": ""mooc-web""}",0
2026-09-27T02:41:15.938984Z,"{""command"": ""khungtaskd"", ""command_line"": """", ""owner"": ""root"", ""pid"": ""30"", ""process"": ""all"", ""resource_instance_id"": ""1398563761166861218"", ""resource_project_id"": ""proyecto-2-cloud-509714"", ""resource_type"": ""gce_instance"", ""resource_zone"": ""us-central1-a"", ""vm"": ""mooc-web""}",0
2026-09-27T02:40:45.939732Z,"{""command"": ""khungtaskd"", ""command_line"": """", ""owner"": ""root"", ""pid"": ""30"", ""process"": ""all"", ""resource_instance_id"": ""1398563761166861218"", ""resource_project_id"": ""proyecto-2-cloud-509714"", ""resource_type"": ""gce_instance"", ""resource_zone"": ""us-central1-a"", ""vm"": ""mooc-web""}",0
2026-09-27T02:40:15.937252Z,"{""command"": ""khungtaskd"", ""command_line"": """", ""owner"": ""root"", ""pid"": ""30"", ""process"": ""all"", ""resource_instance_id"": ""1398563761166861218"", ""resource_project_id"": ""proyecto-2-cloud-509714"", ""resource_type"": ""gce_instance"", ""resource_zone"": ""us-central1-a"", ""vm"": ""mooc-web""}",0
2026-09-27T02:39:45.938465Z,"{""command"": ""khungtaskd"", ""command_line"": """", ""owner"": ""root"", ""pid"": ""30"", ""process"": ""all"", ""resource_instance_id"": ""1398563761166861218"", ""resource_project_id"": ""proyecto-2-cloud-509714"", ""resource_type"": ""gce_instance"", ""resource_zone"": ""us-central1-a"", ""vm"": ""mooc-web""}",0
2026-09-27T02:39:15.953874Z,"{""command"": ""khungtaskd"", ""command_line"": """", ""owner"": ""root"", ""pid"": ""30"", ""process"": ""all"", ""resource_instance_id"": ""1398563761166861218"", ""resource_project_id"": ""proyecto-2-cloud-509714"", ""resource_type"": ""gce_instance"", ""resource_zone"": ""us-central1-a"", ""vm"": ""mooc-web""}",0
2026-09-27T02:49:45.941816Z,"{""command"": ""kintegrityd"", ""command_line"": """", ""owner"": ""root"", ""pid"": ""37"", ""process"": ""all"", ""resource_instance_id"": ""1398563761166861218"", ""resource_project_id"": ""proyecto-2-cloud-509714"", ""resource_type"": ""gce_instance"", ""resource_zone"": ""us-central1-a"", ""vm"": ""mooc-web""}",0
2026-09-27T02:49:15.936990Z,"{""command"": ""kintegrityd"", ""command_line"": """", ""owner"": ""root"", ""pid"": ""37"", ""process"": ""all"", ""resource_instance_id"": ""1398563761166861218"", ""resource_project_id"": ""proyecto-2-cloud-509714"", ""resource_type"": ""gce_instance"", ""resource_zone"": ""us-central1-a"", ""vm"": ""mooc-web""}",0
2026-09-27T02:48:45.937088Z,"{""command"": ""kintegrityd"", ""command_line"": """", ""owner"": ""root"", ""pid"": ""37"", ""process"": ""all"", ""resource_instance_id"": ""1398563761166861218"", ""resource_project_id"": ""proyecto-2-cloud-509714"", ""resource_type"": ""gce_instance"", ""resource_zone"": ""us-central1-a"", ""vm"": ""mooc-web""}",0
2026-09-27T02:48:15.947436Z,"{""command"": ""kintegrityd"", ""command_line"": """", ""owner"": ""root"", ""pid"": ""37"", ""process"": ""all"", ""resource_instance_id"": ""1398563761166861218"", ""resource_project_id"": ""proyecto-2-cloud-509714"", ""resource_type"": ""gce_instance"", ""resource_zone"": ""us-central1-a"", ""vm"": ""mooc-web""}",0
2026-09-27T02:47:45.937527Z,"{""command"": ""kintegrityd"", ""command_line"": """", ""owner"": ""root"", ""pid"": ""37"", ""process"": ""all"", ""resource_instance_id"": ""1398563761166861218"", ""resource_project_id"": ""proyecto-2-cloud-509714"", ""resource_type"": ""gce_instance"", ""resource_zone"": ""us-central1-a"", ""vm"": ""mooc-web""}",0
2026-09-27T02:47:15.937168Z,"{""command"": ""kintegrityd"", ""command_line"": """", ""owner"": ""root"", ""pid"": ""37"", ""process"": ""all"", ""resource_instance_id"": ""1398563761166861218"", ""resource_project_id"": ""proyecto-2-cloud-509714"", ""resource_type"": ""gce_instance"", ""resource_zone"": ""us-central1-a"", ""vm"": ""mooc-web""}",0
2026-09-27T02:46:45.939822Z,"{""command"": ""kintegrityd"", ""command_line"": """", ""owner"": ""root"", ""pid"": ""37"", ""process"": ""all"", ""resource_instance_id"": ""1398563761166861218"", ""resource_project_id"": ""proyecto-2-cloud-509714"", ""resource_type"": ""gce_instance"", ""resource_zone"": ""us-central1-a"", ""vm"": ""mooc-web""}",0
2026-09-27T02:46:15.936803Z,"{""command"": ""kintegrityd"", ""command_line"": """", ""owner"": ""root"", ""pid"": ""37"", ""process"": ""all"", ""resource_instance_id"": ""1398563761166861218"", ""resource_project_id"": ""proyecto-2-cloud-509714"", ""resource_type"": ""gce_instance"", ""resource_zone"": ""us-central1-a"", ""vm"": ""mooc-web""}",0
2026-09-27T02:45:45.943387Z,"{""command"": ""kintegrityd"", ""command_line"": """", ""owner"": ""root"", ""pid"": ""37"", ""process"": ""all"", ""resource_instance_id"": ""1398563761166861218"", ""resource_project_id"": ""proyecto-2-cloud-509714"", ""resource_type"": ""gce_instance"", ""resource_zone"": ""us-central1-a"", ""vm"": ""mooc-web""}",0
2026-09-27T02:45:15.942366Z,"{""command"": ""kintegrityd"", ""command_line"": """", ""owner"": ""root"", ""pid"": ""37"", ""process"": ""all"", ""resource_instance_id"": ""1398563761166861218"", ""resource_project_id"": ""proyecto-2-cloud-509714"", ""resource_type"": ""gce_instance"", ""resource_zone"": ""us-central1-a"", ""vm"": ""mooc-web""}",0
2026-09-27T02:44:45.938398Z,"{""command"": ""kintegrityd"", ""command_line"": """", ""owner"": ""root"", ""pid"": ""37"", ""process"": ""all"", ""resource_instance_id"": ""1398563761166861218"", ""resource_project_id"": ""proyecto-2-cloud-509714"", ""resource_type"": ""gce_instance"", ""resource_zone"": ""us-central1-a"", ""vm"": ""mooc-web""}",0
2026-09-27T02:44:15.939062Z,"{""command"": ""kintegrityd"", ""command_line"": """", ""owner"": ""root"", ""pid"": ""37"", ""process"": ""all"", ""resource_instance_id"": ""1398563761166861218"", ""resource_project_id"": ""proyecto-2-cloud-509714"", ""resource_type"": ""gce_instance"", ""resource_zone"": ""us-central1-a"", ""vm"": ""mooc-web""}",0
2026-09-27T02:43:45.937308Z,"{""command"": ""kintegrityd"", ""command_line"": """", ""owner"": ""root"", ""pid"": ""37"", ""process"": ""all"", ""resource_instance_id"": ""1398563761166861218"", ""resource_project_id"": ""proyecto-2-cloud-509714"", ""resource_type"": ""gce_instance"", ""resource_zone"": ""us-central1-a"", ""vm"": ""mooc-web""}",0
2026-09-27T02:43:15.937579Z,"{""command"": ""kintegrityd"", ""command_line"": """", ""owner"": ""root"", ""pid"": ""37"", ""process"": ""all"", ""resource_instance_id"": ""1398563761166861218"", ""resource_project_id"": ""proyecto-2-cloud-509714"", ""resource_type"": ""gce_instance"", ""resource_zone"": ""us-central1-a"", ""vm"": ""mooc-web""}",0
2026-09-27T02:42:45.945163Z,"{""command"": ""kintegrityd"", ""command_line"": """", ""owner"": ""root"", ""pid"": ""37"", ""process"": ""all"", ""resource_instance_id"": ""1398563761166861218"", ""resource_project_id"": ""proyecto-2-cloud-509714"", ""resource_type"": ""gce_instance"", ""resource_zone"": ""us-central1-a"", ""vm"": ""mooc-web""}",0
2026-09-27T02:42:15.937635Z,"{""command"": ""kintegrityd"", ""command_line"": """", ""owner"": ""root"", ""pid"": ""37"", ""process"": ""all"", ""resource_instance_id"": ""1398563761166861218"", ""resource_project_id"": ""proyecto-2-cloud-509714"", ""resource_type"": ""gce_instance"", ""resource_zone"": ""us-central1-a"", ""vm"": ""mooc-web""}",0
2026-09-27T02:41:45.939518Z,"{""command"": ""kintegrityd"", ""command_line"": """", ""owner"": ""root"", ""pid"": ""37"", ""process"": ""all"", ""resource_instance_id"": ""1398563761166861218"", ""resource_project_id"": ""proyecto-2-cloud-509714"", ""resource_type"": ""gce_instance"", ""resource_zone"": ""us-central1-a"", ""vm"": ""mooc-web""}",0
2026-09-27T02:41:15.939339Z,"{""command"": ""kintegrityd"", ""command_line"": """", ""owner"": ""root"", ""pid"": ""37"", ""process"": ""all"", ""resource_instance_id"": ""1398563761166861218"", ""resource_project_id"": ""proyecto-2-cloud-509714"", ""resource_type"": ""gce_instance"", ""resource_zone"": ""us-central1-a"", ""vm"": ""mooc-web""}",0
2026-09-27T02:40:45.940075Z,"{""command"": ""kintegrityd"", ""command_line"": """", ""owner"": ""root"", ""pid"": ""37"", ""process"": ""all"", ""resource_instance_id"": ""1398563761166861218"", ""resource_project_id"": ""proyecto-2-cloud-509714"", ""resource_type"": ""gce_instance"", ""resource_zone"": ""us-central1-a"", ""vm"": ""mooc-web""}",0
2026-09-27T02:40:15.937605Z,"{""command"": ""kintegrityd"", ""command_line"": """", ""owner"": ""root"", ""pid"": ""37"", ""process"": ""all"", ""resource_instance_id"": ""1398563761166861218"", ""resource_project_id"": ""proyecto-2-cloud-509714"", ""resource_type"": ""gce_instance"", ""resource_zone"": ""us-central1-a"", ""vm"": ""mooc-web""}",0
2026-09-27T02:39:45.938906Z,"{""command"": ""kintegrityd"", ""command_line"": """", ""owner"": ""root"", ""pid"": ""37"", ""process"": ""all"", ""resource_instance_id"": ""1398563761166861218"", ""resource_project_id"": ""proyecto-2-cloud-509714"", ""resource_type"": ""gce_instance"", ""resource_zone"": ""us-central1-a"", ""vm"": ""mooc-web""}",0
2026-09-27T02:39:15.954336Z,"{""command"": ""kintegrityd"", ""command_line"": """", ""owner"": ""root"", ""pid"": ""37"", ""process"": ""all"", ""resource_instance_id"": ""1398563761166861218"", ""resource_project_id"": ""proyecto-2-cloud-509714"", ""resource_type"": ""gce_instance"", ""resource_zone"": ""us-central1-a"", ""vm"": ""mooc-web""}",0
2026-09-27T02:49:45.941660Z,"{""command"": ""ksmd"", ""command_line"": """", ""owner"": ""root"", ""pid"": ""35"", ""process"": ""all"", ""resource_instance_id"": ""1398563761166861218"", ""resource_project_id"": ""proyecto-2-cloud-509714"", ""resource_type"": ""gce_instance"", ""resource_zone"": ""us-central1-a"", ""vm"": ""mooc-web""}",0
2026-09-27T02:49:15.936890Z,"{""command"": ""ksmd"", ""command_line"": """", ""owner"": ""root"", ""pid"": ""35"", ""process"": ""all"", ""resource_instance_id"": ""1398563761166861218"", ""resource_project_id"": ""proyecto-2-cloud-509714"", ""resource_type"": ""gce_instance"", ""resource_zone"": ""us-central1-a"", ""vm"": ""mooc-web""}",0
2026-09-27T02:48:45.936982Z,"{""command"": ""ksmd"", ""command_line"": """", ""owner"": ""root"", ""pid"": ""35"", ""process"": ""all"", ""resource_instance_id"": ""1398563761166861218"", ""resource_project_id"": ""proyecto-2-cloud-509714"", ""resource_type"": ""gce_instance"", ""resource_zone"": ""us-central1-a"", ""vm"": ""mooc-web""}",0
2026-09-27T02:48:15.947237Z,"{""command"": ""ksmd"", ""command_line"": """", ""owner"": ""root"", ""pid"": ""35"", ""process"": ""all"", ""resource_instance_id"": ""1398563761166861218"", ""resource_project_id"": ""proyecto-2-cloud-509714"", ""resource_type"": ""gce_instance"", ""resource_zone"": ""us-central1-a"", ""vm"": ""mooc-web""}",0
2026-09-27T02:47:45.937414Z,"{""command"": ""ksmd"", ""command_line"": """", ""owner"": ""root"", ""pid"": ""35"", ""process"": ""all"", ""resource_instance_id"": ""1398563761166861218"", ""resource_project_id"": ""proyecto-2-cloud-509714"", ""resource_type"": ""gce_instance"", ""resource_zone"": ""us-central1-a"", ""vm"": ""mooc-web""}",0
2026-09-27T02:47:15.937070Z,"{""command"": ""ksmd"", ""command_line"": """", ""owner"": ""root"", ""pid"": ""35"", ""process"": ""all"", ""resource_instance_id"": ""1398563761166861218"", ""resource_project_id"": ""proyecto-2-cloud-509714"", ""resource_type"": ""gce_instance"", ""resource_zone"": ""us-central1-a"", ""vm"": ""mooc-web""}",0
2026-09-27T02:46:45.939722Z,"{""command"": ""ksmd"", ""command_line"": """", ""owner"": ""root"", ""pid"": ""35"", ""process"": ""all"", ""resource_instance_id"": ""1398563761166861218"", ""resource_project_id"": ""proyecto-2-cloud-509714"", ""resource_type"": ""gce_instance"", ""resource_zone"": ""us-central1-a"", ""vm"": ""mooc-web""}",0
2026-09-27T02:46:15.936690Z,"{""command"": ""ksmd"", ""command_line"": """", ""owner"": ""root"", ""pid"": ""35"", ""process"": ""all"", ""resource_instance_id"": ""1398563761166861218"", ""resource_project_id"": ""proyecto-2-cloud-509714"", ""resource_type"": ""gce_instance"", ""resource_zone"": ""us-central1-a"", ""vm"": ""mooc-web""}",0
2026-09-27T02:45:45.942916Z,"{""command"": ""ksmd"", ""command_line"": """", ""owner"": ""root"", ""pid"": ""35"", ""process"": ""all"", ""resource_instance_id"": ""1398563761166861218"", ""resource_project_id"": ""proyecto-2-cloud-509714"", ""resource_type"": ""gce_instance"", ""resource_zone"": ""us-central1-a"", ""vm"": ""mooc-web""}",0
2026-09-27T02:45:15.942267Z,"{""command"": ""ksmd"", ""command_line"": """", ""owner"": ""root"", ""pid"": ""35"", ""process"": ""all"", ""resource_instance_id"": ""1398563761166861218"", ""resource_project_id"": ""proyecto-2-cloud-509714"", ""resource_type"": ""gce_instance"", ""resource_zone"": ""us-central1-a"", ""vm"": ""mooc-web""}",0
2026-09-27T02:44:45.938227Z,"{""command"": ""ksmd"", ""command_line"": """", ""owner"": ""root"", ""pid"": ""35"", ""process"": ""all"", ""resource_instance_id"": ""1398563761166861218"", ""resource_project_id"": ""proyecto-2-cloud-509714"", ""resource_type"": ""gce_instance"", ""resource_zone"": ""us-central1-a"", ""vm"": ""mooc-web""}",0
2026-09-27T02:44:15.938908Z,"{""command"": ""ksmd"", ""command_line"": """", ""owner"": ""root"", ""pid"": ""35"", ""process"": ""all"", ""resource_instance_id"": ""1398563761166861218"", ""resource_project_id"": ""proyecto-2-cloud-509714"", ""resource_type"": ""gce_instance"", ""resource_zone"": ""us-central1-a"", ""vm"": ""mooc-web""}",0
2026-09-27T02:43:45.937187Z,"{""command"": ""ksmd"", ""command_line"": """", ""owner"": ""root"", ""pid"": ""35"", ""process"": ""all"", ""resource_instance_id"": ""1398563761166861218"", ""resource_project_id"": ""proyecto-2-cloud-509714"", ""resource_type"": ""gce_instance"", ""resource_zone"": ""us-central1-a"", ""vm"": ""mooc-web""}",0
2026-09-27T02:43:15.937440Z,"{""command"": ""ksmd"", ""command_line"": """", ""owner"": ""root"", ""pid"": ""35"", ""process"": ""all"", ""resource_instance_id"": ""1398563761166861218"", ""resource_project_id"": ""proyecto-2-cloud-509714"", ""resource_type"": ""gce_instance"", ""resource_zone"": ""us-central1-a"", ""vm"": ""mooc-web""}",0
2026-09-27T02:42:45.945065Z,"{""command"": ""ksmd"", ""command_line"": """", ""owner"": ""root"", ""pid"": ""35"", ""process"": ""all"", ""resource_instance_id"": ""1398563761166861218"", ""resource_project_id"": ""proyecto-2-cloud-509714"", ""resource_type"": ""gce_instance"", ""resource_zone"": ""us-central1-a"", ""vm"": ""mooc-web""}",0
2026-09-27T02:42:15.937498Z,"{""command"": ""ksmd"", ""command_line"": """", ""owner"": ""root"", ""pid"": ""35"", ""process"": ""all"", ""resource_instance_id"": ""1398563761166861218"", ""resource_project_id"": ""proyecto-2-cloud-509714"", ""resource_type"": ""gce_instance"", ""resource_zone"": ""us-central1-a"", ""vm"": ""mooc-web""}",0
2026-09-27T02:41:45.939412Z,"{""command"": ""ksmd"", ""command_line"": """", ""owner"": ""root"", ""pid"": ""35"", ""process"": ""all"", ""resource_instance_id"": ""1398563761166861218"", ""resource_project_id"": ""proyecto-2-cloud-509714"", ""resource_type"": ""gce_instance"", ""resource_zone"": ""us-central1-a"", ""vm"": ""mooc-web""}",0
2026-09-27T02:41:15.939206Z,"{""command"": ""ksmd"", ""command_line"": """", ""owner"": ""root"", ""pid"": ""35"", ""process"": ""all"", ""resource_instance_id"": ""1398563761166861218"", ""resource_project_id"": ""proyecto-2-cloud-509714"", ""resource_type"": ""gce_instance"", ""resource_zone"": ""us-central1-a"", ""vm"": ""mooc-web""}",0
2026-09-27T02:40:45.939932Z,"{""command"": ""ksmd"", ""command_line"": """", ""owner"": ""root"", ""pid"": ""35"", ""process"": ""all"", ""resource_instance_id"": ""1398563761166861218"", ""resource_project_id"": ""proyecto-2-cloud-509714"", ""resource_type"": ""gce_instance"", ""resource_zone"": ""us-central1-a"", ""vm"": ""mooc-web""}",0
2026-09-27T02:40:15.937468Z,"{""command"": ""ksmd"", ""command_line"": """", ""owner"": ""root"", ""pid"": ""35"", ""process"": ""all"", ""resource_instance_id"": ""1398563761166861218"", ""resource_project_id"": ""proyecto-2-cloud-509714"", ""resource_type"": ""gce_instance"", ""resource_zone"": ""us-central1-a"", ""vm"": ""mooc-web""}",0
2026-09-27T02:39:45.938764Z,"{""command"": ""ksmd"", ""command_line"": """", ""owner"": ""root"", ""pid"": ""35"", ""process"": ""all"", ""resource_instance_id"": ""1398563761166861218"", ""resource_project_id"": ""proyecto-2-cloud-509714"", ""resource_type"": ""gce_instance"", ""resource_zone"": ""us-central1-a"", ""vm"": ""mooc-web""}",0
2026-09-27T02:39:15.954167Z,"{""command"": ""ksmd"", ""command_line"": """", ""owner"": ""root"", ""pid"": ""35"", ""process"": ""all"", ""resource_instance_id"": ""1398563761166861218"", ""resource_project_id"": ""proyecto-2-cloud-509714"", ""resource_type"": ""gce_instance"", ""resource_zone"": ""us-central1-a"", ""vm"": ""mooc-web""}",0
2026-09-27T02:49:45.940466Z,"{""command"": ""ksoftirqd/0"", ""command_line"": """", ""owner"": ""root"", ""pid"": ""14"", ""process"": ""all"", ""resource_instance_id"": ""1398563761166861218"", ""resource_project_id"": ""proyecto-2-cloud-509714"", ""resource_type"": ""gce_instance"", ""resource_zone"": ""us-central1-a"", ""vm"": ""mooc-web""}",0
2026-09-27T02:49:15.936068Z,"{""command"": ""ksoftirqd/0"", ""command_line"": """", ""owner"": ""root"", ""pid"": ""14"", ""process"": ""all"", ""resource_instance_id"": ""1398563761166861218"", ""resource_project_id"": ""proyecto-2-cloud-509714"", ""resource_type"": ""gce_instance"", ""resource_zone"": ""us-central1-a"", ""vm"": ""mooc-web""}",0
2026-09-27T02:48:45.936153Z,"{""command"": ""ksoftirqd/0"", ""command_line"": """", ""owner"": ""root"", ""pid"": ""14"", ""process"": ""all"", ""resource_instance_id"": ""1398563761166861218"", ""resource_project_id"": ""proyecto-2-cloud-509714"", ""resource_type"": ""gce_instance"", ""resource_zone"": ""us-central1-a"", ""vm"": ""mooc-web""}",0
2026-09-27T02:48:15.945333Z,"{""command"": ""ksoftirqd/0"", ""command_line"": """", ""owner"": ""root"", ""pid"": ""14"", ""process"": ""all"", ""resource_instance_id"": ""1398563761166861218"", ""resource_project_id"": ""proyecto-2-cloud-509714"", ""resource_type"": ""gce_instance"", ""resource_zone"": ""us-central1-a"", ""vm"": ""mooc-web""}",0
2026-09-27T02:47:45.936559Z,"{""command"": ""ksoftirqd/0"", ""command_line"": """", ""owner"": ""root"", ""pid"": ""14"", ""process"": ""all"", ""resource_instance_id"": ""1398563761166861218"", ""resource_project_id"": ""proyecto-2-cloud-509714"", ""resource_type"": ""gce_instance"", ""resource_zone"": ""us-central1-a"", ""vm"": ""mooc-web""}",0
2026-09-27T02:47:15.936266Z,"{""command"": ""ksoftirqd/0"", ""command_line"": """", ""owner"": ""root"", ""pid"": ""14"", ""process"": ""all"", ""resource_instance_id"": ""1398563761166861218"", ""resource_project_id"": ""proyecto-2-cloud-509714"", ""resource_type"": ""gce_instance"", ""resource_zone"": ""us-central1-a"", ""vm"": ""mooc-web""}",0
2026-09-27T02:46:45.938849Z,"{""command"": ""ksoftirqd/0"", ""command_line"": """", ""owner"": ""root"", ""pid"": ""14"", ""process"": ""all"", ""resource_instance_id"": ""1398563761166861218"", ""resource_project_id"": ""proyecto-2-cloud-509714"", ""resource_type"": ""gce_instance"", ""resource_zone"": ""us-central1-a"", ""vm"": ""mooc-web""}",0
2026-09-27T02:46:15.935892Z,"{""command"": ""ksoftirqd/0"", ""command_line"": """", ""owner"": ""root"", ""pid"": ""14"", ""process"": ""all"", ""resource_instance_id"": ""1398563761166861218"", ""resource_project_id"": ""proyecto-2-cloud-509714"", ""resource_type"": ""gce_instance"", ""resource_zone"": ""us-central1-a"", ""vm"": ""mooc-web""}",0
2026-09-27T02:45:45.941621Z,"{""command"": ""ksoftirqd/0"", ""command_line"": """", ""owner"": ""root"", ""pid"": ""14"", ""process"": ""all"", ""resource_instance_id"": ""1398563761166861218"", ""resource_project_id"": ""proyecto-2-cloud-509714"", ""resource_type"": ""gce_instance"", ""resource_zone"": ""us-central1-a"", ""vm"": ""mooc-web""}",0
2026-09-27T02:45:15.941383Z,"{""command"": ""ksoftirqd/0"", ""command_line"": """", ""owner"": ""root"", ""pid"": ""14"", ""process"": ""all"", ""resource_instance_id"": ""1398563761166861218"", ""resource_project_id"": ""proyecto-2-cloud-509714"", ""resource_type"": ""gce_instance"", ""resource_zone"": ""us-central1-a"", ""vm"": ""mooc-web""}",0
2026-09-27T02:44:45.937024Z,"{""command"": ""ksoftirqd/0"", ""command_line"": """", ""owner"": ""root"", ""pid"": ""14"", ""process"": ""all"", ""resource_instance_id"": ""1398563761166861218"", ""resource_project_id"": ""proyecto-2-cloud-509714"", ""resource_type"": ""gce_instance"", ""resource_zone"": ""us-central1-a"", ""vm"": ""mooc-web""}",0
2026-09-27T02:44:15.937999Z,"{""command"": ""ksoftirqd/0"", ""command_line"": """", ""owner"": ""root"", ""pid"": ""14"", ""process"": ""all"", ""resource_instance_id"": ""1398563761166861218"", ""resource_project_id"": ""proyecto-2-cloud-509714"", ""resource_type"": ""gce_instance"", ""resource_zone"": ""us-central1-a"", ""vm"": ""mooc-web""}",0
2026-09-27T02:43:45.936377Z,"{""command"": ""ksoftirqd/0"", ""command_line"": """", ""owner"": ""root"", ""pid"": ""14"", ""process"": ""all"", ""resource_instance_id"": ""1398563761166861218"", ""resource_project_id"": ""proyecto-2-cloud-509714"", ""resource_type"": ""gce_instance"", ""resource_zone"": ""us-central1-a"", ""vm"": ""mooc-web""}",0
2026-09-27T02:43:15.936624Z,"{""command"": ""ksoftirqd/0"", ""command_line"": """", ""owner"": ""root"", ""pid"": ""14"", ""process"": ""all"", ""resource_instance_id"": ""1398563761166861218"", ""resource_project_id"": ""proyecto-2-cloud-509714"", ""resource_type"": ""gce_instance"", ""resource_zone"": ""us-central1-a"", ""vm"": ""mooc-web""}",0
2026-09-27T02:42:45.944205Z,"{""command"": ""ksoftirqd/0"", ""command_line"": """", ""owner"": ""root"", ""pid"": ""14"", ""process"": ""all"", ""resource_instance_id"": ""1398563761166861218"", ""resource_project_id"": ""proyecto-2-cloud-509714"", ""resource_type"": ""gce_instance"", ""resource_zone"": ""us-central1-a"", ""vm"": ""mooc-web""}",0
2026-09-27T02:42:15.936655Z,"{""command"": ""ksoftirqd/0"", ""command_line"": """", ""owner"": ""root"", ""pid"": ""14"", ""process"": ""all"", ""resource_instance_id"": ""1398563761166861218"", ""resource_project_id"": ""proyecto-2-cloud-509714"", ""resource_type"": ""gce_instance"", ""resource_zone"": ""us-central1-a"", ""vm"": ""mooc-web""}",0
2026-09-27T02:41:45.938568Z,"{""command"": ""ksoftirqd/0"", ""command_line"": """", ""owner"": ""root"", ""pid"": ""14"", ""process"": ""all"", ""resource_instance_id"": ""1398563761166861218"", ""resource_project_id"": ""proyecto-2-cloud-509714"", ""resource_type"": ""gce_instance"", ""resource_zone"": ""us-central1-a"", ""vm"": ""mooc-web""}",0
2026-09-27T02:41:15.938317Z,"{""command"": ""ksoftirqd/0"", ""command_line"": """", ""owner"": ""root"", ""pid"": ""14"", ""process"": ""all"", ""resource_instance_id"": ""1398563761166861218"", ""resource_project_id"": ""proyecto-2-cloud-509714"", ""resource_type"": ""gce_instance"", ""resource_zone"": ""us-central1-a"", ""vm"": ""mooc-web""}",0
2026-09-27T02:40:45.939078Z,"{""command"": ""ksoftirqd/0"", ""command_line"": """", ""owner"": ""root"", ""pid"": ""14"", ""process"": ""all"", ""resource_instance_id"": ""1398563761166861218"", ""resource_project_id"": ""proyecto-2-cloud-509714"", ""resource_type"": ""gce_instance"", ""resource_zone"": ""us-central1-a"", ""vm"": ""mooc-web""}",0
2026-09-27T02:40:15.936649Z,"{""command"": ""ksoftirqd/0"", ""command_line"": """", ""owner"": ""root"", ""pid"": ""14"", ""process"": ""all"", ""resource_instance_id"": ""1398563761166861218"", ""resource_project_id"": ""proyecto-2-cloud-509714"", ""resource_type"": ""gce_instance"", ""resource_zone"": ""us-central1-a"", ""vm"": ""mooc-web""}",0
2026-09-27T02:39:45.937487Z,"{""command"": ""ksoftirqd/0"", ""command_line"": """", ""owner"": ""root"", ""pid"": ""14"", ""process"": ""all"", ""resource_instance_id"": ""1398563761166861218"", ""resource_project_id"": ""proyecto-2-cloud-509714"", ""resource_type"": ""gce_instance"", ""resource_zone"": ""us-central1-a"", ""vm"": ""mooc-web""}",0
2026-09-27T02:39:15.953023Z,"{""command"": ""ksoftirqd/0"", ""command_line"": """", ""owner"": ""root"", ""pid"": ""14"", ""process"": ""all"", ""resource_instance_id"": ""1398563761166861218"", ""resource_project_id"": ""proyecto-2-cloud-509714"", ""resource_type"": ""gce_instance"", ""resource_zone"": ""us-central1-a"", ""vm"": ""mooc-web""}",0
2026-09-27T02:49:45.940926Z,"{""command"": ""ksoftirqd/1"", ""command_line"": """", ""owner"": ""root"", ""pid"": ""21"", ""process"": ""all"", ""resource_instance_id"": ""1398563761166861218"", ""resource_project_id"": ""proyecto-2-cloud-509714"", ""resource_type"": ""gce_instance"", ""resource_zone"": ""us-central1-a"", ""vm"": ""mooc-web""}",0
2026-09-27T02:49:15.936378Z,"{""command"": ""ksoftirqd/1"", ""command_line"": """", ""owner"": ""root"", ""pid"": ""21"", ""process"": ""all"", ""resource_instance_id"": ""1398563761166861218"", ""resource_project_id"": ""proyecto-2-cloud-509714"", ""resource_type"": ""gce_instance"", ""resource_zone"": ""us-central1-a"", ""vm"": ""mooc-web""}",0
2026-09-27T02:48:45.936459Z,"{""command"": ""ksoftirqd/1"", ""command_line"": """", ""owner"": ""root"", ""pid"": ""21"", ""process"": ""all"", ""resource_instance_id"": ""1398563761166861218"", ""resource_project_id"": ""proyecto-2-cloud-509714"", ""resource_type"": ""gce_instance"", ""resource_zone"": ""us-central1-a"", ""vm"": ""mooc-web""}",0
2026-09-27T02:48:15.946006Z,"{""command"": ""ksoftirqd/1"", ""command_line"": """", ""owner"": ""root"", ""pid"": ""21"", ""process"": ""all"", ""resource_instance_id"": ""1398563761166861218"", ""resource_project_id"": ""proyecto-2-cloud-509714"", ""resource_type"": ""gce_instance"", ""resource_zone"": ""us-central1-a"", ""vm"": ""mooc-web""}",0
2026-09-27T02:47:45.936868Z,"{""command"": ""ksoftirqd/1"", ""command_line"": """", ""owner"": ""root"", ""pid"": ""21"", ""process"": ""all"", ""resource_instance_id"": ""1398563761166861218"", ""resource_project_id"": ""proyecto-2-cloud-509714"", ""resource_type"": ""gce_instance"", ""resource_zone"": ""us-central1-a"", ""vm"": ""mooc-web""}",0
2026-09-27T02:47:15.936560Z,"{""command"": ""ksoftirqd/1"", ""command_line"": """", ""owner"": ""root"", ""pid"": ""21"", ""process"": ""all"", ""resource_instance_id"": ""1398563761166861218"", ""resource_project_id"": ""proyecto-2-cloud-509714"", ""resource_type"": ""gce_instance"", ""resource_zone"": ""us-central1-a"", ""vm"": ""mooc-web""}",0
2026-09-27T02:46:45.939212Z,"{""command"": ""ksoftirqd/1"", ""command_line"": """", ""owner"": ""root"", ""pid"": ""21"", ""process"": ""all"", ""resource_instance_id"": ""1398563761166861218"", ""resource_project_id"": ""proyecto-2-cloud-509714"", ""resource_type"": ""gce_instance"", ""resource_zone"": ""us-central1-a"", ""vm"": ""mooc-web""}",0
2026-09-27T02:46:15.936194Z,"{""command"": ""ksoftirqd/1"", ""command_line"": """", ""owner"": ""root"", ""pid"": ""21"", ""process"": ""all"", ""resource_instance_id"": ""1398563761166861218"", ""resource_project_id"": ""proyecto-2-cloud-509714"", ""resource_type"": ""gce_instance"", ""resource_zone"": ""us-central1-a"", ""vm"": ""mooc-web""}",0
2026-09-27T02:45:45.942126Z,"{""command"": ""ksoftirqd/1"", ""command_line"": """", ""owner"": ""root"", ""pid"": ""21"", ""process"": ""all"", ""resource_instance_id"": ""1398563761166861218"", ""resource_project_id"": ""proyecto-2-cloud-509714"", ""resource_type"": ""gce_instance"", ""resource_zone"": ""us-central1-a"", ""vm"": ""mooc-web""}",0
2026-09-27T02:45:15.941701Z,"{""command"": ""ksoftirqd/1"", ""command_line"": """", ""owner"": ""root"", ""pid"": ""21"", ""process"": ""all"", ""resource_instance_id"": ""1398563761166861218"", ""resource_project_id"": ""proyecto-2-cloud-509714"", ""resource_type"": ""gce_instance"", ""resource_zone"": ""us-central1-a"", ""vm"": ""mooc-web""}",0
2026-09-27T02:44:45.937378Z,"{""command"": ""ksoftirqd/1"", ""command_line"": """", ""owner"": ""root"", ""pid"": ""21"", ""process"": ""all"", ""resource_instance_id"": ""1398563761166861218"", ""resource_project_id"": ""proyecto-2-cloud-509714"", ""resource_type"": ""gce_instance"", ""resource_zone"": ""us-central1-a"", ""vm"": ""mooc-web""}",0
2026-09-27T02:44:15.938410Z,"{""command"": ""ksoftirqd/1"", ""command_line"": """", ""owner"": ""root"", ""pid"": ""21"", ""process"": ""all"", ""resource_instance_id"": ""1398563761166861218"", ""resource_project_id"": ""proyecto-2-cloud-509714"", ""resource_type"": ""gce_instance"", ""resource_zone"": ""us-central1-a"", ""vm"": ""mooc-web""}",0
2026-09-27T02:43:45.936684Z,"{""command"": ""ksoftirqd/1"", ""command_line"": """", ""owner"": ""root"", ""pid"": ""21"", ""process"": ""all"", ""resource_instance_id"": ""1398563761166861218"", ""resource_project_id"": ""proyecto-2-cloud-509714"", ""resource_type"": ""gce_instance"", ""resource_zone"": ""us-central1-a"", ""vm"": ""mooc-web""}",0
2026-09-27T02:43:15.936919Z,"{""command"": ""ksoftirqd/1"", ""command_line"": """", ""owner"": ""root"", ""pid"": ""21"", ""process"": ""all"", ""resource_instance_id"": ""1398563761166861218"", ""resource_project_id"": ""proyecto-2-cloud-509714"", ""resource_type"": ""gce_instance"", ""resource_zone"": ""us-central1-a"", ""vm"": ""mooc-web""}",0
2026-09-27T02:42:45.944547Z,"{""command"": ""ksoftirqd/1"", ""command_line"": """", ""owner"": ""root"", ""pid"": ""21"", ""process"": ""all"", ""resource_instance_id"": ""1398563761166861218"", ""resource_project_id"": ""proyecto-2-cloud-509714"", ""resource_type"": ""gce_instance"", ""resource_zone"": ""us-central1-a"", ""vm"": ""mooc-web""}",0
2026-09-27T02:42:15.936976Z,"{""command"": ""ksoftirqd/1"", ""command_line"": """", ""owner"": ""root"", ""pid"": ""21"", ""process"": ""all"", ""resource_instance_id"": ""1398563761166861218"", ""resource_project_id"": ""proyecto-2-cloud-509714"", ""resource_type"": ""gce_instance"", ""resource_zone"": ""us-central1-a"", ""vm"": ""mooc-web""}",0
2026-09-27T02:41:45.938861Z,"{""command"": ""ksoftirqd/1"", ""command_line"": """", ""owner"": ""root"", ""pid"": ""21"", ""process"": ""all"", ""resource_instance_id"": ""1398563761166861218"", ""resource_project_id"": ""proyecto-2-cloud-509714"", ""resource_type"": ""gce_instance"", ""resource_zone"": ""us-central1-a"", ""vm"": ""mooc-web""}",0
2026-09-27T02:41:15.938639Z,"{""command"": ""ksoftirqd/1"", ""command_line"": """", ""owner"": ""root"", ""pid"": ""21"", ""process"": ""all"", ""resource_instance_id"": ""1398563761166861218"", ""resource_project_id"": ""proyecto-2-cloud-509714"", ""resource_type"": ""gce_instance"", ""resource_zone"": ""us-central1-a"", ""vm"": ""mooc-web""}",0
2026-09-27T02:40:45.939432Z,"{""command"": ""ksoftirqd/1"", ""command_line"": """", ""owner"": ""root"", ""pid"": ""21"", ""process"": ""all"", ""resource_instance_id"": ""1398563761166861218"", ""resource_project_id"": ""proyecto-2-cloud-509714"", ""resource_type"": ""gce_instance"", ""resource_zone"": ""us-central1-a"", ""vm"": ""mooc-web""}",0
2026-09-27T02:40:15.936949Z,"{""command"": ""ksoftirqd/1"", ""command_line"": """", ""owner"": ""root"", ""pid"": ""21"", ""process"": ""all"", ""resource_instance_id"": ""1398563761166861218"", ""resource_project_id"": ""proyecto-2-cloud-509714"", ""resource_type"": ""gce_instance"", ""resource_zone"": ""us-central1-a"", ""vm"": ""mooc-web""}",0
2026-09-27T02:39:45.937972Z,"{""command"": ""ksoftirqd/1"", ""command_line"": """", ""owner"": ""root"", ""pid"": ""21"", ""process"": ""all"", ""resource_instance_id"": ""1398563761166861218"", ""resource_project_id"": ""proyecto-2-cloud-509714"", ""resource_type"": ""gce_instance"", ""resource_zone"": ""us-central1-a"", ""vm"": ""mooc-web""}",0
2026-09-27T02:39:15.953445Z,"{""command"": ""ksoftirqd/1"", ""command_line"": """", ""owner"": ""root"", ""pid"": ""21"", ""process"": ""all"", ""resource_instance_id"": ""1398563761166861218"", ""resource_project_id"": ""proyecto-2-cloud-509714"", ""resource_type"": ""gce_instance"", ""resource_zone"": ""us-central1-a"", ""vm"": ""mooc-web""}",0
2026-09-27T02:49:45.943163Z,"{""command"": ""kstrp"", ""command_line"": """", ""owner"": ""root"", ""pid"": ""66"", ""process"": ""all"", ""resource_instance_id"": ""1398563761166861218"", ""resource_project_id"": ""proyecto-2-cloud-509714"", ""resource_type"": ""gce_instance"", ""resource_zone"": ""us-central1-a"", ""vm"": ""mooc-web""}",0
2026-09-27T02:49:15.937819Z,"{""command"": ""kstrp"", ""command_line"": """", ""owner"": ""root"", ""pid"": ""66"", ""process"": ""all"", ""resource_instance_id"": ""1398563761166861218"", ""resource_project_id"": ""proyecto-2-cloud-509714"", ""resource_type"": ""gce_instance"", ""resource_zone"": ""us-central1-a"", ""vm"": ""mooc-web""}",0
2026-09-27T02:48:45.938287Z,"{""command"": ""kstrp"", ""command_line"": """", ""owner"": ""root"", ""pid"": ""66"", ""process"": ""all"", ""resource_instance_id"": ""1398563761166861218"", ""resource_project_id"": ""proyecto-2-cloud-509714"", ""resource_type"": ""gce_instance"", ""resource_zone"": ""us-central1-a"", ""vm"": ""mooc-web""}",0
2026-09-27T02:48:15.949974Z,"{""command"": ""kstrp"", ""command_line"": """", ""owner"": ""root"", ""pid"": ""66"", ""process"": ""all"", ""resource_instance_id"": ""1398563761166861218"", ""resource_project_id"": ""proyecto-2-cloud-509714"", ""resource_type"": ""gce_instance"", ""resource_zone"": ""us-central1-a"", ""vm"": ""mooc-web""}",0
2026-09-27T02:47:45.938801Z,"{""command"": ""kstrp"", ""command_line"": """", ""owner"": ""root"", ""pid"": ""66"", ""process"": ""all"", ""resource_instance_id"": ""1398563761166861218"", ""resource_project_id"": ""proyecto-2-cloud-509714"", ""resource_type"": ""gce_instance"", ""resource_zone"": ""us-central1-a"", ""vm"": ""mooc-web""}",0
2026-09-27T02:47:15.937935Z,"{""command"": ""kstrp"", ""command_line"": """", ""owner"": ""root"", ""pid"": ""66"", ""process"": ""all"", ""resource_instance_id"": ""1398563761166861218"", ""resource_project_id"": ""proyecto-2-cloud-509714"", ""resource_type"": ""gce_instance"", ""resource_zone"": ""us-central1-a"", ""vm"": ""mooc-web""}",0
2026-09-27T02:46:45.940659Z,"{""command"": ""kstrp"", ""command_line"": """", ""owner"": ""root"", ""pid"": ""66"", ""process"": ""all"", ""resource_instance_id"": ""1398563761166861218"", ""resource_project_id"": ""proyecto-2-cloud-509714"", ""resource_type"": ""gce_instance"", ""resource_zone"": ""us-central1-a"", ""vm"": ""mooc-web""}",0
2026-09-27T02:46:15.937614Z,"{""command"": ""kstrp"", ""command_line"": """", ""owner"": ""root"", ""pid"": ""66"", ""process"": ""all"", ""resource_instance_id"": ""1398563761166861218"", ""resource_project_id"": ""proyecto-2-cloud-509714"", ""resource_type"": ""gce_instance"", ""resource_zone"": ""us-central1-a"", ""vm"": ""mooc-web""}",0
2026-09-27T02:45:45.944638Z,"{""command"": ""kstrp"", ""command_line"": """", ""owner"": ""root"", ""pid"": ""66"", ""process"": ""all"", ""resource_instance_id"": ""1398563761166861218"", ""resource_project_id"": ""proyecto-2-cloud-509714"", ""resource_type"": ""gce_instance"", ""resource_zone"": ""us-central1-a"", ""vm"": ""mooc-web""}",0
2026-09-27T02:45:15.943319Z,"{""command"": ""kstrp"", ""command_line"": """", ""owner"": ""root"", ""pid"": ""66"", ""process"": ""all"", ""resource_instance_id"": ""1398563761166861218"", ""resource_project_id"": ""proyecto-2-cloud-509714"", ""resource_type"": ""gce_instance"", ""resource_zone"": ""us-central1-a"", ""vm"": ""mooc-web""}",0
2026-09-27T02:44:45.939854Z,"{""command"": ""kstrp"", ""command_line"": """", ""owner"": ""root"", ""pid"": ""66"", ""process"": ""all"", ""resource_instance_id"": ""1398563761166861218"", ""resource_project_id"": ""proyecto-2-cloud-509714"", ""resource_type"": ""gce_instance"", ""resource_zone"": ""us-central1-a"", ""vm"": ""mooc-web""}",0
2026-09-27T02:44:15.939813Z,"{""command"": ""kstrp"", ""command_line"": """", ""owner"": ""root"", ""pid"": ""66"", ""process"": ""all"", ""resource_instance_id"": ""1398563761166861218"", ""resource_project_id"": ""proyecto-2-cloud-509714"", ""resource_type"": ""gce_instance"", ""resource_zone"": ""us-central1-a"", ""vm"": ""mooc-web""}",0
2026-09-27T02:43:45.938105Z,"{""command"": ""kstrp"", ""command_line"": """", ""owner"": ""root"", ""pid"": ""66"", ""process"": ""all"", ""resource_instance_id"": ""1398563761166861218"", ""resource_project_id"": ""proyecto-2-cloud-509714"", ""resource_type"": ""gce_instance"", ""resource_zone"": ""us-central1-a"", ""vm"": ""mooc-web""}",0
2026-09-27T02:43:15.938345Z,"{""command"": ""kstrp"", ""command_line"": """", ""owner"": ""root"", ""pid"": ""66"", ""process"": ""all"", ""resource_instance_id"": ""1398563761166861218"", ""resource_project_id"": ""proyecto-2-cloud-509714"", ""resource_type"": ""gce_instance"", ""resource_zone"": ""us-central1-a"", ""vm"": ""mooc-web""}",0
2026-09-27T02:42:45.945952Z,"{""command"": ""kstrp"", ""command_line"": """", ""owner"": ""root"", ""pid"": ""66"", ""process"": ""all"", ""resource_instance_id"": ""1398563761166861218"", ""resource_project_id"": ""proyecto-2-cloud-509714"", ""resource_type"": ""gce_instance"", ""resource_zone"": ""us-central1-a"", ""vm"": ""mooc-web""}",0
2026-09-27T02:42:15.938820Z,"{""command"": ""kstrp"", ""command_line"": """", ""owner"": ""root"", ""pid"": ""66"", ""process"": ""all"", ""resource_instance_id"": ""1398563761166861218"", ""resource_project_id"": ""proyecto-2-cloud-509714"", ""resource_type"": ""gce_instance"", ""resource_zone"": ""us-central1-a"", ""vm"": ""mooc-web""}",0
2026-09-27T02:41:45.940343Z,"{""command"": ""kstrp"", ""command_line"": """", ""owner"": ""root"", ""pid"": ""66"", ""process"": ""all"", ""resource_instance_id"": ""1398563761166861218"", ""resource_project_id"": ""proyecto-2-cloud-509714"", ""resource_type"": ""gce_instance"", ""resource_zone"": ""us-central1-a"", ""vm"": ""mooc-web""}",0
2026-09-27T02:41:15.940155Z,"{""command"": ""kstrp"", ""command_line"": """", ""owner"": ""root"", ""pid"": ""66"", ""process"": ""all"", ""resource_instance_id"": ""1398563761166861218"", ""resource_project_id"": ""proyecto-2-cloud-509714"", ""resource_type"": ""gce_instance"", ""resource_zone"": ""us-central1-a"", ""vm"": ""mooc-web""}",0
2026-09-27T02:40:45.940822Z,"{""command"": ""kstrp"", ""command_line"": """", ""owner"": ""root"", ""pid"": ""66"", ""process"": ""all"", ""resource_instance_id"": ""1398563761166861218"", ""resource_project_id"": ""proyecto-2-cloud-509714"", ""resource_type"": ""gce_instance"", ""resource_zone"": ""us-central1-a"", ""vm"": ""mooc-web""}",0
2026-09-27T02:40:15.938803Z,"{""command"": ""kstrp"", ""command_line"": """", ""owner"": ""root"", ""pid"": ""66"", ""process"": ""all"", ""resource_instance_id"": ""1398563761166861218"", ""resource_project_id"": ""proyecto-2-cloud-509714"", ""resource_type"": ""gce_instance"", ""resource_zone"": ""us-central1-a"", ""vm"": ""mooc-web""}",0
2026-09-27T02:39:45.940107Z,"{""command"": ""kstrp"", ""command_line"": """", ""owner"": ""root"", ""pid"": ""66"", ""process"": ""all"", ""resource_instance_id"": ""1398563761166861218"", ""resource_project_id"": ""proyecto-2-cloud-509714"", ""resource_type"": ""gce_instance"", ""resource_zone"": ""us-central1-a"", ""vm"": ""mooc-web""}",0
2026-09-27T02:39:15.955292Z,"{""command"": ""kstrp"", ""command_line"": """", ""owner"": ""root"", ""pid"": ""66"", ""process"": ""all"", ""resource_instance_id"": ""1398563761166861218"", ""resource_project_id"": ""proyecto-2-cloud-509714"", ""resource_type"": ""gce_instance"", ""resource_zone"": ""us-central1-a"", ""vm"": ""mooc-web""}",0
2026-09-27T02:49:45.942256Z,"{""command"": ""kswapd0"", ""command_line"": """", ""owner"": ""root"", ""pid"": ""43"", ""process"": ""all"", ""resource_instance_id"": ""1398563761166861218"", ""resource_project_id"": ""proyecto-2-cloud-509714"", ""resource_type"": ""gce_instance"", ""resource_zone"": ""us-central1-a"", ""vm"": ""mooc-web""}",0
2026-09-27T02:49:15.937303Z,"{""command"": ""kswapd0"", ""command_line"": """", ""owner"": ""root"", ""pid"": ""43"", ""process"": ""all"", ""resource_instance_id"": ""1398563761166861218"", ""resource_project_id"": ""proyecto-2-cloud-509714"", ""resource_type"": ""gce_instance"", ""resource_zone"": ""us-central1-a"", ""vm"": ""mooc-web""}",0
2026-09-27T02:48:45.937390Z,"{""command"": ""kswapd0"", ""command_line"": """", ""owner"": ""root"", ""pid"": ""43"", ""process"": ""all"", ""resource_instance_id"": ""1398563761166861218"", ""resource_project_id"": ""proyecto-2-cloud-509714"", ""resource_type"": ""gce_instance"", ""resource_zone"": ""us-central1-a"", ""vm"": ""mooc-web""}",0
2026-09-27T02:48:15.947950Z,"{""command"": ""kswapd0"", ""command_line"": """", ""owner"": ""root"", ""pid"": ""43"", ""process"": ""all"", ""resource_instance_id"": ""1398563761166861218"", ""resource_project_id"": ""proyecto-2-cloud-509714"", ""resource_type"": ""gce_instance"", ""resource_zone"": ""us-central1-a"", ""vm"": ""mooc-web""}",0
2026-09-27T02:47:45.938016Z,"{""command"": ""kswapd0"", ""command_line"": """", ""owner"": ""root"", ""pid"": ""43"", ""process"": ""all"", ""resource_instance_id"": ""1398563761166861218"", ""resource_project_id"": ""proyecto-2-cloud-509714"", ""resource_type"": ""gce_instance"", ""resource_zone"": ""us-central1-a"", ""vm"": ""mooc-web""}",0
2026-09-27T02:47:15.937465Z,"{""command"": ""kswapd0"", ""command_line"": """", ""owner"": ""root"", ""pid"": ""43"", ""process"": ""all"", ""resource_instance_id"": ""1398563761166861218"", ""resource_project_id"": ""proyecto-2-cloud-509714"", ""resource_type"": ""gce_instance"", ""resource_zone"": ""us-central1-a"", ""vm"": ""mooc-web""}",0
2026-09-27T02:46:45.940188Z,"{""command"": ""kswapd0"", ""command_line"": """", ""owner"": ""root"", ""pid"": ""43"", ""process"": ""all"", ""resource_instance_id"": ""1398563761166861218"", ""resource_project_id"": ""proyecto-2-cloud-509714"", ""resource_type"": ""gce_instance"", ""resource_zone"": ""us-central1-a"", ""vm"": ""mooc-web""}",0
2026-09-27T02:46:15.937103Z,"{""command"": ""kswapd0"", ""command_line"": """", ""owner"": ""root"", ""pid"": ""43"", ""process"": ""all"", ""resource_instance_id"": ""1398563761166861218"", ""resource_project_id"": ""proyecto-2-cloud-509714"", ""resource_type"": ""gce_instance"", ""resource_zone"": ""us-central1-a"", ""vm"": ""mooc-web""}",0
2026-09-27T02:45:45.943938Z,"{""command"": ""kswapd0"", ""command_line"": """", ""owner"": ""root"", ""pid"": ""43"", ""process"": ""all"", ""resource_instance_id"": ""1398563761166861218"", ""resource_project_id"": ""proyecto-2-cloud-509714"", ""resource_type"": ""gce_instance"", ""resource_zone"": ""us-central1-a"", ""vm"": ""mooc-web""}",0
2026-09-27T02:45:15.942696Z,"{""command"": ""kswapd0"", ""command_line"": """", ""owner"": ""root"", ""pid"": ""43"", ""process"": ""all"", ""resource_instance_id"": ""1398563761166861218"", ""resource_project_id"": ""proyecto-2-cloud-509714"", ""resource_type"": ""gce_instance"", ""resource_zone"": ""us-central1-a"", ""vm"": ""mooc-web""}",0
2026-09-27T02:44:45.939011Z,"{""command"": ""kswapd0"", ""command_line"": """", ""owner"": ""root"", ""pid"": ""43"", ""process"": ""all"", ""resource_instance_id"": ""1398563761166861218"", ""resource_project_id"": ""proyecto-2-cloud-509714"", ""resource_type"": ""gce_instance"", ""resource_zone"": ""us-central1-a"", ""vm"": ""mooc-web""}",0
2026-09-27T02:44:15.939367Z,"{""command"": ""kswapd0"", ""command_line"": """", ""owner"": ""root"", ""pid"": ""43"", ""process"": ""all"", ""resource_instance_id"": ""1398563761166861218"", ""resource_project_id"": ""proyecto-2-cloud-509714"", ""resource_type"": ""gce_instance"", ""resource_zone"": ""us-central1-a"", ""vm"": ""mooc-web""}",0
2026-09-27T02:43:45.937650Z,"{""command"": ""kswapd0"", ""command_line"": """", ""owner"": ""root"", ""pid"": ""43"", ""process"": ""all"", ""resource_instance_id"": ""1398563761166861218"", ""resource_project_id"": ""proyecto-2-cloud-509714"", ""resource_type"": ""gce_instance"", ""resource_zone"": ""us-central1-a"", ""vm"": ""mooc-web""}",0
2026-09-27T02:43:15.937880Z,"{""command"": ""kswapd0"", ""command_line"": """", ""owner"": ""root"", ""pid"": ""43"", ""process"": ""all"", ""resource_instance_id"": ""1398563761166861218"", ""resource_project_id"": ""proyecto-2-cloud-509714"", ""resource_type"": ""gce_instance"", ""resource_zone"": ""us-central1-a"", ""vm"": ""mooc-web""}",0
2026-09-27T02:42:45.945481Z,"{""command"": ""kswapd0"", ""command_line"": """", ""owner"": ""root"", ""pid"": ""43"", ""process"": ""all"", ""resource_instance_id"": ""1398563761166861218"", ""resource_project_id"": ""proyecto-2-cloud-509714"", ""resource_type"": ""gce_instance"", ""resource_zone"": ""us-central1-a"", ""vm"": ""mooc-web""}",0
2026-09-27T02:42:15.938131Z,"{""command"": ""kswapd0"", ""command_line"": """", ""owner"": ""root"", ""pid"": ""43"", ""process"": ""all"", ""resource_instance_id"": ""1398563761166861218"", ""resource_project_id"": ""proyecto-2-cloud-509714"", ""resource_type"": ""gce_instance"", ""resource_zone"": ""us-central1-a"", ""vm"": ""mooc-web""}",0
2026-09-27T02:41:45.939815Z,"{""command"": ""kswapd0"", ""command_line"": """", ""owner"": ""root"", ""pid"": ""43"", ""process"": ""all"", ""resource_instance_id"": ""1398563761166861218"", ""resource_project_id"": ""proyecto-2-cloud-509714"", ""resource_type"": ""gce_instance"", ""resource_zone"": ""us-central1-a"", ""vm"": ""mooc-web""}",0
2026-09-27T02:41:15.939657Z,"{""command"": ""kswapd0"", ""command_line"": """", ""owner"": ""root"", ""pid"": ""43"", ""process"": ""all"", ""resource_instance_id"": ""1398563761166861218"", ""resource_project_id"": ""proyecto-2-cloud-509714"", ""resource_type"": ""gce_instance"", ""resource_zone"": ""us-central1-a"", ""vm"": ""mooc-web""}",0
2026-09-27T02:40:45.940381Z,"{""command"": ""kswapd0"", ""command_line"": """", ""owner"": ""root"", ""pid"": ""43"", ""process"": ""all"", ""resource_instance_id"": ""1398563761166861218"", ""resource_project_id"": ""proyecto-2-cloud-509714"", ""resource_type"": ""gce_instance"", ""resource_zone"": ""us-central1-a"", ""vm"": ""mooc-web""}",0
2026-09-27T02:40:15.938089Z,"{""command"": ""kswapd0"", ""command_line"": """", ""owner"": ""root"", ""pid"": ""43"", ""process"": ""all"", ""resource_instance_id"": ""1398563761166861218"", ""resource_project_id"": ""proyecto-2-cloud-509714"", ""resource_type"": ""gce_instance"", ""resource_zone"": ""us-central1-a"", ""vm"": ""mooc-web""}",0
2026-09-27T02:39:45.939377Z,"{""command"": ""kswapd0"", ""command_line"": """", ""owner"": ""root"", ""pid"": ""43"", ""process"": ""all"", ""resource_instance_id"": ""1398563761166861218"", ""resource_project_id"": ""proyecto-2-cloud-509714"", ""resource_type"": ""gce_instance"", ""resource_zone"": ""us-central1-a"", ""vm"": ""mooc-web""}",0
2026-09-27T02:39:15.954677Z,"{""command"": ""kswapd0"", ""command_line"": """", ""owner"": ""root"", ""pid"": ""43"", ""process"": ""all"", ""resource_instance_id"": ""1398563761166861218"", ""resource_project_id"": ""proyecto-2-cloud-509714"", ""resource_type"": ""gce_instance"", ""resource_zone"": ""us-central1-a"", ""vm"": ""mooc-web""}",0
2026-09-27T02:49:45.939712Z,"{""command"": ""kthreadd"", ""command_line"": """", ""owner"": ""root"", ""pid"": ""2"", ""process"": ""all"", ""resource_instance_id"": ""1398563761166861218"", ""resource_project_id"": ""proyecto-2-cloud-509714"", ""resource_type"": ""gce_instance"", ""resource_zone"": ""us-central1-a"", ""vm"": ""mooc-web""}",0
2026-09-27T02:49:15.935548Z,"{""command"": ""kthreadd"", ""command_line"": """", ""owner"": ""root"", ""pid"": ""2"", ""process"": ""all"", ""resource_instance_id"": ""1398563761166861218"", ""resource_project_id"": ""proyecto-2-cloud-509714"", ""resource_type"": ""gce_instance"", ""resource_zone"": ""us-central1-a"", ""vm"": ""mooc-web""}",0
2026-09-27T02:48:45.935641Z,"{""command"": ""kthreadd"", ""command_line"": """", ""owner"": ""root"", ""pid"": ""2"", ""process"": ""all"", ""resource_instance_id"": ""1398563761166861218"", ""resource_project_id"": ""proyecto-2-cloud-509714"", ""resource_type"": ""gce_instance"", ""resource_zone"": ""us-central1-a"", ""vm"": ""mooc-web""}",0
2026-09-27T02:48:15.943688Z,"{""command"": ""kthreadd"", ""command_line"": """", ""owner"": ""root"", ""pid"": ""2"", ""process"": ""all"", ""resource_instance_id"": ""1398563761166861218"", ""resource_project_id"": ""proyecto-2-cloud-509714"", ""resource_type"": ""gce_instance"", ""resource_zone"": ""us-central1-a"", ""vm"": ""mooc-web""}",0
2026-09-27T02:47:45.936046Z,"{""command"": ""kthreadd"", ""command_line"": """", ""owner"": ""root"", ""pid"": ""2"", ""process"": ""all"", ""resource_instance_id"": ""1398563761166861218"", ""resource_project_id"": ""proyecto-2-cloud-509714"", ""resource_type"": ""gce_instance"", ""resource_zone"": ""us-central1-a"", ""vm"": ""mooc-web""}",0
2026-09-27T02:47:15.935746Z,"{""command"": ""kthreadd"", ""command_line"": """", ""owner"": ""root"", ""pid"": ""2"", ""process"": ""all"", ""resource_instance_id"": ""1398563761166861218"", ""resource_project_id"": ""proyecto-2-cloud-509714"", ""resource_type"": ""gce_instance"", ""resource_zone"": ""us-central1-a"", ""vm"": ""mooc-web""}",0
2026-09-27T02:46:45.938329Z,"{""command"": ""kthreadd"", ""command_line"": """", ""owner"": ""root"", ""pid"": ""2"", ""process"": ""all"", ""resource_instance_id"": ""1398563761166861218"", ""resource_project_id"": ""proyecto-2-cloud-509714"", ""resource_type"": ""gce_instance"", ""resource_zone"": ""us-central1-a"", ""vm"": ""mooc-web""}",0
2026-09-27T02:46:15.935396Z,"{""command"": ""kthreadd"", ""command_line"": """", ""owner"": ""root"", ""pid"": ""2"", ""process"": ""all"", ""resource_instance_id"": ""1398563761166861218"", ""resource_project_id"": ""proyecto-2-cloud-509714"", ""resource_type"": ""gce_instance"", ""resource_zone"": ""us-central1-a"", ""vm"": ""mooc-web""}",0
2026-09-27T02:45:45.940727Z,"{""command"": ""kthreadd"", ""command_line"": """", ""owner"": ""root"", ""pid"": ""2"", ""process"": ""all"", ""resource_instance_id"": ""1398563761166861218"", ""resource_project_id"": ""proyecto-2-cloud-509714"", ""resource_type"": ""gce_instance"", ""resource_zone"": ""us-central1-a"", ""vm"": ""mooc-web""}",0
2026-09-27T02:45:15.940829Z,"{""command"": ""kthreadd"", ""command_line"": """", ""owner"": ""root"", ""pid"": ""2"", ""process"": ""all"", ""resource_instance_id"": ""1398563761166861218"", ""resource_project_id"": ""proyecto-2-cloud-509714"", ""resource_type"": ""gce_instance"", ""resource_zone"": ""us-central1-a"", ""vm"": ""mooc-web""}",0
2026-09-27T02:44:45.936441Z,"{""command"": ""kthreadd"", ""command_line"": """", ""owner"": ""root"", ""pid"": ""2"", ""process"": ""all"", ""resource_instance_id"": ""1398563761166861218"", ""resource_project_id"": ""proyecto-2-cloud-509714"", ""resource_type"": ""gce_instance"", ""resource_zone"": ""us-central1-a"", ""vm"": ""mooc-web""}",0
2026-09-27T02:44:15.937490Z,"{""command"": ""kthreadd"", ""command_line"": """", ""owner"": ""root"", ""pid"": ""2"", ""process"": ""all"", ""resource_instance_id"": ""1398563761166861218"", ""resource_project_id"": ""proyecto-2-cloud-509714"", ""resource_type"": ""gce_instance"", ""resource_zone"": ""us-central1-a"", ""vm"": ""mooc-web""}",0
2026-09-27T02:43:45.935867Z,"{""command"": ""kthreadd"", ""command_line"": """", ""owner"": ""root"", ""pid"": ""2"", ""process"": ""all"", ""resource_instance_id"": ""1398563761166861218"", ""resource_project_id"": ""proyecto-2-cloud-509714"", ""resource_type"": ""gce_instance"", ""resource_zone"": ""us-central1-a"", ""vm"": ""mooc-web""}",0
2026-09-27T02:43:15.936111Z,"{""command"": ""kthreadd"", ""command_line"": """", ""owner"": ""root"", ""pid"": ""2"", ""process"": ""all"", ""resource_instance_id"": ""1398563761166861218"", ""resource_project_id"": ""proyecto-2-cloud-509714"", ""resource_type"": ""gce_instance"", ""resource_zone"": ""us-central1-a"", ""vm"": ""mooc-web""}",0
2026-09-27T02:42:45.943649Z,"{""command"": ""kthreadd"", ""command_line"": """", ""owner"": ""root"", ""pid"": ""2"", ""process"": ""all"", ""resource_instance_id"": ""1398563761166861218"", ""resource_project_id"": ""proyecto-2-cloud-509714"", ""resource_type"": ""gce_instance"", ""resource_zone"": ""us-central1-a"", ""vm"": ""mooc-web""}",0
2026-09-27T02:42:15.936017Z,"{""command"": ""kthreadd"", ""command_line"": """", ""owner"": ""root"", ""pid"": ""2"", ""process"": ""all"", ""resource_instance_id"": ""1398563761166861218"", ""resource_project_id"": ""proyecto-2-cloud-509714"", ""resource_type"": ""gce_instance"", ""resource_zone"": ""us-central1-a"", ""vm"": ""mooc-web""}",0
2026-09-27T02:41:45.937931Z,"{""command"": ""kthreadd"", ""command_line"": """", ""owner"": ""root"", ""pid"": ""2"", ""process"": ""all"", ""resource_instance_id"": ""1398563761166861218"", ""resource_project_id"": ""proyecto-2-cloud-509714"", ""resource_type"": ""gce_instance"", ""resource_zone"": ""us-central1-a"", ""vm"": ""mooc-web""}",0
2026-09-27T02:41:15.937712Z,"{""command"": ""kthreadd"", ""command_line"": """", ""owner"": ""root"", ""pid"": ""2"", ""process"": ""all"", ""resource_instance_id"": ""1398563761166861218"", ""resource_project_id"": ""proyecto-2-cloud-509714"", ""resource_type"": ""gce_instance"", ""resource_zone"": ""us-central1-a"", ""vm"": ""mooc-web""}",0
2026-09-27T02:40:45.938450Z,"{""command"": ""kthreadd"", ""command_line"": """", ""owner"": ""root"", ""pid"": ""2"", ""process"": ""all"", ""resource_instance_id"": ""1398563761166861218"", ""resource_project_id"": ""proyecto-2-cloud-509714"", ""resource_type"": ""gce_instance"", ""resource_zone"": ""us-central1-a"", ""vm"": ""mooc-web""}",0
2026-09-27T02:40:15.936083Z,"{""command"": ""kthreadd"", ""command_line"": """", ""owner"": ""root"", ""pid"": ""2"", ""process"": ""all"", ""resource_instance_id"": ""1398563761166861218"", ""resource_project_id"": ""proyecto-2-cloud-509714"", ""resource_type"": ""gce_instance"", ""resource_zone"": ""us-central1-a"", ""vm"": ""mooc-web""}",0
2026-09-27T02:39:45.936922Z,"{""command"": ""kthreadd"", ""command_line"": """", ""owner"": ""root"", ""pid"": ""2"", ""process"": ""all"", ""resource_instance_id"": ""1398563761166861218"", ""resource_project_id"": ""proyecto-2-cloud-509714"", ""resource_type"": ""gce_instance"", ""resource_zone"": ""us-central1-a"", ""vm"": ""mooc-web""}",0
2026-09-27T02:39:15.952136Z,"{""command"": ""kthreadd"", ""command_line"": """", ""owner"": ""root"", ""pid"": ""2"", ""process"": ""all"", ""resource_instance_id"": ""1398563761166861218"", ""resource_project_id"": ""proyecto-2-cloud-509714"", ""resource_type"": ""gce_instance"", ""resource_zone"": ""us-central1-a"", ""vm"": ""mooc-web""}",0
2026-09-27T02:49:45.942344Z,"{""command"": ""kthrotld"", ""command_line"": """", ""owner"": ""root"", ""pid"": ""49"", ""process"": ""all"", ""resource_instance_id"": ""1398563761166861218"", ""resource_project_id"": ""proyecto-2-cloud-509714"", ""resource_type"": ""gce_instance"", ""resource_zone"": ""us-central1-a"", ""vm"": ""mooc-web""}",0
2026-09-27T02:49:15.937350Z,"{""command"": ""kthrotld"", ""command_line"": """", ""owner"": ""root"", ""pid"": ""49"", ""process"": ""all"", ""resource_instance_id"": ""1398563761166861218"", ""resource_project_id"": ""proyecto-2-cloud-509714"", ""resource_type"": ""gce_instance"", ""resource_zone"": ""us-central1-a"", ""vm"": ""mooc-web""}",0
2026-09-27T02:48:45.937519Z,"{""command"": ""kthrotld"", ""command_line"": """", ""owner"": ""root"", ""pid"": ""49"", ""process"": ""all"", ""resource_instance_id"": ""1398563761166861218"", ""resource_project_id"": ""proyecto-2-cloud-509714"", ""resource_type"": ""gce_instance"", ""resource_zone"": ""us-central1-a"", ""vm"": ""mooc-web""}",0
2026-09-27T02:48:15.948025Z,"{""command"": ""kthrotld"", ""command_line"": """", ""owner"": ""root"", ""pid"": ""49"", ""process"": ""all"", ""resource_instance_id"": ""1398563761166861218"", ""resource_project_id"": ""proyecto-2-cloud-509714"", ""resource_type"": ""gce_instance"", ""resource_zone"": ""us-central1-a"", ""vm"": ""mooc-web""}",0
2026-09-27T02:47:45.938091Z,"{""command"": ""kthrotld"", ""command_line"": """", ""owner"": ""root"", ""pid"": ""49"", ""process"": ""all"", ""resource_instance_id"": ""1398563761166861218"", ""resource_project_id"": ""proyecto-2-cloud-509714"", ""resource_type"": ""gce_instance"", ""resource_zone"": ""us-central1-a"", ""vm"": ""mooc-web""}",0
2026-09-27T02:47:15.937524Z,"{""command"": ""kthrotld"", ""command_line"": """", ""owner"": ""root"", ""pid"": ""49"", ""process"": ""all"", ""resource_instance_id"": ""1398563761166861218"", ""resource_project_id"": ""proyecto-2-cloud-509714"", ""resource_type"": ""gce_instance"", ""resource_zone"": ""us-central1-a"", ""vm"": ""mooc-web""}",0
2026-09-27T02:46:45.940237Z,"{""command"": ""kthrotld"", ""command_line"": """", ""owner"": ""root"", ""pid"": ""49"", ""process"": ""all"", ""resource_instance_id"": ""1398563761166861218"", ""resource_project_id"": ""proyecto-2-cloud-509714"", ""resource_type"": ""gce_instance"", ""resource_zone"": ""us-central1-a"", ""vm"": ""mooc-web""}",0
2026-09-27T02:46:15.937150Z,"{""command"": ""kthrotld"", ""command_line"": """", ""owner"": ""root"", ""pid"": ""49"", ""process"": ""all"", ""resource_instance_id"": ""1398563761166861218"", ""resource_project_id"": ""proyecto-2-cloud-509714"", ""resource_type"": ""gce_instance"", ""resource_zone"": ""us-central1-a"", ""vm"": ""mooc-web""}",0
2026-09-27T02:45:45.944018Z,"{""command"": ""kthrotld"", ""command_line"": """", ""owner"": ""root"", ""pid"": ""49"", ""process"": ""all"", ""resource_instance_id"": ""1398563761166861218"", ""resource_project_id"": ""proyecto-2-cloud-509714"", ""resource_type"": ""gce_instance"", ""resource_zone"": ""us-central1-a"", ""vm"": ""mooc-web""}",0
2026-09-27T02:45:15.942743Z,"{""command"": ""kthrotld"", ""command_line"": """", ""owner"": ""root"", ""pid"": ""49"", ""process"": ""all"", ""resource_instance_id"": ""1398563761166861218"", ""resource_project_id"": ""proyecto-2-cloud-509714"", ""resource_type"": ""gce_instance"", ""resource_zone"": ""us-central1-a"", ""vm"": ""mooc-web""}",0
2026-09-27T02:44:45.939101Z,"{""command"": ""kthrotld"", ""command_line"": """", ""owner"": ""root"", ""pid"": ""49"", ""process"": ""all"", ""resource_instance_id"": ""1398563761166861218"", ""resource_project_id"": ""proyecto-2-cloud-509714"", ""resource_type"": ""gce_instance"", ""resource_zone"": ""us-central1-a"", ""vm"": ""mooc-web""}",0
2026-09-27T02:44:15.939414Z,"{""command"": ""kthrotld"", ""command_line"": """", ""owner"": ""root"", ""pid"": ""49"", ""process"": ""all"", ""resource_instance_id"": ""1398563761166861218"", ""resource_project_id"": ""proyecto-2-cloud-509714"", ""resource_type"": ""gce_instance"", ""resource_zone"": ""us-central1-a"", ""vm"": ""mooc-web""}",0
2026-09-27T02:43:45.937702Z,"{""command"": ""kthrotld"", ""command_line"": """", ""owner"": ""root"", ""pid"": ""49"", ""process"": ""all"", ""resource_instance_id"": ""1398563761166861218"", ""resource_project_id"": ""proyecto-2-cloud-509714"", ""resource_type"": ""gce_instance"", ""resource_zone"": ""us-central1-a"", ""vm"": ""mooc-web""}",0
2026-09-27T02:43:15.937929Z,"{""command"": ""kthrotld"", ""command_line"": """", ""owner"": ""root"", ""pid"": ""49"", ""process"": ""all"", ""resource_instance_id"": ""1398563761166861218"", ""resource_project_id"": ""proyecto-2-cloud-509714"", ""resource_type"": ""gce_instance"", ""resource_zone"": ""us-central1-a"", ""vm"": ""mooc-web""}",0
2026-09-27T02:42:45.945535Z,"{""command"": ""kthrotld"", ""command_line"": """", ""owner"": ""root"", ""pid"": ""49"", ""process"": ""all"", ""resource_instance_id"": ""1398563761166861218"", ""resource_project_id"": ""proyecto-2-cloud-509714"", ""resource_type"": ""gce_instance"", ""resource_zone"": ""us-central1-a"", ""vm"": ""mooc-web""}",0
2026-09-27T02:42:15.938208Z,"{""command"": ""kthrotld"", ""command_line"": """", ""owner"": ""root"", ""pid"": ""49"", ""process"": ""all"", ""resource_instance_id"": ""1398563761166861218"", ""resource_project_id"": ""proyecto-2-cloud-509714"", ""resource_type"": ""gce_instance"", ""resource_zone"": ""us-central1-a"", ""vm"": ""mooc-web""}",0
2026-09-27T02:41:45.939864Z,"{""command"": ""kthrotld"", ""command_line"": """", ""owner"": ""root"", ""pid"": ""49"", ""process"": ""all"", ""resource_instance_id"": ""1398563761166861218"", ""resource_project_id"": ""proyecto-2-cloud-509714"", ""resource_type"": ""gce_instance"", ""resource_zone"": ""us-central1-a"", ""vm"": ""mooc-web""}",0
2026-09-27T02:41:15.939707Z,"{""command"": ""kthrotld"", ""command_line"": """", ""owner"": ""root"", ""pid"": ""49"", ""process"": ""all"", ""resource_instance_id"": ""1398563761166861218"", ""resource_project_id"": ""proyecto-2-cloud-509714"", ""resource_type"": ""gce_instance"", ""resource_zone"": ""us-central1-a"", ""vm"": ""mooc-web""}",0
2026-09-27T02:40:45.940429Z,"{""command"": ""kthrotld"", ""command_line"": """", ""owner"": ""root"", ""pid"": ""49"", ""process"": ""all"", ""resource_instance_id"": ""1398563761166861218"", ""resource_project_id"": ""proyecto-2-cloud-509714"", ""resource_type"": ""gce_instance"", ""resource_zone"": ""us-central1-a"", ""vm"": ""mooc-web""}",0
2026-09-27T02:40:15.938185Z,"{""command"": ""kthrotld"", ""command_line"": """", ""owner"": ""root"", ""pid"": ""49"", ""process"": ""all"", ""resource_instance_id"": ""1398563761166861218"", ""resource_project_id"": ""proyecto-2-cloud-509714"", ""resource_type"": ""gce_instance"", ""resource_zone"": ""us-central1-a"", ""vm"": ""mooc-web""}",0
2026-09-27T02:39:45.939457Z,"{""command"": ""kthrotld"", ""command_line"": """", ""owner"": ""root"", ""pid"": ""49"", ""process"": ""all"", ""resource_instance_id"": ""1398563761166861218"", ""resource_project_id"": ""proyecto-2-cloud-509714"", ""resource_type"": ""gce_instance"", ""resource_zone"": ""us-central1-a"", ""vm"": ""mooc-web""}",0
2026-09-27T02:39:15.954730Z,"{""command"": ""kthrotld"", ""command_line"": """", ""owner"": ""root"", ""pid"": ""49"", ""process"": ""all"", ""resource_instance_id"": ""1398563761166861218"", ""resource_project_id"": ""proyecto-2-cloud-509714"", ""resource_type"": ""gce_instance"", ""resource_zone"": ""us-central1-a"", ""vm"": ""mooc-web""}",0
2026-09-27T02:49:15.940085Z,"{""command"": ""kworker/0:0-events"", ""command_line"": """", ""owner"": ""root"", ""pid"": ""5759"", ""process"": ""all"", ""resource_instance_id"": ""1398563761166861218"", ""resource_project_id"": ""proyecto-2-cloud-509714"", ""resource_type"": ""gce_instance"", ""resource_zone"": ""us-central1-a"", ""vm"": ""mooc-web""}",0
2026-09-27T02:48:15.952620Z,"{""command"": ""kworker/0:0-events"", ""command_line"": """", ""owner"": ""root"", ""pid"": ""5759"", ""process"": ""all"", ""resource_instance_id"": ""1398563761166861218"", ""resource_project_id"": ""proyecto-2-cloud-509714"", ""resource_type"": ""gce_instance"", ""resource_zone"": ""us-central1-a"", ""vm"": ""mooc-web""}",0
2026-09-27T02:47:45.941979Z,"{""command"": ""kworker/0:0-events"", ""command_line"": """", ""owner"": ""root"", ""pid"": ""5759"", ""process"": ""all"", ""resource_instance_id"": ""1398563761166861218"", ""resource_project_id"": ""proyecto-2-cloud-509714"", ""resource_type"": ""gce_instance"", ""resource_zone"": ""us-central1-a"", ""vm"": ""mooc-web""}",0
2026-09-27T02:47:15.940111Z,"{""command"": ""kworker/0:0-events"", ""command_line"": """", ""owner"": ""root"", ""pid"": ""5759"", ""process"": ""all"", ""resource_instance_id"": ""1398563761166861218"", ""resource_project_id"": ""proyecto-2-cloud-509714"", ""resource_type"": ""gce_instance"", ""resource_zone"": ""us-central1-a"", ""vm"": ""mooc-web""}",0
2026-09-27T02:46:45.943390Z,"{""command"": ""kworker/0:0-events"", ""command_line"": """", ""owner"": ""root"", ""pid"": ""5759"", ""process"": ""all"", ""resource_instance_id"": ""1398563761166861218"", ""resource_project_id"": ""proyecto-2-cloud-509714"", ""resource_type"": ""gce_instance"", ""resource_zone"": ""us-central1-a"", ""vm"": ""mooc-web""}",0
2026-09-27T02:45:45.947835Z,"{""command"": ""kworker/0:0-events"", ""command_line"": """", ""owner"": ""root"", ""pid"": ""5759"", ""process"": ""all"", ""resource_instance_id"": ""1398563761166861218"", ""resource_project_id"": ""proyecto-2-cloud-509714"", ""resource_type"": ""gce_instance"", ""resource_zone"": ""us-central1-a"", ""vm"": ""mooc-web""}",0
2026-09-27T02:45:15.945537Z,"{""command"": ""kworker/0:0-events"", ""command_line"": """", ""owner"": ""root"", ""pid"": ""5759"", ""process"": ""all"", ""resource_instance_id"": ""1398563761166861218"", ""resource_project_id"": ""proyecto-2-cloud-509714"", ""resource_type"": ""gce_instance"", ""resource_zone"": ""us-central1-a"", ""vm"": ""mooc-web""}",0
2026-09-27T02:44:15.941894Z,"{""command"": ""kworker/0:0-events"", ""command_line"": """", ""owner"": ""root"", ""pid"": ""5759"", ""process"": ""all"", ""resource_instance_id"": ""1398563761166861218"", ""resource_project_id"": ""proyecto-2-cloud-509714"", ""resource_type"": ""gce_instance"", ""resource_zone"": ""us-central1-a"", ""vm"": ""mooc-web""}",0
2026-09-27T02:41:45.942498Z,"{""command"": ""kworker/0:0-events"", ""command_line"": """", ""owner"": ""root"", ""pid"": ""5759"", ""process"": ""all"", ""resource_instance_id"": ""1398563761166861218"", ""resource_project_id"": ""proyecto-2-cloud-509714"", ""resource_type"": ""gce_instance"", ""resource_zone"": ""us-central1-a"", ""vm"": ""mooc-web""}",0
2026-09-27T02:41:15.942422Z,"{""command"": ""kworker/0:0-events"", ""command_line"": """", ""owner"": ""root"", ""pid"": ""5759"", ""process"": ""all"", ""resource_instance_id"": ""1398563761166861218"", ""resource_project_id"": ""proyecto-2-cloud-509714"", ""resource_type"": ""gce_instance"", ""resource_zone"": ""us-central1-a"", ""vm"": ""mooc-web""}",0
2026-09-27T02:40:45.943046Z,"{""command"": ""kworker/0:0-events"", ""command_line"": """", ""owner"": ""root"", ""pid"": ""5759"", ""process"": ""all"", ""resource_instance_id"": ""1398563761166861218"", ""resource_project_id"": ""proyecto-2-cloud-509714"", ""resource_type"": ""gce_instance"", ""resource_zone"": ""us-central1-a"", ""vm"": ""mooc-web""}",0
2026-09-27T02:40:15.941228Z,"{""command"": ""kworker/0:0-events"", ""command_line"": """", ""owner"": ""root"", ""pid"": ""5759"", ""process"": ""all"", ""resource_instance_id"": ""1398563761166861218"", ""resource_project_id"": ""proyecto-2-cloud-509714"", ""resource_type"": ""gce_instance"", ""resource_zone"": ""us-central1-a"", ""vm"": ""mooc-web""}",0
2026-09-27T02:39:15.958430Z,"{""command"": ""kworker/0:0-events"", ""command_line"": """", ""owner"": ""root"", ""pid"": ""5759"", ""process"": ""all"", ""resource_instance_id"": ""1398563761166861218"", ""resource_project_id"": ""proyecto-2-cloud-509714"", ""resource_type"": ""gce_instance"", ""resource_zone"": ""us-central1-a"", ""vm"": ""mooc-web""}",0
2026-09-27T02:46:15.940882Z,"{""command"": ""kworker/0:0-events_power_efficient"", ""command_line"": """", ""owner"": ""root"", ""pid"": ""5759"", ""process"": ""all"", ""resource_instance_id"": ""1398563761166861218"", ""resource_project_id"": ""proyecto-2-cloud-509714"", ""resource_type"": ""gce_instance"", ""resource_zone"": ""us-central1-a"", ""vm"": ""mooc-web""}",0
2026-09-27T02:43:15.940905Z,"{""command"": ""kworker/0:0-events_power_efficient"", ""command_line"": """", ""owner"": ""root"", ""pid"": ""5759"", ""process"": ""all"", ""resource_instance_id"": ""1398563761166861218"", ""resource_project_id"": ""proyecto-2-cloud-509714"", ""resource_type"": ""gce_instance"", ""resource_zone"": ""us-central1-a"", ""vm"": ""mooc-web""}",0
2026-09-27T02:39:45.943477Z,"{""command"": ""kworker/0:0-events_power_efficient"", ""command_line"": """", ""owner"": ""root"", ""pid"": ""5759"", ""process"": ""all"", ""resource_instance_id"": ""1398563761166861218"", ""resource_project_id"": ""proyecto-2-cloud-509714"", ""resource_type"": ""gce_instance"", ""resource_zone"": ""us-central1-a"", ""vm"": ""mooc-web""}",0
2026-09-27T02:49:45.945382Z,"{""command"": ""kworker/0:0-mm_percpu_wq"", ""command_line"": """", ""owner"": ""root"", ""pid"": ""5759"", ""process"": ""all"", ""resource_instance_id"": ""1398563761166861218"", ""resource_project_id"": ""proyecto-2-cloud-509714"", ""resource_type"": ""gce_instance"", ""resource_zone"": ""us-central1-a"", ""vm"": ""mooc-web""}",0
2026-09-27T02:48:45.940701Z,"{""command"": ""kworker/0:0-mm_percpu_wq"", ""command_line"": """", ""owner"": ""root"", ""pid"": ""5759"", ""process"": ""all"", ""resource_instance_id"": ""1398563761166861218"", ""resource_project_id"": ""proyecto-2-cloud-509714"", ""resource_type"": ""gce_instance"", ""resource_zone"": ""us-central1-a"", ""vm"": ""mooc-web""}",0
2026-09-27T02:44:45.943247Z,"{""command"": ""kworker/0:0-mm_percpu_wq"", ""command_line"": """", ""owner"": ""root"", ""pid"": ""5759"", ""process"": ""all"", ""resource_instance_id"": ""1398563761166861218"", ""resource_project_id"": ""proyecto-2-cloud-509714"", ""resource_type"": ""gce_instance"", ""resource_zone"": ""us-central1-a"", ""vm"": ""mooc-web""}",0
2026-09-27T02:43:45.940966Z,"{""command"": ""kworker/0:0-mm_percpu_wq"", ""command_line"": """", ""owner"": ""root"", ""pid"": ""5759"", ""process"": ""all"", ""resource_instance_id"": ""1398563761166861218"", ""resource_project_id"": ""proyecto-2-cloud-509714"", ""resource_type"": ""gce_instance"", ""resource_zone"": ""us-central1-a"", ""vm"": ""mooc-web""}",0
2026-09-27T02:42:45.948498Z,"{""command"": ""kworker/0:0-mm_percpu_wq"", ""command_line"": """", ""owner"": ""root"", ""pid"": ""5759"", ""process"": ""all"", ""resource_instance_id"": ""1398563761166861218"", ""resource_project_id"": ""proyecto-2-cloud-509714"", ""resource_type"": ""gce_instance"", ""resource_zone"": ""us-central1-a"", ""vm"": ""mooc-web""}",0
2026-09-27T02:42:15.942023Z,"{""command"": ""kworker/0:0-mm_percpu_wq"", ""command_line"": """", ""owner"": ""root"", ""pid"": ""5759"", ""process"": ""all"", ""resource_instance_id"": ""1398563761166861218"", ""resource_project_id"": ""proyecto-2-cloud-509714"", ""resource_type"": ""gce_instance"", ""resource_zone"": ""us-central1-a"", ""vm"": ""mooc-web""}",0
2026-09-27T02:49:45.940130Z,"{""command"": ""kworker/0:0H-events_highpri"", ""command_line"": """", ""owner"": ""root"", ""pid"": ""8"", ""process"": ""all"", ""resource_instance_id"": ""1398563761166861218"", ""resource_project_id"": ""proyecto-2-cloud-509714"", ""resource_type"": ""gce_instance"", ""resource_zone"": ""us-central1-a"", ""vm"": ""mooc-web""}",0
2026-09-27T02:49:15.935827Z,"{""command"": ""kworker/0:0H-events_highpri"", ""command_line"": """", ""owner"": ""root"", ""pid"": ""8"", ""process"": ""all"", ""resource_instance_id"": ""1398563761166861218"", ""resource_project_id"": ""proyecto-2-cloud-509714"", ""resource_type"": ""gce_instance"", ""resource_zone"": ""us-central1-a"", ""vm"": ""mooc-web""}",0
2026-09-27T02:48:45.935897Z,"{""command"": ""kworker/0:0H-events_highpri"", ""command_line"": """", ""owner"": ""root"", ""pid"": ""8"", ""process"": ""all"", ""resource_instance_id"": ""1398563761166861218"", ""resource_project_id"": ""proyecto-2-cloud-509714"", ""resource_type"": ""gce_instance"", ""resource_zone"": ""us-central1-a"", ""vm"": ""mooc-web""}",0
2026-09-27T02:48:15.944781Z,"{""command"": ""kworker/0:0H-events_highpri"", ""command_line"": """", ""owner"": ""root"", ""pid"": ""8"", ""process"": ""all"", ""resource_instance_id"": ""1398563761166861218"", ""resource_project_id"": ""proyecto-2-cloud-509714"", ""resource_type"": ""gce_instance"", ""resource_zone"": ""us-central1-a"", ""vm"": ""mooc-web""}",0
2026-09-27T02:47:45.936307Z,"{""command"": ""kworker/0:0H-events_highpri"", ""command_line"": """", ""owner"": ""root"", ""pid"": ""8"", ""process"": ""all"", ""resource_instance_id"": ""1398563761166861218"", ""resource_project_id"": ""proyecto-2-cloud-509714"", ""resource_type"": ""gce_instance"", ""resource_zone"": ""us-central1-a"", ""vm"": ""mooc-web""}",0
2026-09-27T02:47:15.936009Z,"{""command"": ""kworker/0:0H-events_highpri"", ""command_line"": """", ""owner"": ""root"", ""pid"": ""8"", ""process"": ""all"", ""resource_instance_id"": ""1398563761166861218"", ""resource_project_id"": ""proyecto-2-cloud-509714"", ""resource_type"": ""gce_instance"", ""resource_zone"": ""us-central1-a"", ""vm"": ""mooc-web""}",0
2026-09-27T02:46:45.938597Z,"{""command"": ""kworker/0:0H-events_highpri"", ""command_line"": """", ""owner"": ""root"", ""pid"": ""8"", ""process"": ""all"", ""resource_instance_id"": ""1398563761166861218"", ""resource_project_id"": ""proyecto-2-cloud-509714"", ""resource_type"": ""gce_instance"", ""resource_zone"": ""us-central1-a"", ""vm"": ""mooc-web""}",0
2026-09-27T02:46:15.935648Z,"{""command"": ""kworker/0:0H-events_highpri"", ""command_line"": """", ""owner"": ""root"", ""pid"": ""8"", ""process"": ""all"", ""resource_instance_id"": ""1398563761166861218"", ""resource_project_id"": ""proyecto-2-cloud-509714"", ""resource_type"": ""gce_instance"", ""resource_zone"": ""us-central1-a"", ""vm"": ""mooc-web""}",0
2026-09-27T02:45:45.941227Z,"{""command"": ""kworker/0:0H-events_highpri"", ""command_line"": """", ""owner"": ""root"", ""pid"": ""8"", ""process"": ""all"", ""resource_instance_id"": ""1398563761166861218"", ""resource_project_id"": ""proyecto-2-cloud-509714"", ""resource_type"": ""gce_instance"", ""resource_zone"": ""us-central1-a"", ""vm"": ""mooc-web""}",0
2026-09-27T02:45:15.941109Z,"{""command"": ""kworker/0:0H-events_highpri"", ""command_line"": """", ""owner"": ""root"", ""pid"": ""8"", ""process"": ""all"", ""resource_instance_id"": ""1398563761166861218"", ""resource_project_id"": ""proyecto-2-cloud-509714"", ""resource_type"": ""gce_instance"", ""resource_zone"": ""us-central1-a"", ""vm"": ""mooc-web""}",0
2026-09-27T02:44:45.936749Z,"{""command"": ""kworker/0:0H-events_highpri"", ""command_line"": """", ""owner"": ""root"", ""pid"": ""8"", ""process"": ""all"", ""resource_instance_id"": ""1398563761166861218"", ""resource_project_id"": ""proyecto-2-cloud-509714"", ""resource_type"": ""gce_instance"", ""resource_zone"": ""us-central1-a"", ""vm"": ""mooc-web""}",0
2026-09-27T02:44:15.937748Z,"{""command"": ""kworker/0:0H-events_highpri"", ""command_line"": """", ""owner"": ""root"", ""pid"": ""8"", ""process"": ""all"", ""resource_instance_id"": ""1398563761166861218"", ""resource_project_id"": ""proyecto-2-cloud-509714"", ""resource_type"": ""gce_instance"", ""resource_zone"": ""us-central1-a"", ""vm"": ""mooc-web""}",0
2026-09-27T02:43:45.936130Z,"{""command"": ""kworker/0:0H-events_highpri"", ""command_line"": """", ""owner"": ""root"", ""pid"": ""8"", ""process"": ""all"", ""resource_instance_id"": ""1398563761166861218"", ""resource_project_id"": ""proyecto-2-cloud-509714"", ""resource_type"": ""gce_instance"", ""resource_zone"": ""us-central1-a"", ""vm"": ""mooc-web""}",0
2026-09-27T02:43:15.936367Z,"{""command"": ""kworker/0:0H-events_highpri"", ""command_line"": """", ""owner"": ""root"", ""pid"": ""8"", ""process"": ""all"", ""resource_instance_id"": ""1398563761166861218"", ""resource_project_id"": ""proyecto-2-cloud-509714"", ""resource_type"": ""gce_instance"", ""resource_zone"": ""us-central1-a"", ""vm"": ""mooc-web""}",0
2026-09-27T02:42:45.943901Z,"{""command"": ""kworker/0:0H-events_highpri"", ""command_line"": """", ""owner"": ""root"", ""pid"": ""8"", ""process"": ""all"", ""resource_instance_id"": ""1398563761166861218"", ""resource_project_id"": ""proyecto-2-cloud-509714"", ""resource_type"": ""gce_instance"", ""resource_zone"": ""us-central1-a"", ""vm"": ""mooc-web""}",0
2026-09-27T02:42:15.936326Z,"{""command"": ""kworker/0:0H-events_highpri"", ""command_line"": """", ""owner"": ""root"", ""pid"": ""8"", ""process"": ""all"", ""resource_instance_id"": ""1398563761166861218"", ""resource_project_id"": ""proyecto-2-cloud-509714"", ""resource_type"": ""gce_instance"", ""resource_zone"": ""us-central1-a"", ""vm"": ""mooc-web""}",0
2026-09-27T02:41:45.938184Z,"{""command"": ""kworker/0:0H-events_highpri"", ""command_line"": """", ""owner"": ""root"", ""pid"": ""8"", ""process"": ""all"", ""resource_instance_id"": ""1398563761166861218"", ""resource_project_id"": ""proyecto-2-cloud-509714"", ""resource_type"": ""gce_instance"", ""resource_zone"": ""us-central1-a"", ""vm"": ""mooc-web""}",0
2026-09-27T02:41:15.937988Z,"{""command"": ""kworker/0:0H-events_highpri"", ""command_line"": """", ""owner"": ""root"", ""pid"": ""8"", ""process"": ""all"", ""resource_instance_id"": ""1398563761166861218"", ""resource_project_id"": ""proyecto-2-cloud-509714"", ""resource_type"": ""gce_instance"", ""resource_zone"": ""us-central1-a"", ""vm"": ""mooc-web""}",0
2026-09-27T02:40:45.938714Z,"{""command"": ""kworker/0:0H-events_highpri"", ""command_line"": """", ""owner"": ""root"", ""pid"": ""8"", ""process"": ""all"", ""resource_instance_id"": ""1398563761166861218"", ""resource_project_id"": ""proyecto-2-cloud-509714"", ""resource_type"": ""gce_instance"", ""resource_zone"": ""us-central1-a"", ""vm"": ""mooc-web""}",0
2026-09-27T02:40:15.936334Z,"{""command"": ""kworker/0:0H-events_highpri"", ""command_line"": """", ""owner"": ""root"", ""pid"": ""8"", ""process"": ""all"", ""resource_instance_id"": ""1398563761166861218"", ""resource_project_id"": ""proyecto-2-cloud-509714"", ""resource_type"": ""gce_instance"", ""resource_zone"": ""us-central1-a"", ""vm"": ""mooc-web""}",0
2026-09-27T02:39:45.937176Z,"{""command"": ""kworker/0:0H-events_highpri"", ""command_line"": """", ""owner"": ""root"", ""pid"": ""8"", ""process"": ""all"", ""resource_instance_id"": ""1398563761166861218"", ""resource_project_id"": ""proyecto-2-cloud-509714"", ""resource_type"": ""gce_instance"", ""resource_zone"": ""us-central1-a"", ""vm"": ""mooc-web""}",0
2026-09-27T02:39:15.952629Z,"{""command"": ""kworker/0:0H-events_highpri"", ""command_line"": """", ""owner"": ""root"", ""pid"": ""8"", ""process"": ""all"", ""resource_instance_id"": ""1398563761166861218"", ""resource_project_id"": ""proyecto-2-cloud-509714"", ""resource_type"": ""gce_instance"", ""resource_zone"": ""us-central1-a"", ""vm"": ""mooc-web""}",0
2026-09-27T02:49:45.945331Z,"{""command"": ""kworker/0:1-balloon-wq"", ""command_line"": """", ""owner"": ""root"", ""pid"": ""5577"", ""process"": ""all"", ""resource_instance_id"": ""1398563761166861218"", ""resource_project_id"": ""proyecto-2-cloud-509714"", ""resource_type"": ""gce_instance"", ""resource_zone"": ""us-central1-a"", ""vm"": ""mooc-web""}",0
2026-09-27T02:49:15.939963Z,"{""command"": ""kworker/0:1-balloon-wq"", ""command_line"": """", ""owner"": ""root"", ""pid"": ""5577"", ""process"": ""all"", ""resource_instance_id"": ""1398563761166861218"", ""resource_project_id"": ""proyecto-2-cloud-509714"", ""resource_type"": ""gce_instance"", ""resource_zone"": ""us-central1-a"", ""vm"": ""mooc-web""}",0
2026-09-27T02:48:45.940596Z,"{""command"": ""kworker/0:1-balloon-wq"", ""command_line"": """", ""owner"": ""root"", ""pid"": ""5577"", ""process"": ""all"", ""resource_instance_id"": ""1398563761166861218"", ""resource_project_id"": ""proyecto-2-cloud-509714"", ""resource_type"": ""gce_instance"", ""resource_zone"": ""us-central1-a"", ""vm"": ""mooc-web""}",0
2026-09-27T02:48:15.952518Z,"{""command"": ""kworker/0:1-balloon-wq"", ""command_line"": """", ""owner"": ""root"", ""pid"": ""5577"", ""process"": ""all"", ""resource_instance_id"": ""1398563761166861218"", ""resource_project_id"": ""proyecto-2-cloud-509714"", ""resource_type"": ""gce_instance"", ""resource_zone"": ""us-central1-a"", ""vm"": ""mooc-web""}",0
2026-09-27T02:47:45.941695Z,"{""command"": ""kworker/0:1-balloon-wq"", ""command_line"": """", ""owner"": ""root"", ""pid"": ""5577"", ""process"": ""all"", ""resource_instance_id"": ""1398563761166861218"", ""resource_project_id"": ""proyecto-2-cloud-509714"", ""resource_type"": ""gce_instance"", ""resource_zone"": ""us-central1-a"", ""vm"": ""mooc-web""}",0
2026-09-27T02:47:15.939867Z,"{""command"": ""kworker/0:1-balloon-wq"", ""command_line"": """", ""owner"": ""root"", ""pid"": ""5577"", ""process"": ""all"", ""resource_instance_id"": ""1398563761166861218"", ""resource_project_id"": ""proyecto-2-cloud-509714"", ""resource_type"": ""gce_instance"", ""resource_zone"": ""us-central1-a"", ""vm"": ""mooc-web""}",0
2026-09-27T02:46:45.943078Z,"{""command"": ""kworker/0:1-balloon-wq"", ""command_line"": """", ""owner"": ""root"", ""pid"": ""5577"", ""process"": ""all"", ""resource_instance_id"": ""1398563761166861218"", ""resource_project_id"": ""proyecto-2-cloud-509714"", ""resource_type"": ""gce_instance"", ""resource_zone"": ""us-central1-a"", ""vm"": ""mooc-web""}",0
2026-09-27T02:46:15.940734Z,"{""command"": ""kworker/0:1-balloon-wq"", ""command_line"": """", ""owner"": ""root"", ""pid"": ""5577"", ""process"": ""all"", ""resource_instance_id"": ""1398563761166861218"", ""resource_project_id"": ""proyecto-2-cloud-509714"", ""resource_type"": ""gce_instance"", ""resource_zone"": ""us-central1-a"", ""vm"": ""mooc-web""}",0
2026-09-27T02:45:45.947613Z,"{""command"": ""kworker/0:1-balloon-wq"", ""command_line"": """", ""owner"": ""root"", ""pid"": ""5577"", ""process"": ""all"", ""resource_instance_id"": ""1398563761166861218"", ""resource_project_id"": ""proyecto-2-cloud-509714"", ""resource_type"": ""gce_instance"", ""resource_zone"": ""us-central1-a"", ""vm"": ""mooc-web""}",0
2026-09-27T02:45:15.945435Z,"{""command"": ""kworker/0:1-balloon-wq"", ""command_line"": """", ""owner"": ""root"", ""pid"": ""5577"", ""process"": ""all"", ""resource_instance_id"": ""1398563761166861218"", ""resource_project_id"": ""proyecto-2-cloud-509714"", ""resource_type"": ""gce_instance"", ""resource_zone"": ""us-central1-a"", ""vm"": ""mooc-web""}",0
2026-09-27T02:44:45.942832Z,"{""command"": ""kworker/0:1-cgroup_free"", ""command_line"": """", ""owner"": ""root"", ""pid"": ""5577"", ""process"": ""all"", ""resource_instance_id"": ""1398563761166861218"", ""resource_project_id"": ""proyecto-2-cloud-509714"", ""resource_type"": ""gce_instance"", ""resource_zone"": ""us-central1-a"", ""vm"": ""mooc-web""}",0
2026-09-27T02:44:15.941742Z,"{""command"": ""kworker/0:1-cgroup_free"", ""command_line"": """", ""owner"": ""root"", ""pid"": ""5577"", ""process"": ""all"", ""resource_instance_id"": ""1398563761166861218"", ""resource_project_id"": ""proyecto-2-cloud-509714"", ""resource_type"": ""gce_instance"", ""resource_zone"": ""us-central1-a"", ""vm"": ""mooc-web""}",0
2026-09-27T02:43:45.940712Z,"{""command"": ""kworker/0:1-cgroup_free"", ""command_line"": """", ""owner"": ""root"", ""pid"": ""5577"", ""process"": ""all"", ""resource_instance_id"": ""1398563761166861218"", ""resource_project_id"": ""proyecto-2-cloud-509714"", ""resource_type"": ""gce_instance"", ""resource_zone"": ""us-central1-a"", ""vm"": ""mooc-web""}",0
2026-09-27T02:43:15.940660Z,"{""command"": ""kworker/0:1-cgroup_free"", ""command_line"": """", ""owner"": ""root"", ""pid"": ""5577"", ""process"": ""all"", ""resource_instance_id"": ""1398563761166861218"", ""resource_project_id"": ""proyecto-2-cloud-509714"", ""resource_type"": ""gce_instance"", ""resource_zone"": ""us-central1-a"", ""vm"": ""mooc-web""}",0
2026-09-27T02:42:45.948221Z,"{""command"": ""kworker/0:1-cgroup_free"", ""command_line"": """", ""owner"": ""root"", ""pid"": ""5577"", ""process"": ""all"", ""resource_instance_id"": ""1398563761166861218"", ""resource_project_id"": ""proyecto-2-cloud-509714"", ""resource_type"": ""gce_instance"", ""resource_zone"": ""us-central1-a"", ""vm"": ""mooc-web""}",0
2026-09-27T02:42:15.941608Z,"{""command"": ""kworker/0:1-cgroup_free"", ""command_line"": """", ""owner"": ""root"", ""pid"": ""5577"", ""process"": ""all"", ""resource_instance_id"": ""1398563761166861218"", ""resource_project_id"": ""proyecto-2-cloud-509714"", ""resource_type"": ""gce_instance"", ""resource_zone"": ""us-central1-a"", ""vm"": ""mooc-web""}",0
2026-09-27T02:41:45.942248Z,"{""command"": ""kworker/0:1-cgroup_free"", ""command_line"": """", ""owner"": ""root"", ""pid"": ""5577"", ""process"": ""all"", ""resource_instance_id"": ""1398563761166861218"", ""resource_project_id"": ""proyecto-2-cloud-509714"", ""resource_type"": ""gce_instance"", ""resource_zone"": ""us-central1-a"", ""vm"": ""mooc-web""}",0
2026-09-27T02:41:15.942169Z,"{""command"": ""kworker/0:1-cgroup_free"", ""command_line"": """", ""owner"": ""root"", ""pid"": ""5577"", ""process"": ""all"", ""resource_instance_id"": ""1398563761166861218"", ""resource_project_id"": ""proyecto-2-cloud-509714"", ""resource_type"": ""gce_instance"", ""resource_zone"": ""us-central1-a"", ""vm"": ""mooc-web""}",0
2026-09-27T02:40:45.942732Z,"{""command"": ""kworker/0:1-cgroup_free"", ""command_line"": """", ""owner"": ""root"", ""pid"": ""5577"", ""process"": ""all"", ""resource_instance_id"": ""1398563761166861218"", ""resource_project_id"": ""proyecto-2-cloud-509714"", ""resource_type"": ""gce_instance"", ""resource_zone"": ""us-central1-a"", ""vm"": ""mooc-web""}",0
2026-09-27T02:40:15.940962Z,"{""command"": ""kworker/0:1-cgroup_free"", ""command_line"": """", ""owner"": ""root"", ""pid"": ""5577"", ""process"": ""all"", ""resource_instance_id"": ""1398563761166861218"", ""resource_project_id"": ""proyecto-2-cloud-509714"", ""resource_type"": ""gce_instance"", ""resource_zone"": ""us-central1-a"", ""vm"": ""mooc-web""}",0
2026-09-27T02:39:45.942916Z,"{""command"": ""kworker/0:1-cgroup_free"", ""command_line"": """", ""owner"": ""root"", ""pid"": ""5577"", ""process"": ""all"", ""resource_instance_id"": ""1398563761166861218"", ""resource_project_id"": ""proyecto-2-cloud-509714"", ""resource_type"": ""gce_instance"", ""resource_zone"": ""us-central1-a"", ""vm"": ""mooc-web""}",0
2026-09-27T02:39:15.958043Z,"{""command"": ""kworker/0:1-events"", ""command_line"": """", ""owner"": ""root"", ""pid"": ""5577"", ""process"": ""all"", ""resource_instance_id"": ""1398563761166861218"", ""resource_project_id"": ""proyecto-2-cloud-509714"", ""resource_type"": ""gce_instance"", ""resource_zone"": ""us-central1-a"", ""vm"": ""mooc-web""}",0
2026-09-27T02:49:45.942186Z,"{""command"": ""kworker/0:1H-kblockd"", ""command_line"": """", ""owner"": ""root"", ""pid"": ""42"", ""process"": ""all"", ""resource_instance_id"": ""1398563761166861218"", ""resource_project_id"": ""proyecto-2-cloud-509714"", ""resource_type"": ""gce_instance"", ""resource_zone"": ""us-central1-a"", ""vm"": ""mooc-web""}",0
2026-09-27T02:49:15.937252Z,"{""command"": ""kworker/0:1H-kblockd"", ""command_line"": """", ""owner"": ""root"", ""pid"": ""42"", ""process"": ""all"", ""resource_instance_id"": ""1398563761166861218"", ""resource_project_id"": ""proyecto-2-cloud-509714"", ""resource_type"": ""gce_instance"", ""resource_zone"": ""us-central1-a"", ""vm"": ""mooc-web""}",0
2026-09-27T02:48:45.937341Z,"{""command"": ""kworker/0:1H-kblockd"", ""command_line"": """", ""owner"": ""root"", ""pid"": ""42"", ""process"": ""all"", ""resource_instance_id"": ""1398563761166861218"", ""resource_project_id"": ""proyecto-2-cloud-509714"", ""resource_type"": ""gce_instance"", ""resource_zone"": ""us-central1-a"", ""vm"": ""mooc-web""}",0
2026-09-27T02:48:15.947854Z,"{""command"": ""kworker/0:1H-kblockd"", ""command_line"": """", ""owner"": ""root"", ""pid"": ""42"", ""process"": ""all"", ""resource_instance_id"": ""1398563761166861218"", ""resource_project_id"": ""proyecto-2-cloud-509714"", ""resource_type"": ""gce_instance"", ""resource_zone"": ""us-central1-a"", ""vm"": ""mooc-web""}",0
2026-09-27T02:47:45.937939Z,"{""command"": ""kworker/0:1H-kblockd"", ""command_line"": """", ""owner"": ""root"", ""pid"": ""42"", ""process"": ""all"", ""resource_instance_id"": ""1398563761166861218"", ""resource_project_id"": ""proyecto-2-cloud-509714"", ""resource_type"": ""gce_instance"", ""resource_zone"": ""us-central1-a"", ""vm"": ""mooc-web""}",0
2026-09-27T02:47:15.937414Z,"{""command"": ""kworker/0:1H-kblockd"", ""command_line"": """", ""owner"": ""root"", ""pid"": ""42"", ""process"": ""all"", ""resource_instance_id"": ""1398563761166861218"", ""resource_project_id"": ""proyecto-2-cloud-509714"", ""resource_type"": ""gce_instance"", ""resource_zone"": ""us-central1-a"", ""vm"": ""mooc-web""}",0
2026-09-27T02:46:45.940129Z,"{""command"": ""kworker/0:1H-kblockd"", ""command_line"": """", ""owner"": ""root"", ""pid"": ""42"", ""process"": ""all"", ""resource_instance_id"": ""1398563761166861218"", ""resource_project_id"": ""proyecto-2-cloud-509714"", ""resource_type"": ""gce_instance"", ""resource_zone"": ""us-central1-a"", ""vm"": ""mooc-web""}",0
2026-09-27T02:46:15.937055Z,"{""command"": ""kworker/0:1H-kblockd"", ""command_line"": """", ""owner"": ""root"", ""pid"": ""42"", ""process"": ""all"", ""resource_instance_id"": ""1398563761166861218"", ""resource_project_id"": ""proyecto-2-cloud-509714"", ""resource_type"": ""gce_instance"", ""resource_zone"": ""us-central1-a"", ""vm"": ""mooc-web""}",0
2026-09-27T02:45:45.943835Z,"{""command"": ""kworker/0:1H-kblockd"", ""command_line"": """", ""owner"": ""root"", ""pid"": ""42"", ""process"": ""all"", ""resource_instance_id"": ""1398563761166861218"", ""resource_project_id"": ""proyecto-2-cloud-509714"", ""resource_type"": ""gce_instance"", ""resource_zone"": ""us-central1-a"", ""vm"": ""mooc-web""}",0
2026-09-27T02:45:15.942646Z,"{""command"": ""kworker/0:1H-kblockd"", ""command_line"": """", ""owner"": ""root"", ""pid"": ""42"", ""process"": ""all"", ""resource_instance_id"": ""1398563761166861218"", ""resource_project_id"": ""proyecto-2-cloud-509714"", ""resource_type"": ""gce_instance"", ""resource_zone"": ""us-central1-a"", ""vm"": ""mooc-web""}",0
2026-09-27T02:44:45.938845Z,"{""command"": ""kworker/0:1H-kblockd"", ""command_line"": """", ""owner"": ""root"", ""pid"": ""42"", ""process"": ""all"", ""resource_instance_id"": ""1398563761166861218"", ""resource_project_id"": ""proyecto-2-cloud-509714"", ""resource_type"": ""gce_instance"", ""resource_zone"": ""us-central1-a"", ""vm"": ""mooc-web""}",0
2026-09-27T02:44:15.939319Z,"{""command"": ""kworker/0:1H-kblockd"", ""command_line"": """", ""owner"": ""root"", ""pid"": ""42"", ""process"": ""all"", ""resource_instance_id"": ""1398563761166861218"", ""resource_project_id"": ""proyecto-2-cloud-509714"", ""resource_type"": ""gce_instance"", ""resource_zone"": ""us-central1-a"", ""vm"": ""mooc-web""}",0
2026-09-27T02:43:45.937596Z,"{""command"": ""kworker/0:1H-kblockd"", ""command_line"": """", ""owner"": ""root"", ""pid"": ""42"", ""process"": ""all"", ""resource_instance_id"": ""1398563761166861218"", ""resource_project_id"": ""proyecto-2-cloud-509714"", ""resource_type"": ""gce_instance"", ""resource_zone"": ""us-central1-a"", ""vm"": ""mooc-web""}",0
2026-09-27T02:43:15.937830Z,"{""command"": ""kworker/0:1H-kblockd"", ""command_line"": """", ""owner"": ""root"", ""pid"": ""42"", ""process"": ""all"", ""resource_instance_id"": ""1398563761166861218"", ""resource_project_id"": ""proyecto-2-cloud-509714"", ""resource_type"": ""gce_instance"", ""resource_zone"": ""us-central1-a"", ""vm"": ""mooc-web""}",0
2026-09-27T02:42:45.945431Z,"{""command"": ""kworker/0:1H-kblockd"", ""command_line"": """", ""owner"": ""root"", ""pid"": ""42"", ""process"": ""all"", ""resource_instance_id"": ""1398563761166861218"", ""resource_project_id"": ""proyecto-2-cloud-509714"", ""resource_type"": ""gce_instance"", ""resource_zone"": ""us-central1-a"", ""vm"": ""mooc-web""}",0
2026-09-27T02:42:15.938053Z,"{""command"": ""kworker/0:1H-kblockd"", ""command_line"": """", ""owner"": ""root"", ""pid"": ""42"", ""process"": ""all"", ""resource_instance_id"": ""1398563761166861218"", ""resource_project_id"": ""proyecto-2-cloud-509714"", ""resource_type"": ""gce_instance"", ""resource_zone"": ""us-central1-a"", ""vm"": ""mooc-web""}",0
2026-09-27T02:41:45.939764Z,"{""command"": ""kworker/0:1H-kblockd"", ""command_line"": """", ""owner"": ""root"", ""pid"": ""42"", ""process"": ""all"", ""resource_instance_id"": ""1398563761166861218"", ""resource_project_id"": ""proyecto-2-cloud-509714"", ""resource_type"": ""gce_instance"", ""resource_zone"": ""us-central1-a"", ""vm"": ""mooc-web""}",0
2026-09-27T02:41:15.939598Z,"{""command"": ""kworker/0:1H-kblockd"", ""command_line"": """", ""owner"": ""root"", ""pid"": ""42"", ""process"": ""all"", ""resource_instance_id"": ""1398563761166861218"", ""resource_project_id"": ""proyecto-2-cloud-509714"", ""resource_type"": ""gce_instance"", ""resource_zone"": ""us-central1-a"", ""vm"": ""mooc-web""}",0
2026-09-27T02:40:45.940327Z,"{""command"": ""kworker/0:1H-kblockd"", ""command_line"": """", ""owner"": ""root"", ""pid"": ""42"", ""process"": ""all"", ""resource_instance_id"": ""1398563761166861218"", ""resource_project_id"": ""proyecto-2-cloud-509714"", ""resource_type"": ""gce_instance"", ""resource_zone"": ""us-central1-a"", ""vm"": ""mooc-web""}",0
2026-09-27T02:40:15.937999Z,"{""command"": ""kworker/0:1H-kblockd"", ""command_line"": """", ""owner"": ""root"", ""pid"": ""42"", ""process"": ""all"", ""resource_instance_id"": ""1398563761166861218"", ""resource_project_id"": ""proyecto-2-cloud-509714"", ""resource_type"": ""gce_instance"", ""resource_zone"": ""us-central1-a"", ""vm"": ""mooc-web""}",0
2026-09-27T02:39:45.939305Z,"{""command"": ""kworker/0:1H-kblockd"", ""command_line"": """", ""owner"": ""root"", ""pid"": ""42"", ""process"": ""all"", ""resource_instance_id"": ""1398563761166861218"", ""resource_project_id"": ""proyecto-2-cloud-509714"", ""resource_type"": ""gce_instance"", ""resource_zone"": ""us-central1-a"", ""vm"": ""mooc-web""}",0
2026-09-27T02:39:15.954624Z,"{""command"": ""kworker/0:1H-kblockd"", ""command_line"": """", ""owner"": ""root"", ""pid"": ""42"", ""process"": ""all"", ""resource_instance_id"": ""1398563761166861218"", ""resource_project_id"": ""proyecto-2-cloud-509714"", ""resource_type"": ""gce_instance"", ""resource_zone"": ""us-central1-a"", ""vm"": ""mooc-web""}",0
2026-09-27T02:39:15.958520Z,"{""command"": ""kworker/0:2"", ""command_line"": """", ""owner"": ""root"", ""pid"": ""5760"", ""process"": ""all"", ""resource_instance_id"": ""1398563761166861218"", ""resource_project_id"": ""proyecto-2-cloud-509714"", ""resource_type"": ""gce_instance"", ""resource_zone"": ""us-central1-a"", ""vm"": ""mooc-web""}",0
2026-09-27T02:49:45.946583Z,"{""command"": ""kworker/0:2-balloon-wq"", ""command_line"": """", ""owner"": ""root"", ""pid"": ""9646"", ""process"": ""all"", ""resource_instance_id"": ""1398563761166861218"", ""resource_project_id"": ""proyecto-2-cloud-509714"", ""resource_type"": ""gce_instance"", ""resource_zone"": ""us-central1-a"", ""vm"": ""mooc-web""}",0
2026-09-27T02:49:15.941340Z,"{""command"": ""kworker/0:2-balloon-wq"", ""command_line"": """", ""owner"": ""root"", ""pid"": ""9646"", ""process"": ""all"", ""resource_instance_id"": ""1398563761166861218"", ""resource_project_id"": ""proyecto-2-cloud-509714"", ""resource_type"": ""gce_instance"", ""resource_zone"": ""us-central1-a"", ""vm"": ""mooc-web""}",0
2026-09-27T02:48:45.941941Z,"{""command"": ""kworker/0:2-balloon-wq"", ""command_line"": """", ""owner"": ""root"", ""pid"": ""9646"", ""process"": ""all"", ""resource_instance_id"": ""1398563761166861218"", ""resource_project_id"": ""proyecto-2-cloud-509714"", ""resource_type"": ""gce_instance"", ""resource_zone"": ""us-central1-a"", ""vm"": ""mooc-web""}",0
2026-09-27T02:48:15.953913Z,"{""command"": ""kworker/0:2-balloon-wq"", ""command_line"": """", ""owner"": ""root"", ""pid"": ""9646"", ""process"": ""all"", ""resource_instance_id"": ""1398563761166861218"", ""resource_project_id"": ""proyecto-2-cloud-509714"", ""resource_type"": ""gce_instance"", ""resource_zone"": ""us-central1-a"", ""vm"": ""mooc-web""}",0
2026-09-27T02:47:45.943631Z,"{""command"": ""kworker/0:2-balloon-wq"", ""command_line"": """", ""owner"": ""root"", ""pid"": ""9646"", ""process"": ""all"", ""resource_instance_id"": ""1398563761166861218"", ""resource_project_id"": ""proyecto-2-cloud-509714"", ""resource_type"": ""gce_instance"", ""resource_zone"": ""us-central1-a"", ""vm"": ""mooc-web""}",0
2026-09-27T02:47:15.941908Z,"{""command"": ""kworker/0:2-balloon-wq"", ""command_line"": """", ""owner"": ""root"", ""pid"": ""9646"", ""process"": ""all"", ""resource_instance_id"": ""1398563761166861218"", ""resource_project_id"": ""proyecto-2-cloud-509714"", ""resource_type"": ""gce_instance"", ""resource_zone"": ""us-central1-a"", ""vm"": ""mooc-web""}",0
2026-09-27T02:46:45.945472Z,"{""command"": ""kworker/0:2-balloon-wq"", ""command_line"": """", ""owner"": ""root"", ""pid"": ""9646"", ""process"": ""all"", ""resource_instance_id"": ""1398563761166861218"", ""resource_project_id"": ""proyecto-2-cloud-509714"", ""resource_type"": ""gce_instance"", ""resource_zone"": ""us-central1-a"", ""vm"": ""mooc-web""}",0
2026-09-27T02:46:15.942624Z,"{""command"": ""kworker/0:2-balloon-wq"", ""command_line"": """", ""owner"": ""root"", ""pid"": ""9646"", ""process"": ""all"", ""resource_instance_id"": ""1398563761166861218"", ""resource_project_id"": ""proyecto-2-cloud-509714"", ""resource_type"": ""gce_instance"", ""resource_zone"": ""us-central1-a"", ""vm"": ""mooc-web""}",0
2026-09-27T02:45:45.949777Z,"{""command"": ""kworker/0:2-balloon-wq"", ""command_line"": """", ""owner"": ""root"", ""pid"": ""9646"", ""process"": ""all"", ""resource_instance_id"": ""1398563761166861218"", ""resource_project_id"": ""proyecto-2-cloud-509714"", ""resource_type"": ""gce_instance"", ""resource_zone"": ""us-central1-a"", ""vm"": ""mooc-web""}",0
2026-09-27T02:45:15.946831Z,"{""command"": ""kworker/0:2-balloon-wq"", ""command_line"": """", ""owner"": ""root"", ""pid"": ""9646"", ""process"": ""all"", ""resource_instance_id"": ""1398563761166861218"", ""resource_project_id"": ""proyecto-2-cloud-509714"", ""resource_type"": ""gce_instance"", ""resource_zone"": ""us-central1-a"", ""vm"": ""mooc-web""}",0
2026-09-27T02:39:15.955917Z,"{""command"": ""kworker/0:3-inet_frag_wq"", ""command_line"": """", ""owner"": ""root"", ""pid"": ""254"", ""process"": ""all"", ""resource_instance_id"": ""1398563761166861218"", ""resource_project_id"": ""proyecto-2-cloud-509714"", ""resource_type"": ""gce_instance"", ""resource_zone"": ""us-central1-a"", ""vm"": ""mooc-web""}",0
2026-09-27T02:44:15.941842Z,"{""command"": ""kworker/1:0-events"", ""command_line"": """", ""owner"": ""root"", ""pid"": ""5654"", ""process"": ""all"", ""resource_instance_id"": ""1398563761166861218"", ""resource_project_id"": ""proyecto-2-cloud-509714"", ""resource_type"": ""gce_instance"", ""resource_zone"": ""us-central1-a"", ""vm"": ""mooc-web""}",0
2026-09-27T02:43:45.940887Z,"{""command"": ""kworker/1:0-events"", ""command_line"": """", ""owner"": ""root"", ""pid"": ""5654"", ""process"": ""all"", ""resource_instance_id"": ""1398563761166861218"", ""resource_project_id"": ""proyecto-2-cloud-509714"", ""resource_type"": ""gce_instance"", ""resource_zone"": ""us-central1-a"", ""vm"": ""mooc-web""}",0
2026-09-27T02:43:15.940807Z,"{""command"": ""kworker/1:0-events"", ""command_line"": """", ""owner"": ""root"", ""pid"": ""5654"", ""process"": ""all"", ""resource_instance_id"": ""1398563761166861218"", ""resource_project_id"": ""proyecto-2-cloud-509714"", ""resource_type"": ""gce_instance"", ""resource_zone"": ""us-central1-a"", ""vm"": ""mooc-web""}",0
2026-09-27T02:42:45.948373Z,"{""command"": ""kworker/1:0-events"", ""command_line"": """", ""owner"": ""root"", ""pid"": ""5654"", ""process"": ""all"", ""resource_instance_id"": ""1398563761166861218"", ""resource_project_id"": ""proyecto-2-cloud-509714"", ""resource_type"": ""gce_instance"", ""resource_zone"": ""us-central1-a"", ""vm"": ""mooc-web""}",0
2026-09-27T02:42:15.941853Z,"{""command"": ""kworker/1:0-events"", ""command_line"": """", ""owner"": ""root"", ""pid"": ""5654"", ""process"": ""all"", ""resource_instance_id"": ""1398563761166861218"", ""resource_project_id"": ""proyecto-2-cloud-509714"", ""resource_type"": ""gce_instance"", ""resource_zone"": ""us-central1-a"", ""vm"": ""mooc-web""}",0
2026-09-27T02:41:45.942399Z,"{""command"": ""kworker/1:0-events"", ""command_line"": """", ""owner"": ""root"", ""pid"": ""5654"", ""process"": ""all"", ""resource_instance_id"": ""1398563761166861218"", ""resource_project_id"": ""proyecto-2-cloud-509714"", ""resource_type"": ""gce_instance"", ""resource_zone"": ""us-central1-a"", ""vm"": ""mooc-web""}",0
2026-09-27T02:41:15.942320Z,"{""command"": ""kworker/1:0-events"", ""command_line"": """", ""owner"": ""root"", ""pid"": ""5654"", ""process"": ""all"", ""resource_instance_id"": ""1398563761166861218"", ""resource_project_id"": ""proyecto-2-cloud-509714"", ""resource_type"": ""gce_instance"", ""resource_zone"": ""us-central1-a"", ""vm"": ""mooc-web""}",0
2026-09-27T02:40:45.942887Z,"{""command"": ""kworker/1:0-events"", ""command_line"": """", ""owner"": ""root"", ""pid"": ""5654"", ""process"": ""all"", ""resource_instance_id"": ""1398563761166861218"", ""resource_project_id"": ""proyecto-2-cloud-509714"", ""resource_type"": ""gce_instance"", ""resource_zone"": ""us-central1-a"", ""vm"": ""mooc-web""}",0
2026-09-27T02:40:15.941118Z,"{""command"": ""kworker/1:0-events"", ""command_line"": """", ""owner"": ""root"", ""pid"": ""5654"", ""process"": ""all"", ""resource_instance_id"": ""1398563761166861218"", ""resource_project_id"": ""proyecto-2-cloud-509714"", ""resource_type"": ""gce_instance"", ""resource_zone"": ""us-central1-a"", ""vm"": ""mooc-web""}",0
2026-09-27T02:39:45.943344Z,"{""command"": ""kworker/1:0-events"", ""command_line"": """", ""owner"": ""root"", ""pid"": ""5654"", ""process"": ""all"", ""resource_instance_id"": ""1398563761166861218"", ""resource_project_id"": ""proyecto-2-cloud-509714"", ""resource_type"": ""gce_instance"", ""resource_zone"": ""us-central1-a"", ""vm"": ""mooc-web""}",0
2026-09-27T02:39:15.958259Z,"{""command"": ""kworker/1:0-events"", ""command_line"": """", ""owner"": ""root"", ""pid"": ""5654"", ""process"": ""all"", ""resource_instance_id"": ""1398563761166861218"", ""resource_project_id"": ""proyecto-2-cloud-509714"", ""resource_type"": ""gce_instance"", ""resource_zone"": ""us-central1-a"", ""vm"": ""mooc-web""}",0
2026-09-27T02:49:45.941Z,"{""command"": ""kworker/1:0H-events_highpri"", ""command_line"": """", ""owner"": ""root"", ""pid"": ""23"", ""process"": ""all"", ""resource_instance_id"": ""1398563761166861218"", ""resource_project_id"": ""proyecto-2-cloud-509714"", ""resource_type"": ""gce_instance"", ""resource_zone"": ""us-central1-a"", ""vm"": ""mooc-web""}",0
2026-09-27T02:49:15.936428Z,"{""command"": ""kworker/1:0H-events_highpri"", ""command_line"": """", ""owner"": ""root"", ""pid"": ""23"", ""process"": ""all"", ""resource_instance_id"": ""1398563761166861218"", ""resource_project_id"": ""proyecto-2-cloud-509714"", ""resource_type"": ""gce_instance"", ""resource_zone"": ""us-central1-a"", ""vm"": ""mooc-web""}",0
2026-09-27T02:48:45.936512Z,"{""command"": ""kworker/1:0H-events_highpri"", ""command_line"": """", ""owner"": ""root"", ""pid"": ""23"", ""process"": ""all"", ""resource_instance_id"": ""1398563761166861218"", ""resource_project_id"": ""proyecto-2-cloud-509714"", ""resource_type"": ""gce_instance"", ""resource_zone"": ""us-central1-a"", ""vm"": ""mooc-web""}",0
2026-09-27T02:48:15.946092Z,"{""command"": ""kworker/1:0H-events_highpri"", ""command_line"": """", ""owner"": ""root"", ""pid"": ""23"", ""process"": ""all"", ""resource_instance_id"": ""1398563761166861218"", ""resource_project_id"": ""proyecto-2-cloud-509714"", ""resource_type"": ""gce_instance"", ""resource_zone"": ""us-central1-a"", ""vm"": ""mooc-web""}",0
2026-09-27T02:47:45.936917Z,"{""command"": ""kworker/1:0H-events_highpri"", ""command_line"": """", ""owner"": ""root"", ""pid"": ""23"", ""process"": ""all"", ""resource_instance_id"": ""1398563761166861218"", ""resource_project_id"": ""proyecto-2-cloud-509714"", ""resource_type"": ""gce_instance"", ""resource_zone"": ""us-central1-a"", ""vm"": ""mooc-web""}",0
2026-09-27T02:47:15.936622Z,"{""command"": ""kworker/1:0H-events_highpri"", ""command_line"": """", ""owner"": ""root"", ""pid"": ""23"", ""process"": ""all"", ""resource_instance_id"": ""1398563761166861218"", ""resource_project_id"": ""proyecto-2-cloud-509714"", ""resource_type"": ""gce_instance"", ""resource_zone"": ""us-central1-a"", ""vm"": ""mooc-web""}",0
2026-09-27T02:46:45.939260Z,"{""command"": ""kworker/1:0H-events_highpri"", ""command_line"": """", ""owner"": ""root"", ""pid"": ""23"", ""process"": ""all"", ""resource_instance_id"": ""1398563761166861218"", ""resource_project_id"": ""proyecto-2-cloud-509714"", ""resource_type"": ""gce_instance"", ""resource_zone"": ""us-central1-a"", ""vm"": ""mooc-web""}",0
2026-09-27T02:46:15.936244Z,"{""command"": ""kworker/1:0H-events_highpri"", ""command_line"": """", ""owner"": ""root"", ""pid"": ""23"", ""process"": ""all"", ""resource_instance_id"": ""1398563761166861218"", ""resource_project_id"": ""proyecto-2-cloud-509714"", ""resource_type"": ""gce_instance"", ""resource_zone"": ""us-central1-a"", ""vm"": ""mooc-web""}",0
2026-09-27T02:45:45.942214Z,"{""command"": ""kworker/1:0H-events_highpri"", ""command_line"": """", ""owner"": ""root"", ""pid"": ""23"", ""process"": ""all"", ""resource_instance_id"": ""1398563761166861218"", ""resource_project_id"": ""proyecto-2-cloud-509714"", ""resource_type"": ""gce_instance"", ""resource_zone"": ""us-central1-a"", ""vm"": ""mooc-web""}",0
2026-09-27T02:45:15.941748Z,"{""command"": ""kworker/1:0H-events_highpri"", ""command_line"": """", ""owner"": ""root"", ""pid"": ""23"", ""process"": ""all"", ""resource_instance_id"": ""1398563761166861218"", ""resource_project_id"": ""proyecto-2-cloud-509714"", ""resource_type"": ""gce_instance"", ""resource_zone"": ""us-central1-a"", ""vm"": ""mooc-web""}",0
2026-09-27T02:44:45.937427Z,"{""command"": ""kworker/1:0H-events_highpri"", ""command_line"": """", ""owner"": ""root"", ""pid"": ""23"", ""process"": ""all"", ""resource_instance_id"": ""1398563761166861218"", ""resource_project_id"": ""proyecto-2-cloud-509714"", ""resource_type"": ""gce_instance"", ""resource_zone"": ""us-central1-a"", ""vm"": ""mooc-web""}",0
2026-09-27T02:44:15.938458Z,"{""command"": ""kworker/1:0H-events_highpri"", ""command_line"": """", ""owner"": ""root"", ""pid"": ""23"", ""process"": ""all"", ""resource_instance_id"": ""1398563761166861218"", ""resource_project_id"": ""proyecto-2-cloud-509714"", ""resource_type"": ""gce_instance"", ""resource_zone"": ""us-central1-a"", ""vm"": ""mooc-web""}",0
2026-09-27T02:43:45.936734Z,"{""command"": ""kworker/1:0H-events_highpri"", ""command_line"": """", ""owner"": ""root"", ""pid"": ""23"", ""process"": ""all"", ""resource_instance_id"": ""1398563761166861218"", ""resource_project_id"": ""proyecto-2-cloud-509714"", ""resource_type"": ""gce_instance"", ""resource_zone"": ""us-central1-a"", ""vm"": ""mooc-web""}",0
2026-09-27T02:43:15.936972Z,"{""command"": ""kworker/1:0H-events_highpri"", ""command_line"": """", ""owner"": ""root"", ""pid"": ""23"", ""process"": ""all"", ""resource_instance_id"": ""1398563761166861218"", ""resource_project_id"": ""proyecto-2-cloud-509714"", ""resource_type"": ""gce_instance"", ""resource_zone"": ""us-central1-a"", ""vm"": ""mooc-web""}",0
2026-09-27T02:42:45.944608Z,"{""command"": ""kworker/1:0H-events_highpri"", ""command_line"": """", ""owner"": ""root"", ""pid"": ""23"", ""process"": ""all"", ""resource_instance_id"": ""1398563761166861218"", ""resource_project_id"": ""proyecto-2-cloud-509714"", ""resource_type"": ""gce_instance"", ""resource_zone"": ""us-central1-a"", ""vm"": ""mooc-web""}",0
2026-09-27T02:42:15.937039Z,"{""command"": ""kworker/1:0H-events_highpri"", ""command_line"": """", ""owner"": ""root"", ""pid"": ""23"", ""process"": ""all"", ""resource_instance_id"": ""1398563761166861218"", ""resource_project_id"": ""proyecto-2-cloud-509714"", ""resource_type"": ""gce_instance"", ""resource_zone"": ""us-central1-a"", ""vm"": ""mooc-web""}",0
2026-09-27T02:41:45.938909Z,"{""command"": ""kworker/1:0H-events_highpri"", ""command_line"": """", ""owner"": ""root"", ""pid"": ""23"", ""process"": ""all"", ""resource_instance_id"": ""1398563761166861218"", ""resource_project_id"": ""proyecto-2-cloud-509714"", ""resource_type"": ""gce_instance"", ""resource_zone"": ""us-central1-a"", ""vm"": ""mooc-web""}",0
2026-09-27T02:41:15.938692Z,"{""command"": ""kworker/1:0H-events_highpri"", ""command_line"": """", ""owner"": ""root"", ""pid"": ""23"", ""process"": ""all"", ""resource_instance_id"": ""1398563761166861218"", ""resource_project_id"": ""proyecto-2-cloud-509714"", ""resource_type"": ""gce_instance"", ""resource_zone"": ""us-central1-a"", ""vm"": ""mooc-web""}",0
2026-09-27T02:40:45.939485Z,"{""command"": ""kworker/1:0H-events_highpri"", ""command_line"": """", ""owner"": ""root"", ""pid"": ""23"", ""process"": ""all"", ""resource_instance_id"": ""1398563761166861218"", ""resource_project_id"": ""proyecto-2-cloud-509714"", ""resource_type"": ""gce_instance"", ""resource_zone"": ""us-central1-a"", ""vm"": ""mooc-web""}",0
2026-09-27T02:40:15.936999Z,"{""command"": ""kworker/1:0H-events_highpri"", ""command_line"": """", ""owner"": ""root"", ""pid"": ""23"", ""process"": ""all"", ""resource_instance_id"": ""1398563761166861218"", ""resource_project_id"": ""proyecto-2-cloud-509714"", ""resource_type"": ""gce_instance"", ""resource_zone"": ""us-central1-a"", ""vm"": ""mooc-web""}",0
2026-09-27T02:39:45.938070Z,"{""command"": ""kworker/1:0H-events_highpri"", ""command_line"": """", ""owner"": ""root"", ""pid"": ""23"", ""process"": ""all"", ""resource_instance_id"": ""1398563761166861218"", ""resource_project_id"": ""proyecto-2-cloud-509714"", ""resource_type"": ""gce_instance"", ""resource_zone"": ""us-central1-a"", ""vm"": ""mooc-web""}",0
2026-09-27T02:39:15.953564Z,"{""command"": ""kworker/1:0H-events_highpri"", ""command_line"": """", ""owner"": ""root"", ""pid"": ""23"", ""process"": ""all"", ""resource_instance_id"": ""1398563761166861218"", ""resource_project_id"": ""proyecto-2-cloud-509714"", ""resource_type"": ""gce_instance"", ""resource_zone"": ""us-central1-a"", ""vm"": ""mooc-web""}",0
2026-09-27T02:49:45.941292Z,"{""command"": ""kworker/1:1-events"", ""command_line"": """", ""owner"": ""root"", ""pid"": ""29"", ""process"": ""all"", ""resource_instance_id"": ""1398563761166861218"", ""resource_project_id"": ""proyecto-2-cloud-509714"", ""resource_type"": ""gce_instance"", ""resource_zone"": ""us-central1-a"", ""vm"": ""mooc-web""}",0
2026-09-27T02:45:15.942022Z,"{""command"": ""kworker/1:1-events"", ""command_line"": """", ""owner"": ""root"", ""pid"": ""29"", ""process"": ""all"", ""resource_instance_id"": ""1398563761166861218"", ""resource_project_id"": ""proyecto-2-cloud-509714"", ""resource_type"": ""gce_instance"", ""resource_zone"": ""us-central1-a"", ""vm"": ""mooc-web""}",0
2026-09-27T02:44:45.937827Z,"{""command"": ""kworker/1:1-events"", ""command_line"": """", ""owner"": ""root"", ""pid"": ""29"", ""process"": ""all"", ""resource_instance_id"": ""1398563761166861218"", ""resource_project_id"": ""proyecto-2-cloud-509714"", ""resource_type"": ""gce_instance"", ""resource_zone"": ""us-central1-a"", ""vm"": ""mooc-web""}",0
2026-09-27T02:44:15.938656Z,"{""command"": ""kworker/1:1-events"", ""command_line"": """", ""owner"": ""root"", ""pid"": ""29"", ""process"": ""all"", ""resource_instance_id"": ""1398563761166861218"", ""resource_project_id"": ""proyecto-2-cloud-509714"", ""resource_type"": ""gce_instance"", ""resource_zone"": ""us-central1-a"", ""vm"": ""mooc-web""}",0
2026-09-27T02:43:45.936929Z,"{""command"": ""kworker/1:1-events"", ""command_line"": """", ""owner"": ""root"", ""pid"": ""29"", ""process"": ""all"", ""resource_instance_id"": ""1398563761166861218"", ""resource_project_id"": ""proyecto-2-cloud-509714"", ""resource_type"": ""gce_instance"", ""resource_zone"": ""us-central1-a"", ""vm"": ""mooc-web""}",0
2026-09-27T02:42:45.944801Z,"{""command"": ""kworker/1:1-events"", ""command_line"": """", ""owner"": ""root"", ""pid"": ""29"", ""process"": ""all"", ""resource_instance_id"": ""1398563761166861218"", ""resource_project_id"": ""proyecto-2-cloud-509714"", ""resource_type"": ""gce_instance"", ""resource_zone"": ""us-central1-a"", ""vm"": ""mooc-web""}",0
2026-09-27T02:42:15.937246Z,"{""command"": ""kworker/1:1-events"", ""command_line"": """", ""owner"": ""root"", ""pid"": ""29"", ""process"": ""all"", ""resource_instance_id"": ""1398563761166861218"", ""resource_project_id"": ""proyecto-2-cloud-509714"", ""resource_type"": ""gce_instance"", ""resource_zone"": ""us-central1-a"", ""vm"": ""mooc-web""}",0
2026-09-27T02:41:45.939157Z,"{""command"": ""kworker/1:1-events"", ""command_line"": """", ""owner"": ""root"", ""pid"": ""29"", ""process"": ""all"", ""resource_instance_id"": ""1398563761166861218"", ""resource_project_id"": ""proyecto-2-cloud-509714"", ""resource_type"": ""gce_instance"", ""resource_zone"": ""us-central1-a"", ""vm"": ""mooc-web""}",0
2026-09-27T02:41:15.938897Z,"{""command"": ""kworker/1:1-events"", ""command_line"": """", ""owner"": ""root"", ""pid"": ""29"", ""process"": ""all"", ""resource_instance_id"": ""1398563761166861218"", ""resource_project_id"": ""proyecto-2-cloud-509714"", ""resource_type"": ""gce_instance"", ""resource_zone"": ""us-central1-a"", ""vm"": ""mooc-web""}",0
2026-09-27T02:40:45.939680Z,"{""command"": ""kworker/1:1-events"", ""command_line"": """", ""owner"": ""root"", ""pid"": ""29"", ""process"": ""all"", ""resource_instance_id"": ""1398563761166861218"", ""resource_project_id"": ""proyecto-2-cloud-509714"", ""resource_type"": ""gce_instance"", ""resource_zone"": ""us-central1-a"", ""vm"": ""mooc-web""}",0
2026-09-27T02:40:15.937204Z,"{""command"": ""kworker/1:1-events"", ""command_line"": """", ""owner"": ""root"", ""pid"": ""29"", ""process"": ""all"", ""resource_instance_id"": ""1398563761166861218"", ""resource_project_id"": ""proyecto-2-cloud-509714"", ""resource_type"": ""gce_instance"", ""resource_zone"": ""us-central1-a"", ""vm"": ""mooc-web""}",0
2026-09-27T02:39:45.938382Z,"{""command"": ""kworker/1:1-events"", ""command_line"": """", ""owner"": ""root"", ""pid"": ""29"", ""process"": ""all"", ""resource_instance_id"": ""1398563761166861218"", ""resource_project_id"": ""proyecto-2-cloud-509714"", ""resource_type"": ""gce_instance"", ""resource_zone"": ""us-central1-a"", ""vm"": ""mooc-web""}",0
2026-09-27T02:39:15.953818Z,"{""command"": ""kworker/1:1-events"", ""command_line"": """", ""owner"": ""root"", ""pid"": ""29"", ""process"": ""all"", ""resource_instance_id"": ""1398563761166861218"", ""resource_project_id"": ""proyecto-2-cloud-509714"", ""resource_type"": ""gce_instance"", ""resource_zone"": ""us-central1-a"", ""vm"": ""mooc-web""}",0
2026-09-27T02:46:45.939461Z,"{""command"": ""kworker/1:1-events_power_efficient"", ""command_line"": """", ""owner"": ""root"", ""pid"": ""29"", ""process"": ""all"", ""resource_instance_id"": ""1398563761166861218"", ""resource_project_id"": ""proyecto-2-cloud-509714"", ""resource_type"": ""gce_instance"", ""resource_zone"": ""us-central1-a"", ""vm"": ""mooc-web""}",0
2026-09-27T02:43:15.937177Z,"{""command"": ""kworker/1:1-events_power_efficient"", ""command_line"": """", ""owner"": ""root"", ""pid"": ""29"", ""process"": ""all"", ""resource_instance_id"": ""1398563761166861218"", ""resource_project_id"": ""proyecto-2-cloud-509714"", ""resource_type"": ""gce_instance"", ""resource_zone"": ""us-central1-a"", ""vm"": ""mooc-web""}",0
2026-09-27T02:49:15.936627Z,"{""command"": ""kworker/1:1-mm_percpu_wq"", ""command_line"": """", ""owner"": ""root"", ""pid"": ""29"", ""process"": ""all"", ""resource_instance_id"": ""1398563761166861218"", ""resource_project_id"": ""proyecto-2-cloud-509714"", ""resource_type"": ""gce_instance"", ""resource_zone"": ""us-central1-a"", ""vm"": ""mooc-web""}",0
2026-09-27T02:48:45.936731Z,"{""command"": ""kworker/1:1-mm_percpu_wq"", ""command_line"": """", ""owner"": ""root"", ""pid"": ""29"", ""process"": ""all"", ""resource_instance_id"": ""1398563761166861218"", ""resource_project_id"": ""proyecto-2-cloud-509714"", ""resource_type"": ""gce_instance"", ""resource_zone"": ""us-central1-a"", ""vm"": ""mooc-web""}",0
2026-09-27T02:48:15.946522Z,"{""command"": ""kworker/1:1-mm_percpu_wq"", ""command_line"": """", ""owner"": ""root"", ""pid"": ""29"", ""process"": ""all"", ""resource_instance_id"": ""1398563761166861218"", ""resource_project_id"": ""proyecto-2-cloud-509714"", ""resource_type"": ""gce_instance"", ""resource_zone"": ""us-central1-a"", ""vm"": ""mooc-web""}",0
2026-09-27T02:47:45.937120Z,"{""command"": ""kworker/1:1-mm_percpu_wq"", ""command_line"": """", ""owner"": ""root"", ""pid"": ""29"", ""process"": ""all"", ""resource_instance_id"": ""1398563761166861218"", ""resource_project_id"": ""proyecto-2-cloud-509714"", ""resource_type"": ""gce_instance"", ""resource_zone"": ""us-central1-a"", ""vm"": ""mooc-web""}",0
2026-09-27T02:47:15.936817Z,"{""command"": ""kworker/1:1-mm_percpu_wq"", ""command_line"": """", ""owner"": ""root"", ""pid"": ""29"", ""process"": ""all"", ""resource_instance_id"": ""1398563761166861218"", ""resource_project_id"": ""proyecto-2-cloud-509714"", ""resource_type"": ""gce_instance"", ""resource_zone"": ""us-central1-a"", ""vm"": ""mooc-web""}",0
2026-09-27T02:46:15.936430Z,"{""command"": ""kworker/1:1-mm_percpu_wq"", ""command_line"": """", ""owner"": ""root"", ""pid"": ""29"", ""process"": ""all"", ""resource_instance_id"": ""1398563761166861218"", ""resource_project_id"": ""proyecto-2-cloud-509714"", ""resource_type"": ""gce_instance"", ""resource_zone"": ""us-central1-a"", ""vm"": ""mooc-web""}",0
2026-09-27T02:45:45.942526Z,"{""command"": ""kworker/1:1-mm_percpu_wq"", ""command_line"": """", ""owner"": ""root"", ""pid"": ""29"", ""process"": ""all"", ""resource_instance_id"": ""1398563761166861218"", ""resource_project_id"": ""proyecto-2-cloud-509714"", ""resource_type"": ""gce_instance"", ""resource_zone"": ""us-central1-a"", ""vm"": ""mooc-web""}",0
2026-09-27T02:49:45.942789Z,"{""command"": ""kworker/1:1H-kblockd"", ""command_line"": """", ""owner"": ""root"", ""pid"": ""60"", ""process"": ""all"", ""resource_instance_id"": ""1398563761166861218"", ""resource_project_id"": ""proyecto-2-cloud-509714"", ""resource_type"": ""gce_instance"", ""resource_zone"": ""us-central1-a"", ""vm"": ""mooc-web""}",0
2026-09-27T02:49:15.937721Z,"{""command"": ""kworker/1:1H-kblockd"", ""command_line"": """", ""owner"": ""root"", ""pid"": ""60"", ""process"": ""all"", ""resource_instance_id"": ""1398563761166861218"", ""resource_project_id"": ""proyecto-2-cloud-509714"", ""resource_type"": ""gce_instance"", ""resource_zone"": ""us-central1-a"", ""vm"": ""mooc-web""}",0
2026-09-27T02:48:45.938168Z,"{""command"": ""kworker/1:1H-kblockd"", ""command_line"": """", ""owner"": ""root"", ""pid"": ""60"", ""process"": ""all"", ""resource_instance_id"": ""1398563761166861218"", ""resource_project_id"": ""proyecto-2-cloud-509714"", ""resource_type"": ""gce_instance"", ""resource_zone"": ""us-central1-a"", ""vm"": ""mooc-web""}",0
2026-09-27T02:48:15.949794Z,"{""command"": ""kworker/1:1H-kblockd"", ""command_line"": """", ""owner"": ""root"", ""pid"": ""60"", ""process"": ""all"", ""resource_instance_id"": ""1398563761166861218"", ""resource_project_id"": ""proyecto-2-cloud-509714"", ""resource_type"": ""gce_instance"", ""resource_zone"": ""us-central1-a"", ""vm"": ""mooc-web""}",0
2026-09-27T02:47:45.938645Z,"{""command"": ""kworker/1:1H-kblockd"", ""command_line"": """", ""owner"": ""root"", ""pid"": ""60"", ""process"": ""all"", ""resource_instance_id"": ""1398563761166861218"", ""resource_project_id"": ""proyecto-2-cloud-509714"", ""resource_type"": ""gce_instance"", ""resource_zone"": ""us-central1-a"", ""vm"": ""mooc-web""}",0
2026-09-27T02:47:15.937817Z,"{""command"": ""kworker/1:1H-kblockd"", ""command_line"": """", ""owner"": ""root"", ""pid"": ""60"", ""process"": ""all"", ""resource_instance_id"": ""1398563761166861218"", ""resource_project_id"": ""proyecto-2-cloud-509714"", ""resource_type"": ""gce_instance"", ""resource_zone"": ""us-central1-a"", ""vm"": ""mooc-web""}",0
2026-09-27T02:46:45.940552Z,"{""command"": ""kworker/1:1H-kblockd"", ""command_line"": """", ""owner"": ""root"", ""pid"": ""60"", ""process"": ""all"", ""resource_instance_id"": ""1398563761166861218"", ""resource_project_id"": ""proyecto-2-cloud-509714"", ""resource_type"": ""gce_instance"", ""resource_zone"": ""us-central1-a"", ""vm"": ""mooc-web""}",0
2026-09-27T02:46:15.937485Z,"{""command"": ""kworker/1:1H-kblockd"", ""command_line"": """", ""owner"": ""root"", ""pid"": ""60"", ""process"": ""all"", ""resource_instance_id"": ""1398563761166861218"", ""resource_project_id"": ""proyecto-2-cloud-509714"", ""resource_type"": ""gce_instance"", ""resource_zone"": ""us-central1-a"", ""vm"": ""mooc-web""}",0
2026-09-27T02:45:45.944494Z,"{""command"": ""kworker/1:1H-kblockd"", ""command_line"": """", ""owner"": ""root"", ""pid"": ""60"", ""process"": ""all"", ""resource_instance_id"": ""1398563761166861218"", ""resource_project_id"": ""proyecto-2-cloud-509714"", ""resource_type"": ""gce_instance"", ""resource_zone"": ""us-central1-a"", ""vm"": ""mooc-web""}",0
2026-09-27T02:45:15.943165Z,"{""command"": ""kworker/1:1H-kblockd"", ""command_line"": """", ""owner"": ""root"", ""pid"": ""60"", ""process"": ""all"", ""resource_instance_id"": ""1398563761166861218"", ""resource_project_id"": ""proyecto-2-cloud-509714"", ""resource_type"": ""gce_instance"", ""resource_zone"": ""us-central1-a"", ""vm"": ""mooc-web""}",0
2026-09-27T02:44:45.939677Z,"{""command"": ""kworker/1:1H-kblockd"", ""command_line"": """", ""owner"": ""root"", ""pid"": ""60"", ""process"": ""all"", ""resource_instance_id"": ""1398563761166861218"", ""resource_project_id"": ""proyecto-2-cloud-509714"", ""resource_type"": ""gce_instance"", ""resource_zone"": ""us-central1-a"", ""vm"": ""mooc-web""}",0
2026-09-27T02:44:15.939714Z,"{""command"": ""kworker/1:1H-kblockd"", ""command_line"": """", ""owner"": ""root"", ""pid"": ""60"", ""process"": ""all"", ""resource_instance_id"": ""1398563761166861218"", ""resource_project_id"": ""proyecto-2-cloud-509714"", ""resource_type"": ""gce_instance"", ""resource_zone"": ""us-central1-a"", ""vm"": ""mooc-web""}",0
2026-09-27T02:43:45.938005Z,"{""command"": ""kworker/1:1H-kblockd"", ""command_line"": """", ""owner"": ""root"", ""pid"": ""60"", ""process"": ""all"", ""resource_instance_id"": ""1398563761166861218"", ""resource_project_id"": ""proyecto-2-cloud-509714"", ""resource_type"": ""gce_instance"", ""resource_zone"": ""us-central1-a"", ""vm"": ""mooc-web""}",0
2026-09-27T02:43:15.938244Z,"{""command"": ""kworker/1:1H-kblockd"", ""command_line"": """", ""owner"": ""root"", ""pid"": ""60"", ""process"": ""all"", ""resource_instance_id"": ""1398563761166861218"", ""resource_project_id"": ""proyecto-2-cloud-509714"", ""resource_type"": ""gce_instance"", ""resource_zone"": ""us-central1-a"", ""vm"": ""mooc-web""}",0
2026-09-27T02:42:45.945843Z,"{""command"": ""kworker/1:1H-kblockd"", ""command_line"": """", ""owner"": ""root"", ""pid"": ""60"", ""process"": ""all"", ""resource_instance_id"": ""1398563761166861218"", ""resource_project_id"": ""proyecto-2-cloud-509714"", ""resource_type"": ""gce_instance"", ""resource_zone"": ""us-central1-a"", ""vm"": ""mooc-web""}",0
2026-09-27T02:42:15.938670Z,"{""command"": ""kworker/1:1H-kblockd"", ""command_line"": """", ""owner"": ""root"", ""pid"": ""60"", ""process"": ""all"", ""resource_instance_id"": ""1398563761166861218"", ""resource_project_id"": ""proyecto-2-cloud-509714"", ""resource_type"": ""gce_instance"", ""resource_zone"": ""us-central1-a"", ""vm"": ""mooc-web""}",0
2026-09-27T02:41:45.940244Z,"{""command"": ""kworker/1:1H-kblockd"", ""command_line"": """", ""owner"": ""root"", ""pid"": ""60"", ""process"": ""all"", ""resource_instance_id"": ""1398563761166861218"", ""resource_project_id"": ""proyecto-2-cloud-509714"", ""resource_type"": ""gce_instance"", ""resource_zone"": ""us-central1-a"", ""vm"": ""mooc-web""}",0
2026-09-27T02:41:15.940053Z,"{""command"": ""kworker/1:1H-kblockd"", ""command_line"": """", ""owner"": ""root"", ""pid"": ""60"", ""process"": ""all"", ""resource_instance_id"": ""1398563761166861218"", ""resource_project_id"": ""proyecto-2-cloud-509714"", ""resource_type"": ""gce_instance"", ""resource_zone"": ""us-central1-a"", ""vm"": ""mooc-web""}",0
2026-09-27T02:40:45.940720Z,"{""command"": ""kworker/1:1H-kblockd"", ""command_line"": """", ""owner"": ""root"", ""pid"": ""60"", ""process"": ""all"", ""resource_instance_id"": ""1398563761166861218"", ""resource_project_id"": ""proyecto-2-cloud-509714"", ""resource_type"": ""gce_instance"", ""resource_zone"": ""us-central1-a"", ""vm"": ""mooc-web""}",0
2026-09-27T02:40:15.938654Z,"{""command"": ""kworker/1:1H-kblockd"", ""command_line"": """", ""owner"": ""root"", ""pid"": ""60"", ""process"": ""all"", ""resource_instance_id"": ""1398563761166861218"", ""resource_project_id"": ""proyecto-2-cloud-509714"", ""resource_type"": ""gce_instance"", ""resource_zone"": ""us-central1-a"", ""vm"": ""mooc-web""}",0
2026-09-27T02:39:45.939948Z,"{""command"": ""kworker/1:1H-kblockd"", ""command_line"": """", ""owner"": ""root"", ""pid"": ""60"", ""process"": ""all"", ""resource_instance_id"": ""1398563761166861218"", ""resource_project_id"": ""proyecto-2-cloud-509714"", ""resource_type"": ""gce_instance"", ""resource_zone"": ""us-central1-a"", ""vm"": ""mooc-web""}",0
2026-09-27T02:39:15.955181Z,"{""command"": ""kworker/1:1H-kblockd"", ""command_line"": """", ""owner"": ""root"", ""pid"": ""60"", ""process"": ""all"", ""resource_instance_id"": ""1398563761166861218"", ""resource_project_id"": ""proyecto-2-cloud-509714"", ""resource_type"": ""gce_instance"", ""resource_zone"": ""us-central1-a"", ""vm"": ""mooc-web""}",0
2026-09-27T02:49:45.946284Z,"{""command"": ""kworker/1:2-cgroup_free"", ""command_line"": """", ""owner"": ""root"", ""pid"": ""8887"", ""process"": ""all"", ""resource_instance_id"": ""1398563761166861218"", ""resource_project_id"": ""proyecto-2-cloud-509714"", ""resource_type"": ""gce_instance"", ""resource_zone"": ""us-central1-a"", ""vm"": ""mooc-web""}",0
2026-09-27T02:49:15.941070Z,"{""command"": ""kworker/1:2-cgroup_free"", ""command_line"": """", ""owner"": ""root"", ""pid"": ""8887"", ""process"": ""all"", ""resource_instance_id"": ""1398563761166861218"", ""resource_project_id"": ""proyecto-2-cloud-509714"", ""resource_type"": ""gce_instance"", ""resource_zone"": ""us-central1-a"", ""vm"": ""mooc-web""}",0
2026-09-27T02:48:45.941652Z,"{""command"": ""kworker/1:2-cgroup_free"", ""command_line"": """", ""owner"": ""root"", ""pid"": ""8887"", ""process"": ""all"", ""resource_instance_id"": ""1398563761166861218"", ""resource_project_id"": ""proyecto-2-cloud-509714"", ""resource_type"": ""gce_instance"", ""resource_zone"": ""us-central1-a"", ""vm"": ""mooc-web""}",0
2026-09-27T02:48:15.953637Z,"{""command"": ""kworker/1:2-cgroup_free"", ""command_line"": """", ""owner"": ""root"", ""pid"": ""8887"", ""process"": ""all"", ""resource_instance_id"": ""1398563761166861218"", ""resource_project_id"": ""proyecto-2-cloud-509714"", ""resource_type"": ""gce_instance"", ""resource_zone"": ""us-central1-a"", ""vm"": ""mooc-web""}",0
2026-09-27T02:47:45.943310Z,"{""command"": ""kworker/1:2-cgroup_free"", ""command_line"": """", ""owner"": ""root"", ""pid"": ""8887"", ""process"": ""all"", ""resource_instance_id"": ""1398563761166861218"", ""resource_project_id"": ""proyecto-2-cloud-509714"", ""resource_type"": ""gce_instance"", ""resource_zone"": ""us-central1-a"", ""vm"": ""mooc-web""}",0
2026-09-27T02:47:15.941494Z,"{""command"": ""kworker/1:2-cgroup_free"", ""command_line"": """", ""owner"": ""root"", ""pid"": ""8887"", ""process"": ""all"", ""resource_instance_id"": ""1398563761166861218"", ""resource_project_id"": ""proyecto-2-cloud-509714"", ""resource_type"": ""gce_instance"", ""resource_zone"": ""us-central1-a"", ""vm"": ""mooc-web""}",0
2026-09-27T02:46:45.944983Z,"{""command"": ""kworker/1:2-cgroup_free"", ""command_line"": """", ""owner"": ""root"", ""pid"": ""8887"", ""process"": ""all"", ""resource_instance_id"": ""1398563761166861218"", ""resource_project_id"": ""proyecto-2-cloud-509714"", ""resource_type"": ""gce_instance"", ""resource_zone"": ""us-central1-a"", ""vm"": ""mooc-web""}",0
2026-09-27T02:46:15.942213Z,"{""command"": ""kworker/1:2-cgroup_free"", ""command_line"": """", ""owner"": ""root"", ""pid"": ""8887"", ""process"": ""all"", ""resource_instance_id"": ""1398563761166861218"", ""resource_project_id"": ""proyecto-2-cloud-509714"", ""resource_type"": ""gce_instance"", ""resource_zone"": ""us-central1-a"", ""vm"": ""mooc-web""}",0
2026-09-27T02:45:45.949401Z,"{""command"": ""kworker/1:2-cgroup_free"", ""command_line"": """", ""owner"": ""root"", ""pid"": ""8887"", ""process"": ""all"", ""resource_instance_id"": ""1398563761166861218"", ""resource_project_id"": ""proyecto-2-cloud-509714"", ""resource_type"": ""gce_instance"", ""resource_zone"": ""us-central1-a"", ""vm"": ""mooc-web""}",0
2026-09-27T02:45:15.946532Z,"{""command"": ""kworker/1:2-cgroup_free"", ""command_line"": """", ""owner"": ""root"", ""pid"": ""8887"", ""process"": ""all"", ""resource_instance_id"": ""1398563761166861218"", ""resource_project_id"": ""proyecto-2-cloud-509714"", ""resource_type"": ""gce_instance"", ""resource_zone"": ""us-central1-a"", ""vm"": ""mooc-web""}",0
2026-09-27T02:44:45.944364Z,"{""command"": ""kworker/1:2-cgroup_free"", ""command_line"": """", ""owner"": ""root"", ""pid"": ""8887"", ""process"": ""all"", ""resource_instance_id"": ""1398563761166861218"", ""resource_project_id"": ""proyecto-2-cloud-509714"", ""resource_type"": ""gce_instance"", ""resource_zone"": ""us-central1-a"", ""vm"": ""mooc-web""}",0
2026-09-27T02:44:15.942771Z,"{""command"": ""kworker/1:2-cgroup_free"", ""command_line"": """", ""owner"": ""root"", ""pid"": ""8887"", ""process"": ""all"", ""resource_instance_id"": ""1398563761166861218"", ""resource_project_id"": ""proyecto-2-cloud-509714"", ""resource_type"": ""gce_instance"", ""resource_zone"": ""us-central1-a"", ""vm"": ""mooc-web""}",0
2026-09-27T02:43:45.942426Z,"{""command"": ""kworker/1:2-cgroup_free"", ""command_line"": """", ""owner"": ""root"", ""pid"": ""8887"", ""process"": ""all"", ""resource_instance_id"": ""1398563761166861218"", ""resource_project_id"": ""proyecto-2-cloud-509714"", ""resource_type"": ""gce_instance"", ""resource_zone"": ""us-central1-a"", ""vm"": ""mooc-web""}",0
2026-09-27T02:43:15.941860Z,"{""command"": ""kworker/1:2-cgroup_free"", ""command_line"": """", ""owner"": ""root"", ""pid"": ""8887"", ""process"": ""all"", ""resource_instance_id"": ""1398563761166861218"", ""resource_project_id"": ""proyecto-2-cloud-509714"", ""resource_type"": ""gce_instance"", ""resource_zone"": ""us-central1-a"", ""vm"": ""mooc-web""}",0
2026-09-27T02:42:45.949505Z,"{""command"": ""kworker/1:2-cgroup_free"", ""command_line"": """", ""owner"": ""root"", ""pid"": ""8887"", ""process"": ""all"", ""resource_instance_id"": ""1398563761166861218"", ""resource_project_id"": ""proyecto-2-cloud-509714"", ""resource_type"": ""gce_instance"", ""resource_zone"": ""us-central1-a"", ""vm"": ""mooc-web""}",0
2026-09-27T02:42:15.943501Z,"{""command"": ""kworker/1:2-cgroup_free"", ""command_line"": """", ""owner"": ""root"", ""pid"": ""8887"", ""process"": ""all"", ""resource_instance_id"": ""1398563761166861218"", ""resource_project_id"": ""proyecto-2-cloud-509714"", ""resource_type"": ""gce_instance"", ""resource_zone"": ""us-central1-a"", ""vm"": ""mooc-web""}",0
2026-09-27T02:41:45.943502Z,"{""command"": ""kworker/1:2-cgroup_free"", ""command_line"": """", ""owner"": ""root"", ""pid"": ""8887"", ""process"": ""all"", ""resource_instance_id"": ""1398563761166861218"", ""resource_project_id"": ""proyecto-2-cloud-509714"", ""resource_type"": ""gce_instance"", ""resource_zone"": ""us-central1-a"", ""vm"": ""mooc-web""}",0
2026-09-27T02:41:15.943506Z,"{""command"": ""kworker/1:2-cgroup_free"", ""command_line"": """", ""owner"": ""root"", ""pid"": ""8887"", ""process"": ""all"", ""resource_instance_id"": ""1398563761166861218"", ""resource_project_id"": ""proyecto-2-cloud-509714"", ""resource_type"": ""gce_instance"", ""resource_zone"": ""us-central1-a"", ""vm"": ""mooc-web""}",0
2026-09-27T02:40:45.944083Z,"{""command"": ""kworker/1:2-cgroup_free"", ""command_line"": """", ""owner"": ""root"", ""pid"": ""8887"", ""process"": ""all"", ""resource_instance_id"": ""1398563761166861218"", ""resource_project_id"": ""proyecto-2-cloud-509714"", ""resource_type"": ""gce_instance"", ""resource_zone"": ""us-central1-a"", ""vm"": ""mooc-web""}",0
2026-09-27T02:40:15.942180Z,"{""command"": ""kworker/1:2-cgroup_free"", ""command_line"": """", ""owner"": ""root"", ""pid"": ""8887"", ""process"": ""all"", ""resource_instance_id"": ""1398563761166861218"", ""resource_project_id"": ""proyecto-2-cloud-509714"", ""resource_type"": ""gce_instance"", ""resource_zone"": ""us-central1-a"", ""vm"": ""mooc-web""}",0
2026-09-27T02:39:45.944714Z,"{""command"": ""kworker/1:2-cgroup_free"", ""command_line"": """", ""owner"": ""root"", ""pid"": ""8887"", ""process"": ""all"", ""resource_instance_id"": ""1398563761166861218"", ""resource_project_id"": ""proyecto-2-cloud-509714"", ""resource_type"": ""gce_instance"", ""resource_zone"": ""us-central1-a"", ""vm"": ""mooc-web""}",0
2026-09-27T02:39:15.960007Z,"{""command"": ""kworker/1:2-events_power_efficient"", ""command_line"": """", ""owner"": ""root"", ""pid"": ""8887"", ""process"": ""all"", ""resource_instance_id"": ""1398563761166861218"", ""resource_project_id"": ""proyecto-2-cloud-509714"", ""resource_type"": ""gce_instance"", ""resource_zone"": ""us-central1-a"", ""vm"": ""mooc-web""}",0
2026-09-27T02:49:45.946518Z,"{""command"": ""kworker/u4:0-events_unbound"", ""command_line"": """", ""owner"": ""root"", ""pid"": ""9571"", ""process"": ""all"", ""resource_instance_id"": ""1398563761166861218"", ""resource_project_id"": ""proyecto-2-cloud-509714"", ""resource_type"": ""gce_instance"", ""resource_zone"": ""us-central1-a"", ""vm"": ""mooc-web""}",0
2026-09-27T02:49:15.941290Z,"{""command"": ""kworker/u4:0-events_unbound"", ""command_line"": """", ""owner"": ""root"", ""pid"": ""9571"", ""process"": ""all"", ""resource_instance_id"": ""1398563761166861218"", ""resource_project_id"": ""proyecto-2-cloud-509714"", ""resource_type"": ""gce_instance"", ""resource_zone"": ""us-central1-a"", ""vm"": ""mooc-web""}",0
2026-09-27T02:46:45.945388Z,"{""command"": ""kworker/u4:0-events_unbound"", ""command_line"": """", ""owner"": ""root"", ""pid"": ""9571"", ""process"": ""all"", ""resource_instance_id"": ""1398563761166861218"", ""resource_project_id"": ""proyecto-2-cloud-509714"", ""resource_type"": ""gce_instance"", ""resource_zone"": ""us-central1-a"", ""vm"": ""mooc-web""}",0
2026-09-27T02:46:15.942535Z,"{""command"": ""kworker/u4:0-events_unbound"", ""command_line"": """", ""owner"": ""root"", ""pid"": ""9571"", ""process"": ""all"", ""resource_instance_id"": ""1398563761166861218"", ""resource_project_id"": ""proyecto-2-cloud-509714"", ""resource_type"": ""gce_instance"", ""resource_zone"": ""us-central1-a"", ""vm"": ""mooc-web""}",0
2026-09-27T02:45:45.949687Z,"{""command"": ""kworker/u4:0-events_unbound"", ""command_line"": """", ""owner"": ""root"", ""pid"": ""9571"", ""process"": ""all"", ""resource_instance_id"": ""1398563761166861218"", ""resource_project_id"": ""proyecto-2-cloud-509714"", ""resource_type"": ""gce_instance"", ""resource_zone"": ""us-central1-a"", ""vm"": ""mooc-web""}",0
2026-09-27T02:45:15.946779Z,"{""command"": ""kworker/u4:0-events_unbound"", ""command_line"": """", ""owner"": ""root"", ""pid"": ""9571"", ""process"": ""all"", ""resource_instance_id"": ""1398563761166861218"", ""resource_project_id"": ""proyecto-2-cloud-509714"", ""resource_type"": ""gce_instance"", ""resource_zone"": ""us-central1-a"", ""vm"": ""mooc-web""}",0
2026-09-27T02:42:45.943960Z,"{""command"": ""kworker/u4:0-flush-8:0"", ""command_line"": """", ""owner"": ""root"", ""pid"": ""9"", ""process"": ""all"", ""resource_instance_id"": ""1398563761166861218"", ""resource_project_id"": ""proyecto-2-cloud-509714"", ""resource_type"": ""gce_instance"", ""resource_zone"": ""us-central1-a"", ""vm"": ""mooc-web""}",0
2026-09-27T02:42:15.936374Z,"{""command"": ""kworker/u4:0-flush-8:0"", ""command_line"": """", ""owner"": ""root"", ""pid"": ""9"", ""process"": ""all"", ""resource_instance_id"": ""1398563761166861218"", ""resource_project_id"": ""proyecto-2-cloud-509714"", ""resource_type"": ""gce_instance"", ""resource_zone"": ""us-central1-a"", ""vm"": ""mooc-web""}",0
2026-09-27T02:41:45.938232Z,"{""command"": ""kworker/u4:0-flush-8:0"", ""command_line"": """", ""owner"": ""root"", ""pid"": ""9"", ""process"": ""all"", ""resource_instance_id"": ""1398563761166861218"", ""resource_project_id"": ""proyecto-2-cloud-509714"", ""resource_type"": ""gce_instance"", ""resource_zone"": ""us-central1-a"", ""vm"": ""mooc-web""}",0
2026-09-27T02:41:15.938061Z,"{""command"": ""kworker/u4:0-flush-8:0"", ""command_line"": """", ""owner"": ""root"", ""pid"": ""9"", ""process"": ""all"", ""resource_instance_id"": ""1398563761166861218"", ""resource_project_id"": ""proyecto-2-cloud-509714"", ""resource_type"": ""gce_instance"", ""resource_zone"": ""us-central1-a"", ""vm"": ""mooc-web""}",0
2026-09-27T02:40:45.938767Z,"{""command"": ""kworker/u4:0-flush-8:0"", ""command_line"": """", ""owner"": ""root"", ""pid"": ""9"", ""process"": ""all"", ""resource_instance_id"": ""1398563761166861218"", ""resource_project_id"": ""proyecto-2-cloud-509714"", ""resource_type"": ""gce_instance"", ""resource_zone"": ""us-central1-a"", ""vm"": ""mooc-web""}",0
2026-09-27T02:40:15.936383Z,"{""command"": ""kworker/u4:0-flush-8:0"", ""command_line"": """", ""owner"": ""root"", ""pid"": ""9"", ""process"": ""all"", ""resource_instance_id"": ""1398563761166861218"", ""resource_project_id"": ""proyecto-2-cloud-509714"", ""resource_type"": ""gce_instance"", ""resource_zone"": ""us-central1-a"", ""vm"": ""mooc-web""}",0
2026-09-27T02:39:45.937237Z,"{""command"": ""kworker/u4:0-flush-8:0"", ""command_line"": """", ""owner"": ""root"", ""pid"": ""9"", ""process"": ""all"", ""resource_instance_id"": ""1398563761166861218"", ""resource_project_id"": ""proyecto-2-cloud-509714"", ""resource_type"": ""gce_instance"", ""resource_zone"": ""us-central1-a"", ""vm"": ""mooc-web""}",0
2026-09-27T02:39:15.952684Z,"{""command"": ""kworker/u4:0-flush-8:0"", ""command_line"": """", ""owner"": ""root"", ""pid"": ""9"", ""process"": ""all"", ""resource_instance_id"": ""1398563761166861218"", ""resource_project_id"": ""proyecto-2-cloud-509714"", ""resource_type"": ""gce_instance"", ""resource_zone"": ""us-central1-a"", ""vm"": ""mooc-web""}",0
2026-09-27T02:48:15.953863Z,"{""command"": ""kworker/u4:0-flush-8:0"", ""command_line"": """", ""owner"": ""root"", ""pid"": ""9571"", ""process"": ""all"", ""resource_instance_id"": ""1398563761166861218"", ""resource_project_id"": ""proyecto-2-cloud-509714"", ""resource_type"": ""gce_instance"", ""resource_zone"": ""us-central1-a"", ""vm"": ""mooc-web""}",0
2026-09-27T02:47:15.941831Z,"{""command"": ""kworker/u4:0-flush-8:0"", ""command_line"": """", ""owner"": ""root"", ""pid"": ""9571"", ""process"": ""all"", ""resource_instance_id"": ""1398563761166861218"", ""resource_project_id"": ""proyecto-2-cloud-509714"", ""resource_type"": ""gce_instance"", ""resource_zone"": ""us-central1-a"", ""vm"": ""mooc-web""}",0
2026-09-27T02:44:45.944610Z,"{""command"": ""kworker/u4:0-flush-8:0"", ""command_line"": """", ""owner"": ""root"", ""pid"": ""9571"", ""process"": ""all"", ""resource_instance_id"": ""1398563761166861218"", ""resource_project_id"": ""proyecto-2-cloud-509714"", ""resource_type"": ""gce_instance"", ""resource_zone"": ""us-central1-a"", ""vm"": ""mooc-web""}",0
2026-09-27T02:48:45.941876Z,"{""command"": ""kworker/u4:0-writeback"", ""command_line"": """", ""owner"": ""root"", ""pid"": ""9571"", ""process"": ""all"", ""resource_instance_id"": ""1398563761166861218"", ""resource_project_id"": ""proyecto-2-cloud-509714"", ""resource_type"": ""gce_instance"", ""resource_zone"": ""us-central1-a"", ""vm"": ""mooc-web""}",0
2026-09-27T02:47:45.943570Z,"{""command"": ""kworker/u4:0-writeback"", ""command_line"": """", ""owner"": ""root"", ""pid"": ""9571"", ""process"": ""all"", ""resource_instance_id"": ""1398563761166861218"", ""resource_project_id"": ""proyecto-2-cloud-509714"", ""resource_type"": ""gce_instance"", ""resource_zone"": ""us-central1-a"", ""vm"": ""mooc-web""}",0
2026-09-27T02:43:15.940708Z,"{""command"": ""kworker/u4:1-flush-8:0"", ""command_line"": """", ""owner"": ""root"", ""pid"": ""5588"", ""process"": ""all"", ""resource_instance_id"": ""1398563761166861218"", ""resource_project_id"": ""proyecto-2-cloud-509714"", ""resource_type"": ""gce_instance"", ""resource_zone"": ""us-central1-a"", ""vm"": ""mooc-web""}",0
2026-09-27T02:42:45.948273Z,"{""command"": ""kworker/u4:1-flush-8:0"", ""command_line"": """", ""owner"": ""root"", ""pid"": ""5588"", ""process"": ""all"", ""resource_instance_id"": ""1398563761166861218"", ""resource_project_id"": ""proyecto-2-cloud-509714"", ""resource_type"": ""gce_instance"", ""resource_zone"": ""us-central1-a"", ""vm"": ""mooc-web""}",0
2026-09-27T02:42:15.941684Z,"{""command"": ""kworker/u4:1-flush-8:0"", ""command_line"": """", ""owner"": ""root"", ""pid"": ""5588"", ""process"": ""all"", ""resource_instance_id"": ""1398563761166861218"", ""resource_project_id"": ""proyecto-2-cloud-509714"", ""resource_type"": ""gce_instance"", ""resource_zone"": ""us-central1-a"", ""vm"": ""mooc-web""}",0
2026-09-27T02:41:45.942299Z,"{""command"": ""kworker/u4:1-flush-8:0"", ""command_line"": """", ""owner"": ""root"", ""pid"": ""5588"", ""process"": ""all"", ""resource_instance_id"": ""1398563761166861218"", ""resource_project_id"": ""proyecto-2-cloud-509714"", ""resource_type"": ""gce_instance"", ""resource_zone"": ""us-central1-a"", ""vm"": ""mooc-web""}",0
2026-09-27T02:41:15.942221Z,"{""command"": ""kworker/u4:1-flush-8:0"", ""command_line"": """", ""owner"": ""root"", ""pid"": ""5588"", ""process"": ""all"", ""resource_instance_id"": ""1398563761166861218"", ""resource_project_id"": ""proyecto-2-cloud-509714"", ""resource_type"": ""gce_instance"", ""resource_zone"": ""us-central1-a"", ""vm"": ""mooc-web""}",0
2026-09-27T02:40:45.942789Z,"{""command"": ""kworker/u4:1-flush-8:0"", ""command_line"": """", ""owner"": ""root"", ""pid"": ""5588"", ""process"": ""all"", ""resource_instance_id"": ""1398563761166861218"", ""resource_project_id"": ""proyecto-2-cloud-509714"", ""resource_type"": ""gce_instance"", ""resource_zone"": ""us-central1-a"", ""vm"": ""mooc-web""}",0
2026-09-27T02:40:15.941017Z,"{""command"": ""kworker/u4:1-flush-8:0"", ""command_line"": """", ""owner"": ""root"", ""pid"": ""5588"", ""process"": ""all"", ""resource_instance_id"": ""1398563761166861218"", ""resource_project_id"": ""proyecto-2-cloud-509714"", ""resource_type"": ""gce_instance"", ""resource_zone"": ""us-central1-a"", ""vm"": ""mooc-web""}",0
2026-09-27T02:39:45.943225Z,"{""command"": ""kworker/u4:1-flush-8:0"", ""command_line"": """", ""owner"": ""root"", ""pid"": ""5588"", ""process"": ""all"", ""resource_instance_id"": ""1398563761166861218"", ""resource_project_id"": ""proyecto-2-cloud-509714"", ""resource_type"": ""gce_instance"", ""resource_zone"": ""us-central1-a"", ""vm"": ""mooc-web""}",0
2026-09-27T02:39:15.958105Z,"{""command"": ""kworker/u4:1-flush-8:0"", ""command_line"": """", ""owner"": ""root"", ""pid"": ""5588"", ""process"": ""all"", ""resource_instance_id"": ""1398563761166861218"", ""resource_project_id"": ""proyecto-2-cloud-509714"", ""resource_type"": ""gce_instance"", ""resource_zone"": ""us-central1-a"", ""vm"": ""mooc-web""}",0
2026-09-27T02:43:45.940806Z,"{""command"": ""kworker/u4:2-events_unbound"", ""command_line"": """", ""owner"": ""root"", ""pid"": ""5652"", ""process"": ""all"", ""resource_instance_id"": ""1398563761166861218"", ""resource_project_id"": ""proyecto-2-cloud-509714"", ""resource_type"": ""gce_instance"", ""resource_zone"": ""us-central1-a"", ""vm"": ""mooc-web""}",0
2026-09-27T02:43:15.940758Z,"{""command"": ""kworker/u4:2-events_unbound"", ""command_line"": """", ""owner"": ""root"", ""pid"": ""5652"", ""process"": ""all"", ""resource_instance_id"": ""1398563761166861218"", ""resource_project_id"": ""proyecto-2-cloud-509714"", ""resource_type"": ""gce_instance"", ""resource_zone"": ""us-central1-a"", ""vm"": ""mooc-web""}",0
2026-09-27T02:41:45.942349Z,"{""command"": ""kworker/u4:2-events_unbound"", ""command_line"": """", ""owner"": ""root"", ""pid"": ""5652"", ""process"": ""all"", ""resource_instance_id"": ""1398563761166861218"", ""resource_project_id"": ""proyecto-2-cloud-509714"", ""resource_type"": ""gce_instance"", ""resource_zone"": ""us-central1-a"", ""vm"": ""mooc-web""}",0
2026-09-27T02:39:45.943281Z,"{""command"": ""kworker/u4:2-ext4-rsv-conversion"", ""command_line"": """", ""owner"": ""root"", ""pid"": ""5652"", ""process"": ""all"", ""resource_instance_id"": ""1398563761166861218"", ""resource_project_id"": ""proyecto-2-cloud-509714"", ""resource_type"": ""gce_instance"", ""resource_zone"": ""us-central1-a"", ""vm"": ""mooc-web""}",0
2026-09-27T02:49:15.940033Z,"{""command"": ""kworker/u4:2-flush-8:0"", ""command_line"": """", ""owner"": ""root"", ""pid"": ""5652"", ""process"": ""all"", ""resource_instance_id"": ""1398563761166861218"", ""resource_project_id"": ""proyecto-2-cloud-509714"", ""resource_type"": ""gce_instance"", ""resource_zone"": ""us-central1-a"", ""vm"": ""mooc-web""}",0
2026-09-27T02:48:45.940648Z,"{""command"": ""kworker/u4:2-flush-8:0"", ""command_line"": """", ""owner"": ""root"", ""pid"": ""5652"", ""process"": ""all"", ""resource_instance_id"": ""1398563761166861218"", ""resource_project_id"": ""proyecto-2-cloud-509714"", ""resource_type"": ""gce_instance"", ""resource_zone"": ""us-central1-a"", ""vm"": ""mooc-web""}",0
2026-09-27T02:48:15.952571Z,"{""command"": ""kworker/u4:2-flush-8:0"", ""command_line"": """", ""owner"": ""root"", ""pid"": ""5652"", ""process"": ""all"", ""resource_instance_id"": ""1398563761166861218"", ""resource_project_id"": ""proyecto-2-cloud-509714"", ""resource_type"": ""gce_instance"", ""resource_zone"": ""us-central1-a"", ""vm"": ""mooc-web""}",0
2026-09-27T02:47:45.941893Z,"{""command"": ""kworker/u4:2-flush-8:0"", ""command_line"": """", ""owner"": ""root"", ""pid"": ""5652"", ""process"": ""all"", ""resource_instance_id"": ""1398563761166861218"", ""resource_project_id"": ""proyecto-2-cloud-509714"", ""resource_type"": ""gce_instance"", ""resource_zone"": ""us-central1-a"", ""vm"": ""mooc-web""}",0
2026-09-27T02:47:15.940004Z,"{""command"": ""kworker/u4:2-flush-8:0"", ""command_line"": """", ""owner"": ""root"", ""pid"": ""5652"", ""process"": ""all"", ""resource_instance_id"": ""1398563761166861218"", ""resource_project_id"": ""proyecto-2-cloud-509714"", ""resource_type"": ""gce_instance"", ""resource_zone"": ""us-central1-a"", ""vm"": ""mooc-web""}",0
2026-09-27T02:46:45.943305Z,"{""command"": ""kworker/u4:2-flush-8:0"", ""command_line"": """", ""owner"": ""root"", ""pid"": ""5652"", ""process"": ""all"", ""resource_instance_id"": ""1398563761166861218"", ""resource_project_id"": ""proyecto-2-cloud-509714"", ""resource_type"": ""gce_instance"", ""resource_zone"": ""us-central1-a"", ""vm"": ""mooc-web""}",0
2026-09-27T02:46:15.940813Z,"{""command"": ""kworker/u4:2-flush-8:0"", ""command_line"": """", ""owner"": ""root"", ""pid"": ""5652"", ""process"": ""all"", ""resource_instance_id"": ""1398563761166861218"", ""resource_project_id"": ""proyecto-2-cloud-509714"", ""resource_type"": ""gce_instance"", ""resource_zone"": ""us-central1-a"", ""vm"": ""mooc-web""}",0
2026-09-27T02:45:45.947743Z,"{""command"": ""kworker/u4:2-flush-8:0"", ""command_line"": """", ""owner"": ""root"", ""pid"": ""5652"", ""process"": ""all"", ""resource_instance_id"": ""1398563761166861218"", ""resource_project_id"": ""proyecto-2-cloud-509714"", ""resource_type"": ""gce_instance"", ""resource_zone"": ""us-central1-a"", ""vm"": ""mooc-web""}",0
2026-09-27T02:45:15.945486Z,"{""command"": ""kworker/u4:2-flush-8:0"", ""command_line"": """", ""owner"": ""root"", ""pid"": ""5652"", ""process"": ""all"", ""resource_instance_id"": ""1398563761166861218"", ""resource_project_id"": ""proyecto-2-cloud-509714"", ""resource_type"": ""gce_instance"", ""resource_zone"": ""us-central1-a"", ""vm"": ""mooc-web""}",0
2026-09-27T02:44:45.942898Z,"{""command"": ""kworker/u4:2-flush-8:0"", ""command_line"": """", ""owner"": ""root"", ""pid"": ""5652"", ""process"": ""all"", ""resource_instance_id"": ""1398563761166861218"", ""resource_project_id"": ""proyecto-2-cloud-509714"", ""resource_type"": ""gce_instance"", ""resource_zone"": ""us-central1-a"", ""vm"": ""mooc-web""}",0
2026-09-27T02:44:15.941793Z,"{""command"": ""kworker/u4:2-flush-8:0"", ""command_line"": """", ""owner"": ""root"", ""pid"": ""5652"", ""process"": ""all"", ""resource_instance_id"": ""1398563761166861218"", ""resource_project_id"": ""proyecto-2-cloud-509714"", ""resource_type"": ""gce_instance"", ""resource_zone"": ""us-central1-a"", ""vm"": ""mooc-web""}",0
2026-09-27T02:42:45.948324Z,"{""command"": ""kworker/u4:2-flush-8:0"", ""command_line"": """", ""owner"": ""root"", ""pid"": ""5652"", ""process"": ""all"", ""resource_instance_id"": ""1398563761166861218"", ""resource_project_id"": ""proyecto-2-cloud-509714"", ""resource_type"": ""gce_instance"", ""resource_zone"": ""us-central1-a"", ""vm"": ""mooc-web""}",0
2026-09-27T02:42:15.941775Z,"{""command"": ""kworker/u4:2-flush-8:0"", ""command_line"": """", ""owner"": ""root"", ""pid"": ""5652"", ""process"": ""all"", ""resource_instance_id"": ""1398563761166861218"", ""resource_project_id"": ""proyecto-2-cloud-509714"", ""resource_type"": ""gce_instance"", ""resource_zone"": ""us-central1-a"", ""vm"": ""mooc-web""}",0
2026-09-27T02:40:45.942839Z,"{""command"": ""kworker/u4:2-flush-8:0"", ""command_line"": """", ""owner"": ""root"", ""pid"": ""5652"", ""process"": ""all"", ""resource_instance_id"": ""1398563761166861218"", ""resource_project_id"": ""proyecto-2-cloud-509714"", ""resource_type"": ""gce_instance"", ""resource_zone"": ""us-central1-a"", ""vm"": ""mooc-web""}",0
2026-09-27T02:40:15.941068Z,"{""command"": ""kworker/u4:2-flush-8:0"", ""command_line"": """", ""owner"": ""root"", ""pid"": ""5652"", ""process"": ""all"", ""resource_instance_id"": ""1398563761166861218"", ""resource_project_id"": ""proyecto-2-cloud-509714"", ""resource_type"": ""gce_instance"", ""resource_zone"": ""us-central1-a"", ""vm"": ""mooc-web""}",0
2026-09-27T02:39:15.958181Z,"{""command"": ""kworker/u4:2-flush-8:0"", ""command_line"": """", ""owner"": ""root"", ""pid"": ""5652"", ""process"": ""all"", ""resource_instance_id"": ""1398563761166861218"", ""resource_project_id"": ""proyecto-2-cloud-509714"", ""resource_type"": ""gce_instance"", ""resource_zone"": ""us-central1-a"", ""vm"": ""mooc-web""}",0
2026-09-27T02:41:15.942270Z,"{""command"": ""kworker/u4:2-writeback"", ""command_line"": """", ""owner"": ""root"", ""pid"": ""5652"", ""process"": ""all"", ""resource_instance_id"": ""1398563761166861218"", ""resource_project_id"": ""proyecto-2-cloud-509714"", ""resource_type"": ""gce_instance"", ""resource_zone"": ""us-central1-a"", ""vm"": ""mooc-web""}",0
2026-09-27T02:43:15.940857Z,"{""command"": ""kworker/u4:3-ext4-rsv-conversion"", ""command_line"": """", ""owner"": ""root"", ""pid"": ""5672"", ""process"": ""all"", ""resource_instance_id"": ""1398563761166861218"", ""resource_project_id"": ""proyecto-2-cloud-509714"", ""resource_type"": ""gce_instance"", ""resource_zone"": ""us-central1-a"", ""vm"": ""mooc-web""}",0
2026-09-27T02:42:45.948427Z,"{""command"": ""kworker/u4:3-ext4-rsv-conversion"", ""command_line"": """", ""owner"": ""root"", ""pid"": ""5672"", ""process"": ""all"", ""resource_instance_id"": ""1398563761166861218"", ""resource_project_id"": ""proyecto-2-cloud-509714"", ""resource_type"": ""gce_instance"", ""resource_zone"": ""us-central1-a"", ""vm"": ""mooc-web""}",0
2026-09-27T02:42:15.941931Z,"{""command"": ""kworker/u4:3-ext4-rsv-conversion"", ""command_line"": """", ""owner"": ""root"", ""pid"": ""5672"", ""process"": ""all"", ""resource_instance_id"": ""1398563761166861218"", ""resource_project_id"": ""proyecto-2-cloud-509714"", ""resource_type"": ""gce_instance"", ""resource_zone"": ""us-central1-a"", ""vm"": ""mooc-web""}",0
2026-09-27T02:41:45.942450Z,"{""command"": ""kworker/u4:3-ext4-rsv-conversion"", ""command_line"": """", ""owner"": ""root"", ""pid"": ""5672"", ""process"": ""all"", ""resource_instance_id"": ""1398563761166861218"", ""resource_project_id"": ""proyecto-2-cloud-509714"", ""resource_type"": ""gce_instance"", ""resource_zone"": ""us-central1-a"", ""vm"": ""mooc-web""}",0
2026-09-27T02:41:15.942370Z,"{""command"": ""kworker/u4:3-ext4-rsv-conversion"", ""command_line"": """", ""owner"": ""root"", ""pid"": ""5672"", ""process"": ""all"", ""resource_instance_id"": ""1398563761166861218"", ""resource_project_id"": ""proyecto-2-cloud-509714"", ""resource_type"": ""gce_instance"", ""resource_zone"": ""us-central1-a"", ""vm"": ""mooc-web""}",0
2026-09-27T02:40:45.942979Z,"{""command"": ""kworker/u4:3-ext4-rsv-conversion"", ""command_line"": """", ""owner"": ""root"", ""pid"": ""5672"", ""process"": ""all"", ""resource_instance_id"": ""1398563761166861218"", ""resource_project_id"": ""proyecto-2-cloud-509714"", ""resource_type"": ""gce_instance"", ""resource_zone"": ""us-central1-a"", ""vm"": ""mooc-web""}",0
2026-09-27T02:40:15.941175Z,"{""command"": ""kworker/u4:3-ext4-rsv-conversion"", ""command_line"": """", ""owner"": ""root"", ""pid"": ""5672"", ""process"": ""all"", ""resource_instance_id"": ""1398563761166861218"", ""resource_project_id"": ""proyecto-2-cloud-509714"", ""resource_type"": ""gce_instance"", ""resource_zone"": ""us-central1-a"", ""vm"": ""mooc-web""}",0
2026-09-27T02:39:45.943422Z,"{""command"": ""kworker/u4:3-ext4-rsv-conversion"", ""command_line"": """", ""owner"": ""root"", ""pid"": ""5672"", ""process"": ""all"", ""resource_instance_id"": ""1398563761166861218"", ""resource_project_id"": ""proyecto-2-cloud-509714"", ""resource_type"": ""gce_instance"", ""resource_zone"": ""us-central1-a"", ""vm"": ""mooc-web""}",0
2026-09-27T02:39:15.958349Z,"{""command"": ""kworker/u4:3-ext4-rsv-conversion"", ""command_line"": """", ""owner"": ""root"", ""pid"": ""5672"", ""process"": ""all"", ""resource_instance_id"": ""1398563761166861218"", ""resource_project_id"": ""proyecto-2-cloud-509714"", ""resource_type"": ""gce_instance"", ""resource_zone"": ""us-central1-a"", ""vm"": ""mooc-web""}",0
2026-09-27T02:39:15.957489Z,"{""command"": ""kworker/u4:4-events_unbound"", ""command_line"": """", ""owner"": ""root"", ""pid"": ""1340"", ""process"": ""all"", ""resource_instance_id"": ""1398563761166861218"", ""resource_project_id"": ""proyecto-2-cloud-509714"", ""resource_type"": ""gce_instance"", ""resource_zone"": ""us-central1-a"", ""vm"": ""mooc-web""}",0
2026-09-27T02:44:15.941349Z,"{""command"": ""kworker/u4:4-flush-8:0"", ""command_line"": """", ""owner"": ""root"", ""pid"": ""1340"", ""process"": ""all"", ""resource_instance_id"": ""1398563761166861218"", ""resource_project_id"": ""proyecto-2-cloud-509714"", ""resource_type"": ""gce_instance"", ""resource_zone"": ""us-central1-a"", ""vm"": ""mooc-web""}",0
2026-09-27T02:43:45.939926Z,"{""command"": ""kworker/u4:4-flush-8:0"", ""command_line"": """", ""owner"": ""root"", ""pid"": ""1340"", ""process"": ""all"", ""resource_instance_id"": ""1398563761166861218"", ""resource_project_id"": ""proyecto-2-cloud-509714"", ""resource_type"": ""gce_instance"", ""resource_zone"": ""us-central1-a"", ""vm"": ""mooc-web""}",0
2026-09-27T02:43:15.940278Z,"{""command"": ""kworker/u4:4-flush-8:0"", ""command_line"": """", ""owner"": ""root"", ""pid"": ""1340"", ""process"": ""all"", ""resource_instance_id"": ""1398563761166861218"", ""resource_project_id"": ""proyecto-2-cloud-509714"", ""resource_type"": ""gce_instance"", ""resource_zone"": ""us-central1-a"", ""vm"": ""mooc-web""}",0
2026-09-27T02:42:45.947834Z,"{""command"": ""kworker/u4:4-flush-8:0"", ""command_line"": """", ""owner"": ""root"", ""pid"": ""1340"", ""process"": ""all"", ""resource_instance_id"": ""1398563761166861218"", ""resource_project_id"": ""proyecto-2-cloud-509714"", ""resource_type"": ""gce_instance"", ""resource_zone"": ""us-central1-a"", ""vm"": ""mooc-web""}",0
2026-09-27T02:42:15.941034Z,"{""command"": ""kworker/u4:4-flush-8:0"", ""command_line"": """", ""owner"": ""root"", ""pid"": ""1340"", ""process"": ""all"", ""resource_instance_id"": ""1398563761166861218"", ""resource_project_id"": ""proyecto-2-cloud-509714"", ""resource_type"": ""gce_instance"", ""resource_zone"": ""us-central1-a"", ""vm"": ""mooc-web""}",0
2026-09-27T02:41:45.941835Z,"{""command"": ""kworker/u4:4-flush-8:0"", ""command_line"": """", ""owner"": ""root"", ""pid"": ""1340"", ""process"": ""all"", ""resource_instance_id"": ""1398563761166861218"", ""resource_project_id"": ""proyecto-2-cloud-509714"", ""resource_type"": ""gce_instance"", ""resource_zone"": ""us-central1-a"", ""vm"": ""mooc-web""}",0
2026-09-27T02:41:15.941737Z,"{""command"": ""kworker/u4:4-flush-8:0"", ""command_line"": """", ""owner"": ""root"", ""pid"": ""1340"", ""process"": ""all"", ""resource_instance_id"": ""1398563761166861218"", ""resource_project_id"": ""proyecto-2-cloud-509714"", ""resource_type"": ""gce_instance"", ""resource_zone"": ""us-central1-a"", ""vm"": ""mooc-web""}",0
2026-09-27T02:40:45.942344Z,"{""command"": ""kworker/u4:4-flush-8:0"", ""command_line"": """", ""owner"": ""root"", ""pid"": ""1340"", ""process"": ""all"", ""resource_instance_id"": ""1398563761166861218"", ""resource_project_id"": ""proyecto-2-cloud-509714"", ""resource_type"": ""gce_instance"", ""resource_zone"": ""us-central1-a"", ""vm"": ""mooc-web""}",0
2026-09-27T02:40:15.940574Z,"{""command"": ""kworker/u4:4-flush-8:0"", ""command_line"": """", ""owner"": ""root"", ""pid"": ""1340"", ""process"": ""all"", ""resource_instance_id"": ""1398563761166861218"", ""resource_project_id"": ""proyecto-2-cloud-509714"", ""resource_type"": ""gce_instance"", ""resource_zone"": ""us-central1-a"", ""vm"": ""mooc-web""}",0
2026-09-27T02:39:45.942353Z,"{""command"": ""kworker/u4:4-flush-8:0"", ""command_line"": """", ""owner"": ""root"", ""pid"": ""1340"", ""process"": ""all"", ""resource_instance_id"": ""1398563761166861218"", ""resource_project_id"": ""proyecto-2-cloud-509714"", ""resource_type"": ""gce_instance"", ""resource_zone"": ""us-central1-a"", ""vm"": ""mooc-web""}",0
2026-09-27T02:43:15.940956Z,"{""command"": ""kworker/u4:5-flush-8:0"", ""command_line"": """", ""owner"": ""root"", ""pid"": ""5872"", ""process"": ""all"", ""resource_instance_id"": ""1398563761166861218"", ""resource_project_id"": ""proyecto-2-cloud-509714"", ""resource_type"": ""gce_instance"", ""resource_zone"": ""us-central1-a"", ""vm"": ""mooc-web""}",0
2026-09-27T02:42:45.948553Z,"{""command"": ""kworker/u4:5-flush-8:0"", ""command_line"": """", ""owner"": ""root"", ""pid"": ""5872"", ""process"": ""all"", ""resource_instance_id"": ""1398563761166861218"", ""resource_project_id"": ""proyecto-2-cloud-509714"", ""resource_type"": ""gce_instance"", ""resource_zone"": ""us-central1-a"", ""vm"": ""mooc-web""}",0
2026-09-27T02:42:15.942099Z,"{""command"": ""kworker/u4:5-flush-8:0"", ""command_line"": """", ""owner"": ""root"", ""pid"": ""5872"", ""process"": ""all"", ""resource_instance_id"": ""1398563761166861218"", ""resource_project_id"": ""proyecto-2-cloud-509714"", ""resource_type"": ""gce_instance"", ""resource_zone"": ""us-central1-a"", ""vm"": ""mooc-web""}",0
2026-09-27T02:41:45.942547Z,"{""command"": ""kworker/u4:5-flush-8:0"", ""command_line"": """", ""owner"": ""root"", ""pid"": ""5872"", ""process"": ""all"", ""resource_instance_id"": ""1398563761166861218"", ""resource_project_id"": ""proyecto-2-cloud-509714"", ""resource_type"": ""gce_instance"", ""resource_zone"": ""us-central1-a"", ""vm"": ""mooc-web""}",0
2026-09-27T02:41:15.942469Z,"{""command"": ""kworker/u4:5-flush-8:0"", ""command_line"": """", ""owner"": ""root"", ""pid"": ""5872"", ""process"": ""all"", ""resource_instance_id"": ""1398563761166861218"", ""resource_project_id"": ""proyecto-2-cloud-509714"", ""resource_type"": ""gce_instance"", ""resource_zone"": ""us-central1-a"", ""vm"": ""mooc-web""}",0
2026-09-27T02:40:45.943100Z,"{""command"": ""kworker/u4:5-flush-8:0"", ""command_line"": """", ""owner"": ""root"", ""pid"": ""5872"", ""process"": ""all"", ""resource_instance_id"": ""1398563761166861218"", ""resource_project_id"": ""proyecto-2-cloud-509714"", ""resource_type"": ""gce_instance"", ""resource_zone"": ""us-central1-a"", ""vm"": ""mooc-web""}",0
2026-09-27T02:40:15.941277Z,"{""command"": ""kworker/u4:5-flush-8:0"", ""command_line"": """", ""owner"": ""root"", ""pid"": ""5872"", ""process"": ""all"", ""resource_instance_id"": ""1398563761166861218"", ""resource_project_id"": ""proyecto-2-cloud-509714"", ""resource_type"": ""gce_instance"", ""resource_zone"": ""us-central1-a"", ""vm"": ""mooc-web""}",0
2026-09-27T02:39:45.943528Z,"{""command"": ""kworker/u4:5-flush-8:0"", ""command_line"": """", ""owner"": ""root"", ""pid"": ""5872"", ""process"": ""all"", ""resource_instance_id"": ""1398563761166861218"", ""resource_project_id"": ""proyecto-2-cloud-509714"", ""resource_type"": ""gce_instance"", ""resource_zone"": ""us-central1-a"", ""vm"": ""mooc-web""}",0
2026-09-27T02:39:15.958599Z,"{""command"": ""kworker/u4:5-flush-8:0"", ""command_line"": """", ""owner"": ""root"", ""pid"": ""5872"", ""process"": ""all"", ""resource_instance_id"": ""1398563761166861218"", ""resource_project_id"": ""proyecto-2-cloud-509714"", ""resource_type"": ""gce_instance"", ""resource_zone"": ""us-central1-a"", ""vm"": ""mooc-web""}",0
2026-09-27T02:47:45.942323Z,"{""command"": ""kworker/u4:6-events_unbound"", ""command_line"": """", ""owner"": ""root"", ""pid"": ""6931"", ""process"": ""all"", ""resource_instance_id"": ""1398563761166861218"", ""resource_project_id"": ""proyecto-2-cloud-509714"", ""resource_type"": ""gce_instance"", ""resource_zone"": ""us-central1-a"", ""vm"": ""mooc-web""}",0
2026-09-27T02:47:15.940428Z,"{""command"": ""kworker/u4:6-events_unbound"", ""command_line"": """", ""owner"": ""root"", ""pid"": ""6931"", ""process"": ""all"", ""resource_instance_id"": ""1398563761166861218"", ""resource_project_id"": ""proyecto-2-cloud-509714"", ""resource_type"": ""gce_instance"", ""resource_zone"": ""us-central1-a"", ""vm"": ""mooc-web""}",0
2026-09-27T02:45:15.945758Z,"{""command"": ""kworker/u4:6-events_unbound"", ""command_line"": """", ""owner"": ""root"", ""pid"": ""6931"", ""process"": ""all"", ""resource_instance_id"": ""1398563761166861218"", ""resource_project_id"": ""proyecto-2-cloud-509714"", ""resource_type"": ""gce_instance"", ""resource_zone"": ""us-central1-a"", ""vm"": ""mooc-web""}",0
2026-09-27T02:42:45.948760Z,"{""command"": ""kworker/u4:6-events_unbound"", ""command_line"": """", ""owner"": ""root"", ""pid"": ""6931"", ""process"": ""all"", ""resource_instance_id"": ""1398563761166861218"", ""resource_project_id"": ""proyecto-2-cloud-509714"", ""resource_type"": ""gce_instance"", ""resource_zone"": ""us-central1-a"", ""vm"": ""mooc-web""}",0
2026-09-27T02:40:45.943371Z,"{""command"": ""kworker/u4:6-events_unbound"", ""command_line"": """", ""owner"": ""root"", ""pid"": ""6931"", ""process"": ""all"", ""resource_instance_id"": ""1398563761166861218"", ""resource_project_id"": ""proyecto-2-cloud-509714"", ""resource_type"": ""gce_instance"", ""resource_zone"": ""us-central1-a"", ""vm"": ""mooc-web""}",0
2026-09-27T02:40:15.941492Z,"{""command"": ""kworker/u4:6-events_unbound"", ""command_line"": """", ""owner"": ""root"", ""pid"": ""6931"", ""process"": ""all"", ""resource_instance_id"": ""1398563761166861218"", ""resource_project_id"": ""proyecto-2-cloud-509714"", ""resource_type"": ""gce_instance"", ""resource_zone"": ""us-central1-a"", ""vm"": ""mooc-web""}",0
2026-09-27T02:39:45.943938Z,"{""command"": ""kworker/u4:6-events_unbound"", ""command_line"": """", ""owner"": ""root"", ""pid"": ""6931"", ""process"": ""all"", ""resource_instance_id"": ""1398563761166861218"", ""resource_project_id"": ""proyecto-2-cloud-509714"", ""resource_type"": ""gce_instance"", ""resource_zone"": ""us-central1-a"", ""vm"": ""mooc-web""}",0
2026-09-27T02:49:45.945588Z,"{""command"": ""kworker/u4:6-flush-8:0"", ""command_line"": """", ""owner"": ""root"", ""pid"": ""6931"", ""process"": ""all"", ""resource_instance_id"": ""1398563761166861218"", ""resource_project_id"": ""proyecto-2-cloud-509714"", ""resource_type"": ""gce_instance"", ""resource_zone"": ""us-central1-a"", ""vm"": ""mooc-web""}",0
2026-09-27T02:49:15.940323Z,"{""command"": ""kworker/u4:6-flush-8:0"", ""command_line"": """", ""owner"": ""root"", ""pid"": ""6931"", ""process"": ""all"", ""resource_instance_id"": ""1398563761166861218"", ""resource_project_id"": ""proyecto-2-cloud-509714"", ""resource_type"": ""gce_instance"", ""resource_zone"": ""us-central1-a"", ""vm"": ""mooc-web""}",0
2026-09-27T02:48:45.940919Z,"{""command"": ""kworker/u4:6-flush-8:0"", ""command_line"": """", ""owner"": ""root"", ""pid"": ""6931"", ""process"": ""all"", ""resource_instance_id"": ""1398563761166861218"", ""resource_project_id"": ""proyecto-2-cloud-509714"", ""resource_type"": ""gce_instance"", ""resource_zone"": ""us-central1-a"", ""vm"": ""mooc-web""}",0
2026-09-27T02:48:15.952849Z,"{""command"": ""kworker/u4:6-flush-8:0"", ""command_line"": """", ""owner"": ""root"", ""pid"": ""6931"", ""process"": ""all"", ""resource_instance_id"": ""1398563761166861218"", ""resource_project_id"": ""proyecto-2-cloud-509714"", ""resource_type"": ""gce_instance"", ""resource_zone"": ""us-central1-a"", ""vm"": ""mooc-web""}",0
2026-09-27T02:46:45.943754Z,"{""command"": ""kworker/u4:6-flush-8:0"", ""command_line"": """", ""owner"": ""root"", ""pid"": ""6931"", ""process"": ""all"", ""resource_instance_id"": ""1398563761166861218"", ""resource_project_id"": ""proyecto-2-cloud-509714"", ""resource_type"": ""gce_instance"", ""resource_zone"": ""us-central1-a"", ""vm"": ""mooc-web""}",0
2026-09-27T02:46:15.941194Z,"{""command"": ""kworker/u4:6-flush-8:0"", ""command_line"": """", ""owner"": ""root"", ""pid"": ""6931"", ""process"": ""all"", ""resource_instance_id"": ""1398563761166861218"", ""resource_project_id"": ""proyecto-2-cloud-509714"", ""resource_type"": ""gce_instance"", ""resource_zone"": ""us-central1-a"", ""vm"": ""mooc-web""}",0
2026-09-27T02:44:45.943544Z,"{""command"": ""kworker/u4:6-flush-8:0"", ""command_line"": """", ""owner"": ""root"", ""pid"": ""6931"", ""process"": ""all"", ""resource_instance_id"": ""1398563761166861218"", ""resource_project_id"": ""proyecto-2-cloud-509714"", ""resource_type"": ""gce_instance"", ""resource_zone"": ""us-central1-a"", ""vm"": ""mooc-web""}",0
2026-09-27T02:44:15.942094Z,"{""command"": ""kworker/u4:6-flush-8:0"", ""command_line"": """", ""owner"": ""root"", ""pid"": ""6931"", ""process"": ""all"", ""resource_instance_id"": ""1398563761166861218"", ""resource_project_id"": ""proyecto-2-cloud-509714"", ""resource_type"": ""gce_instance"", ""resource_zone"": ""us-central1-a"", ""vm"": ""mooc-web""}",0
2026-09-27T02:43:45.941283Z,"{""command"": ""kworker/u4:6-flush-8:0"", ""command_line"": """", ""owner"": ""root"", ""pid"": ""6931"", ""process"": ""all"", ""resource_instance_id"": ""1398563761166861218"", ""resource_project_id"": ""proyecto-2-cloud-509714"", ""resource_type"": ""gce_instance"", ""resource_zone"": ""us-central1-a"", ""vm"": ""mooc-web""}",0
2026-09-27T02:43:15.941168Z,"{""command"": ""kworker/u4:6-flush-8:0"", ""command_line"": """", ""owner"": ""root"", ""pid"": ""6931"", ""process"": ""all"", ""resource_instance_id"": ""1398563761166861218"", ""resource_project_id"": ""proyecto-2-cloud-509714"", ""resource_type"": ""gce_instance"", ""resource_zone"": ""us-central1-a"", ""vm"": ""mooc-web""}",0
2026-09-27T02:42:15.942413Z,"{""command"": ""kworker/u4:6-flush-8:0"", ""command_line"": """", ""owner"": ""root"", ""pid"": ""6931"", ""process"": ""all"", ""resource_instance_id"": ""1398563761166861218"", ""resource_project_id"": ""proyecto-2-cloud-509714"", ""resource_type"": ""gce_instance"", ""resource_zone"": ""us-central1-a"", ""vm"": ""mooc-web""}",0
2026-09-27T02:41:45.942750Z,"{""command"": ""kworker/u4:6-flush-8:0"", ""command_line"": """", ""owner"": ""root"", ""pid"": ""6931"", ""process"": ""all"", ""resource_instance_id"": ""1398563761166861218"", ""resource_project_id"": ""proyecto-2-cloud-509714"", ""resource_type"": ""gce_instance"", ""resource_zone"": ""us-central1-a"", ""vm"": ""mooc-web""}",0
2026-09-27T02:41:15.942685Z,"{""command"": ""kworker/u4:6-flush-8:0"", ""command_line"": """", ""owner"": ""root"", ""pid"": ""6931"", ""process"": ""all"", ""resource_instance_id"": ""1398563761166861218"", ""resource_project_id"": ""proyecto-2-cloud-509714"", ""resource_type"": ""gce_instance"", ""resource_zone"": ""us-central1-a"", ""vm"": ""mooc-web""}",0
2026-09-27T02:39:15.959121Z,"{""command"": ""kworker/u4:6-flush-8:0"", ""command_line"": """", ""owner"": ""root"", ""pid"": ""6931"", ""process"": ""all"", ""resource_instance_id"": ""1398563761166861218"", ""resource_project_id"": ""proyecto-2-cloud-509714"", ""resource_type"": ""gce_instance"", ""resource_zone"": ""us-central1-a"", ""vm"": ""mooc-web""}",0
2026-09-27T02:45:45.948199Z,"{""command"": ""kworker/u4:6-writeback"", ""command_line"": """", ""owner"": ""root"", ""pid"": ""6931"", ""process"": ""all"", ""resource_instance_id"": ""1398563761166861218"", ""resource_project_id"": ""proyecto-2-cloud-509714"", ""resource_type"": ""gce_instance"", ""resource_zone"": ""us-central1-a"", ""vm"": ""mooc-web""}",0
2026-09-27T02:49:45.943285Z,"{""command"": ""kworker/u5:0"", ""command_line"": """", ""owner"": ""root"", ""pid"": ""70"", ""process"": ""all"", ""resource_instance_id"": ""1398563761166861218"", ""resource_project_id"": ""proyecto-2-cloud-509714"", ""resource_type"": ""gce_instance"", ""resource_zone"": ""us-central1-a"", ""vm"": ""mooc-web""}",0
2026-09-27T02:49:15.937871Z,"{""command"": ""kworker/u5:0"", ""command_line"": """", ""owner"": ""root"", ""pid"": ""70"", ""process"": ""all"", ""resource_instance_id"": ""1398563761166861218"", ""resource_project_id"": ""proyecto-2-cloud-509714"", ""resource_type"": ""gce_instance"", ""resource_zone"": ""us-central1-a"", ""vm"": ""mooc-web""}",0
2026-09-27T02:48:45.938350Z,"{""command"": ""kworker/u5:0"", ""command_line"": """", ""owner"": ""root"", ""pid"": ""70"", ""process"": ""all"", ""resource_instance_id"": ""1398563761166861218"", ""resource_project_id"": ""proyecto-2-cloud-509714"", ""resource_type"": ""gce_instance"", ""resource_zone"": ""us-central1-a"", ""vm"": ""mooc-web""}",0
2026-09-27T02:48:15.950080Z,"{""command"": ""kworker/u5:0"", ""command_line"": """", ""owner"": ""root"", ""pid"": ""70"", ""process"": ""all"", ""resource_instance_id"": ""1398563761166861218"", ""resource_project_id"": ""proyecto-2-cloud-509714"", ""resource_type"": ""gce_instance"", ""resource_zone"": ""us-central1-a"", ""vm"": ""mooc-web""}",0
2026-09-27T02:47:45.938898Z,"{""command"": ""kworker/u5:0"", ""command_line"": """", ""owner"": ""root"", ""pid"": ""70"", ""process"": ""all"", ""resource_instance_id"": ""1398563761166861218"", ""resource_project_id"": ""proyecto-2-cloud-509714"", ""resource_type"": ""gce_instance"", ""resource_zone"": ""us-central1-a"", ""vm"": ""mooc-web""}",0
2026-09-27T02:47:15.937984Z,"{""command"": ""kworker/u5:0"", ""command_line"": """", ""owner"": ""root"", ""pid"": ""70"", ""process"": ""all"", ""resource_instance_id"": ""1398563761166861218"", ""resource_project_id"": ""proyecto-2-cloud-509714"", ""resource_type"": ""gce_instance"", ""resource_zone"": ""us-central1-a"", ""vm"": ""mooc-web""}",0
2026-09-27T02:46:45.940713Z,"{""command"": ""kworker/u5:0"", ""command_line"": """", ""owner"": ""root"", ""pid"": ""70"", ""process"": ""all"", ""resource_instance_id"": ""1398563761166861218"", ""resource_project_id"": ""proyecto-2-cloud-509714"", ""resource_type"": ""gce_instance"", ""resource_zone"": ""us-central1-a"", ""vm"": ""mooc-web""}",0
2026-09-27T02:46:15.937709Z,"{""command"": ""kworker/u5:0"", ""command_line"": """", ""owner"": ""root"", ""pid"": ""70"", ""process"": ""all"", ""resource_instance_id"": ""1398563761166861218"", ""resource_project_id"": ""proyecto-2-cloud-509714"", ""resource_type"": ""gce_instance"", ""resource_zone"": ""us-central1-a"", ""vm"": ""mooc-web""}",0
2026-09-27T02:45:45.944758Z,"{""command"": ""kworker/u5:0"", ""command_line"": """", ""owner"": ""root"", ""pid"": ""70"", ""process"": ""all"", ""resource_instance_id"": ""1398563761166861218"", ""resource_project_id"": ""proyecto-2-cloud-509714"", ""resource_type"": ""gce_instance"", ""resource_zone"": ""us-central1-a"", ""vm"": ""mooc-web""}",0
2026-09-27T02:45:15.943374Z,"{""command"": ""kworker/u5:0"", ""command_line"": """", ""owner"": ""root"", ""pid"": ""70"", ""process"": ""all"", ""resource_instance_id"": ""1398563761166861218"", ""resource_project_id"": ""proyecto-2-cloud-509714"", ""resource_type"": ""gce_instance"", ""resource_zone"": ""us-central1-a"", ""vm"": ""mooc-web""}",0
2026-09-27T02:44:45.939945Z,"{""command"": ""kworker/u5:0"", ""command_line"": """", ""owner"": ""root"", ""pid"": ""70"", ""process"": ""all"", ""resource_instance_id"": ""1398563761166861218"", ""resource_project_id"": ""proyecto-2-cloud-509714"", ""resource_type"": ""gce_instance"", ""resource_zone"": ""us-central1-a"", ""vm"": ""mooc-web""}",0
2026-09-27T02:44:15.939864Z,"{""command"": ""kworker/u5:0"", ""command_line"": """", ""owner"": ""root"", ""pid"": ""70"", ""process"": ""all"", ""resource_instance_id"": ""1398563761166861218"", ""resource_project_id"": ""proyecto-2-cloud-509714"", ""resource_type"": ""gce_instance"", ""resource_zone"": ""us-central1-a"", ""vm"": ""mooc-web""}",0
2026-09-27T02:43:45.938156Z,"{""command"": ""kworker/u5:0"", ""command_line"": """", ""owner"": ""root"", ""pid"": ""70"", ""process"": ""all"", ""resource_instance_id"": ""1398563761166861218"", ""resource_project_id"": ""proyecto-2-cloud-509714"", ""resource_type"": ""gce_instance"", ""resource_zone"": ""us-central1-a"", ""vm"": ""mooc-web""}",0
2026-09-27T02:43:15.938396Z,"{""command"": ""kworker/u5:0"", ""command_line"": """", ""owner"": ""root"", ""pid"": ""70"", ""process"": ""all"", ""resource_instance_id"": ""1398563761166861218"", ""resource_project_id"": ""proyecto-2-cloud-509714"", ""resource_type"": ""gce_instance"", ""resource_zone"": ""us-central1-a"", ""vm"": ""mooc-web""}",0
2026-09-27T02:42:45.946004Z,"{""command"": ""kworker/u5:0"", ""command_line"": """", ""owner"": ""root"", ""pid"": ""70"", ""process"": ""all"", ""resource_instance_id"": ""1398563761166861218"", ""resource_project_id"": ""proyecto-2-cloud-509714"", ""resource_type"": ""gce_instance"", ""resource_zone"": ""us-central1-a"", ""vm"": ""mooc-web""}",0
2026-09-27T02:42:15.938899Z,"{""command"": ""kworker/u5:0"", ""command_line"": """", ""owner"": ""root"", ""pid"": ""70"", ""process"": ""all"", ""resource_instance_id"": ""1398563761166861218"", ""resource_project_id"": ""proyecto-2-cloud-509714"", ""resource_type"": ""gce_instance"", ""resource_zone"": ""us-central1-a"", ""vm"": ""mooc-web""}",0
2026-09-27T02:41:45.940390Z,"{""command"": ""kworker/u5:0"", ""command_line"": """", ""owner"": ""root"", ""pid"": ""70"", ""process"": ""all"", ""resource_instance_id"": ""1398563761166861218"", ""resource_project_id"": ""proyecto-2-cloud-509714"", ""resource_type"": ""gce_instance"", ""resource_zone"": ""us-central1-a"", ""vm"": ""mooc-web""}",0
2026-09-27T02:41:15.940206Z,"{""command"": ""kworker/u5:0"", ""command_line"": """", ""owner"": ""root"", ""pid"": ""70"", ""process"": ""all"", ""resource_instance_id"": ""1398563761166861218"", ""resource_project_id"": ""proyecto-2-cloud-509714"", ""resource_type"": ""gce_instance"", ""resource_zone"": ""us-central1-a"", ""vm"": ""mooc-web""}",0
2026-09-27T02:40:45.940873Z,"{""command"": ""kworker/u5:0"", ""command_line"": """", ""owner"": ""root"", ""pid"": ""70"", ""process"": ""all"", ""resource_instance_id"": ""1398563761166861218"", ""resource_project_id"": ""proyecto-2-cloud-509714"", ""resource_type"": ""gce_instance"", ""resource_zone"": ""us-central1-a"", ""vm"": ""mooc-web""}",0
2026-09-27T02:40:15.938879Z,"{""command"": ""kworker/u5:0"", ""command_line"": """", ""owner"": ""root"", ""pid"": ""70"", ""process"": ""all"", ""resource_instance_id"": ""1398563761166861218"", ""resource_project_id"": ""proyecto-2-cloud-509714"", ""resource_type"": ""gce_instance"", ""resource_zone"": ""us-central1-a"", ""vm"": ""mooc-web""}",0
2026-09-27T02:39:45.940186Z,"{""command"": ""kworker/u5:0"", ""command_line"": """", ""owner"": ""root"", ""pid"": ""70"", ""process"": ""all"", ""resource_instance_id"": ""1398563761166861218"", ""resource_project_id"": ""proyecto-2-cloud-509714"", ""resource_type"": ""gce_instance"", ""resource_zone"": ""us-central1-a"", ""vm"": ""mooc-web""}",0
2026-09-27T02:39:15.955343Z,"{""command"": ""kworker/u5:0"", ""command_line"": """", ""owner"": ""root"", ""pid"": ""70"", ""process"": ""all"", ""resource_instance_id"": ""1398563761166861218"", ""resource_project_id"": ""proyecto-2-cloud-509714"", ""resource_type"": ""gce_instance"", ""resource_zone"": ""us-central1-a"", ""vm"": ""mooc-web""}",0
2026-09-27T02:49:45.945855Z,"{""command"": ""mailpit"", ""command_line"": ""/mailpit"", ""owner"": ""root"", ""pid"": ""7165"", ""process"": ""all"", ""resource_instance_id"": ""1398563761166861218"", ""resource_project_id"": ""proyecto-2-cloud-509714"", ""resource_type"": ""gce_instance"", ""resource_zone"": ""us-central1-a"", ""vm"": ""mooc-web""}",1319288832
2026-09-27T02:49:15.940592Z,"{""command"": ""mailpit"", ""command_line"": ""/mailpit"", ""owner"": ""root"", ""pid"": ""7165"", ""process"": ""all"", ""resource_instance_id"": ""1398563761166861218"", ""resource_project_id"": ""proyecto-2-cloud-509714"", ""resource_type"": ""gce_instance"", ""resource_zone"": ""us-central1-a"", ""vm"": ""mooc-web""}",1318944768
2026-09-27T02:48:45.941201Z,"{""command"": ""mailpit"", ""command_line"": ""/mailpit"", ""owner"": ""root"", ""pid"": ""7165"", ""process"": ""all"", ""resource_instance_id"": ""1398563761166861218"", ""resource_project_id"": ""proyecto-2-cloud-509714"", ""resource_type"": ""gce_instance"", ""resource_zone"": ""us-central1-a"", ""vm"": ""mooc-web""}",1318944768
2026-09-27T02:48:15.953150Z,"{""command"": ""mailpit"", ""command_line"": ""/mailpit"", ""owner"": ""root"", ""pid"": ""7165"", ""process"": ""all"", ""resource_instance_id"": ""1398563761166861218"", ""resource_project_id"": ""proyecto-2-cloud-509714"", ""resource_type"": ""gce_instance"", ""resource_zone"": ""us-central1-a"", ""vm"": ""mooc-web""}",1318944768
2026-09-27T02:47:45.942745Z,"{""command"": ""mailpit"", ""command_line"": ""/mailpit"", ""owner"": ""root"", ""pid"": ""7165"", ""process"": ""all"", ""resource_instance_id"": ""1398563761166861218"", ""resource_project_id"": ""proyecto-2-cloud-509714"", ""resource_type"": ""gce_instance"", ""resource_zone"": ""us-central1-a"", ""vm"": ""mooc-web""}",1318944768
2026-09-27T02:47:15.940840Z,"{""command"": ""mailpit"", ""command_line"": ""/mailpit"", ""owner"": ""root"", ""pid"": ""7165"", ""process"": ""all"", ""resource_instance_id"": ""1398563761166861218"", ""resource_project_id"": ""proyecto-2-cloud-509714"", ""resource_type"": ""gce_instance"", ""resource_zone"": ""us-central1-a"", ""vm"": ""mooc-web""}",1318944768
2026-09-27T02:46:45.944217Z,"{""command"": ""mailpit"", ""command_line"": ""/mailpit"", ""owner"": ""root"", ""pid"": ""7165"", ""process"": ""all"", ""resource_instance_id"": ""1398563761166861218"", ""resource_project_id"": ""proyecto-2-cloud-509714"", ""resource_type"": ""gce_instance"", ""resource_zone"": ""us-central1-a"", ""vm"": ""mooc-web""}",1318944768
2026-09-27T02:46:15.941595Z,"{""command"": ""mailpit"", ""command_line"": ""/mailpit"", ""owner"": ""root"", ""pid"": ""7165"", ""process"": ""all"", ""resource_instance_id"": ""1398563761166861218"", ""resource_project_id"": ""proyecto-2-cloud-509714"", ""resource_type"": ""gce_instance"", ""resource_zone"": ""us-central1-a"", ""vm"": ""mooc-web""}",1318944768
2026-09-27T02:45:45.948618Z,"{""command"": ""mailpit"", ""command_line"": ""/mailpit"", ""owner"": ""root"", ""pid"": ""7165"", ""process"": ""all"", ""resource_instance_id"": ""1398563761166861218"", ""resource_project_id"": ""proyecto-2-cloud-509714"", ""resource_type"": ""gce_instance"", ""resource_zone"": ""us-central1-a"", ""vm"": ""mooc-web""}",1318944768
2026-09-27T02:45:15.946044Z,"{""command"": ""mailpit"", ""command_line"": ""/mailpit"", ""owner"": ""root"", ""pid"": ""7165"", ""process"": ""all"", ""resource_instance_id"": ""1398563761166861218"", ""resource_project_id"": ""proyecto-2-cloud-509714"", ""resource_type"": ""gce_instance"", ""resource_zone"": ""us-central1-a"", ""vm"": ""mooc-web""}",1318944768
2026-09-27T02:44:45.943840Z,"{""command"": ""mailpit"", ""command_line"": ""/mailpit"", ""owner"": ""root"", ""pid"": ""7165"", ""process"": ""all"", ""resource_instance_id"": ""1398563761166861218"", ""resource_project_id"": ""proyecto-2-cloud-509714"", ""resource_type"": ""gce_instance"", ""resource_zone"": ""us-central1-a"", ""vm"": ""mooc-web""}",1318944768
2026-09-27T02:44:15.942359Z,"{""command"": ""mailpit"", ""command_line"": ""/mailpit"", ""owner"": ""root"", ""pid"": ""7165"", ""process"": ""all"", ""resource_instance_id"": ""1398563761166861218"", ""resource_project_id"": ""proyecto-2-cloud-509714"", ""resource_type"": ""gce_instance"", ""resource_zone"": ""us-central1-a"", ""vm"": ""mooc-web""}",1318944768
2026-09-27T02:43:45.941761Z,"{""command"": ""mailpit"", ""command_line"": ""/mailpit"", ""owner"": ""root"", ""pid"": ""7165"", ""process"": ""all"", ""resource_instance_id"": ""1398563761166861218"", ""resource_project_id"": ""proyecto-2-cloud-509714"", ""resource_type"": ""gce_instance"", ""resource_zone"": ""us-central1-a"", ""vm"": ""mooc-web""}",1318944768
2026-09-27T02:43:15.941434Z,"{""command"": ""mailpit"", ""command_line"": ""/mailpit"", ""owner"": ""root"", ""pid"": ""7165"", ""process"": ""all"", ""resource_instance_id"": ""1398563761166861218"", ""resource_project_id"": ""proyecto-2-cloud-509714"", ""resource_type"": ""gce_instance"", ""resource_zone"": ""us-central1-a"", ""vm"": ""mooc-web""}",1318944768
2026-09-27T02:42:45.949082Z,"{""command"": ""mailpit"", ""command_line"": ""/mailpit"", ""owner"": ""root"", ""pid"": ""7165"", ""process"": ""all"", ""resource_instance_id"": ""1398563761166861218"", ""resource_project_id"": ""proyecto-2-cloud-509714"", ""resource_type"": ""gce_instance"", ""resource_zone"": ""us-central1-a"", ""vm"": ""mooc-web""}",1318944768
2026-09-27T02:42:15.942822Z,"{""command"": ""mailpit"", ""command_line"": ""/mailpit"", ""owner"": ""root"", ""pid"": ""7165"", ""process"": ""all"", ""resource_instance_id"": ""1398563761166861218"", ""resource_project_id"": ""proyecto-2-cloud-509714"", ""resource_type"": ""gce_instance"", ""resource_zone"": ""us-central1-a"", ""vm"": ""mooc-web""}",1318944768
2026-09-27T02:41:45.943077Z,"{""command"": ""mailpit"", ""command_line"": ""/mailpit"", ""owner"": ""root"", ""pid"": ""7165"", ""process"": ""all"", ""resource_instance_id"": ""1398563761166861218"", ""resource_project_id"": ""proyecto-2-cloud-509714"", ""resource_type"": ""gce_instance"", ""resource_zone"": ""us-central1-a"", ""vm"": ""mooc-web""}",1318944768
2026-09-27T02:41:15.942990Z,"{""command"": ""mailpit"", ""command_line"": ""/mailpit"", ""owner"": ""root"", ""pid"": ""7165"", ""process"": ""all"", ""resource_instance_id"": ""1398563761166861218"", ""resource_project_id"": ""proyecto-2-cloud-509714"", ""resource_type"": ""gce_instance"", ""resource_zone"": ""us-central1-a"", ""vm"": ""mooc-web""}",1318944768
2026-09-27T02:40:45.943638Z,"{""command"": ""mailpit"", ""command_line"": ""/mailpit"", ""owner"": ""root"", ""pid"": ""7165"", ""process"": ""all"", ""resource_instance_id"": ""1398563761166861218"", ""resource_project_id"": ""proyecto-2-cloud-509714"", ""resource_type"": ""gce_instance"", ""resource_zone"": ""us-central1-a"", ""vm"": ""mooc-web""}",1318944768
2026-09-27T02:40:15.941757Z,"{""command"": ""mailpit"", ""command_line"": ""/mailpit"", ""owner"": ""root"", ""pid"": ""7165"", ""process"": ""all"", ""resource_instance_id"": ""1398563761166861218"", ""resource_project_id"": ""proyecto-2-cloud-509714"", ""resource_type"": ""gce_instance"", ""resource_zone"": ""us-central1-a"", ""vm"": ""mooc-web""}",1318944768
2026-09-27T02:39:45.944220Z,"{""command"": ""mailpit"", ""command_line"": ""/mailpit"", ""owner"": ""root"", ""pid"": ""7165"", ""process"": ""all"", ""resource_instance_id"": ""1398563761166861218"", ""resource_project_id"": ""proyecto-2-cloud-509714"", ""resource_type"": ""gce_instance"", ""resource_zone"": ""us-central1-a"", ""vm"": ""mooc-web""}",1318944768
2026-09-27T02:39:15.959480Z,"{""command"": ""mailpit"", ""command_line"": ""/mailpit"", ""owner"": ""root"", ""pid"": ""7165"", ""process"": ""all"", ""resource_instance_id"": ""1398563761166861218"", ""resource_project_id"": ""proyecto-2-cloud-509714"", ""resource_type"": ""gce_instance"", ""resource_zone"": ""us-central1-a"", ""vm"": ""mooc-web""}",1318944768
2026-09-27T02:49:45.945693Z,"{""command"": ""main"", ""command_line"": ""./main"", ""owner"": ""root"", ""pid"": ""7064"", ""process"": ""all"", ""resource_instance_id"": ""1398563761166861218"", ""resource_project_id"": ""proyecto-2-cloud-509714"", ""resource_type"": ""gce_instance"", ""resource_zone"": ""us-central1-a"", ""vm"": ""mooc-web""}",1335816192
2026-09-27T02:49:15.940433Z,"{""command"": ""main"", ""command_line"": ""./main"", ""owner"": ""root"", ""pid"": ""7064"", ""process"": ""all"", ""resource_instance_id"": ""1398563761166861218"", ""resource_project_id"": ""proyecto-2-cloud-509714"", ""resource_type"": ""gce_instance"", ""resource_zone"": ""us-central1-a"", ""vm"": ""mooc-web""}",1335816192
2026-09-27T02:48:45.941037Z,"{""command"": ""main"", ""command_line"": ""./main"", ""owner"": ""root"", ""pid"": ""7064"", ""process"": ""all"", ""resource_instance_id"": ""1398563761166861218"", ""resource_project_id"": ""proyecto-2-cloud-509714"", ""resource_type"": ""gce_instance"", ""resource_zone"": ""us-central1-a"", ""vm"": ""mooc-web""}",1335816192
2026-09-27T02:48:15.952986Z,"{""command"": ""main"", ""command_line"": ""./main"", ""owner"": ""root"", ""pid"": ""7064"", ""process"": ""all"", ""resource_instance_id"": ""1398563761166861218"", ""resource_project_id"": ""proyecto-2-cloud-509714"", ""resource_type"": ""gce_instance"", ""resource_zone"": ""us-central1-a"", ""vm"": ""mooc-web""}",1335816192
2026-09-27T02:47:45.942506Z,"{""command"": ""main"", ""command_line"": ""./main"", ""owner"": ""root"", ""pid"": ""7064"", ""process"": ""all"", ""resource_instance_id"": ""1398563761166861218"", ""resource_project_id"": ""proyecto-2-cloud-509714"", ""resource_type"": ""gce_instance"", ""resource_zone"": ""us-central1-a"", ""vm"": ""mooc-web""}",1335816192
2026-09-27T02:47:15.940596Z,"{""command"": ""main"", ""command_line"": ""./main"", ""owner"": ""root"", ""pid"": ""7064"", ""process"": ""all"", ""resource_instance_id"": ""1398563761166861218"", ""resource_project_id"": ""proyecto-2-cloud-509714"", ""resource_type"": ""gce_instance"", ""resource_zone"": ""us-central1-a"", ""vm"": ""mooc-web""}",1335816192
2026-09-27T02:46:45.943926Z,"{""command"": ""main"", ""command_line"": ""./main"", ""owner"": ""root"", ""pid"": ""7064"", ""process"": ""all"", ""resource_instance_id"": ""1398563761166861218"", ""resource_project_id"": ""proyecto-2-cloud-509714"", ""resource_type"": ""gce_instance"", ""resource_zone"": ""us-central1-a"", ""vm"": ""mooc-web""}",1335816192
2026-09-27T02:46:15.941351Z,"{""command"": ""main"", ""command_line"": ""./main"", ""owner"": ""root"", ""pid"": ""7064"", ""process"": ""all"", ""resource_instance_id"": ""1398563761166861218"", ""resource_project_id"": ""proyecto-2-cloud-509714"", ""resource_type"": ""gce_instance"", ""resource_zone"": ""us-central1-a"", ""vm"": ""mooc-web""}",1335816192
2026-09-27T02:45:45.948376Z,"{""command"": ""main"", ""command_line"": ""./main"", ""owner"": ""root"", ""pid"": ""7064"", ""process"": ""all"", ""resource_instance_id"": ""1398563761166861218"", ""resource_project_id"": ""proyecto-2-cloud-509714"", ""resource_type"": ""gce_instance"", ""resource_zone"": ""us-central1-a"", ""vm"": ""mooc-web""}",1335816192
2026-09-27T02:45:15.945860Z,"{""command"": ""main"", ""command_line"": ""./main"", ""owner"": ""root"", ""pid"": ""7064"", ""process"": ""all"", ""resource_instance_id"": ""1398563761166861218"", ""resource_project_id"": ""proyecto-2-cloud-509714"", ""resource_type"": ""gce_instance"", ""resource_zone"": ""us-central1-a"", ""vm"": ""mooc-web""}",1335816192
2026-09-27T02:44:45.943671Z,"{""command"": ""main"", ""command_line"": ""./main"", ""owner"": ""root"", ""pid"": ""7064"", ""process"": ""all"", ""resource_instance_id"": ""1398563761166861218"", ""resource_project_id"": ""proyecto-2-cloud-509714"", ""resource_type"": ""gce_instance"", ""resource_zone"": ""us-central1-a"", ""vm"": ""mooc-web""}",1335816192
2026-09-27T02:44:15.942197Z,"{""command"": ""main"", ""command_line"": ""./main"", ""owner"": ""root"", ""pid"": ""7064"", ""process"": ""all"", ""resource_instance_id"": ""1398563761166861218"", ""resource_project_id"": ""proyecto-2-cloud-509714"", ""resource_type"": ""gce_instance"", ""resource_zone"": ""us-central1-a"", ""vm"": ""mooc-web""}",1335816192
2026-09-27T02:43:45.941459Z,"{""command"": ""main"", ""command_line"": ""./main"", ""owner"": ""root"", ""pid"": ""7064"", ""process"": ""all"", ""resource_instance_id"": ""1398563761166861218"", ""resource_project_id"": ""proyecto-2-cloud-509714"", ""resource_type"": ""gce_instance"", ""resource_zone"": ""us-central1-a"", ""vm"": ""mooc-web""}",1335816192
2026-09-27T02:43:15.941274Z,"{""command"": ""main"", ""command_line"": ""./main"", ""owner"": ""root"", ""pid"": ""7064"", ""process"": ""all"", ""resource_instance_id"": ""1398563761166861218"", ""resource_project_id"": ""proyecto-2-cloud-509714"", ""resource_type"": ""gce_instance"", ""resource_zone"": ""us-central1-a"", ""vm"": ""mooc-web""}",1335816192
2026-09-27T02:42:45.948865Z,"{""command"": ""main"", ""command_line"": ""./main"", ""owner"": ""root"", ""pid"": ""7064"", ""process"": ""all"", ""resource_instance_id"": ""1398563761166861218"", ""resource_project_id"": ""proyecto-2-cloud-509714"", ""resource_type"": ""gce_instance"", ""resource_zone"": ""us-central1-a"", ""vm"": ""mooc-web""}",1335816192
2026-09-27T02:42:15.942574Z,"{""command"": ""main"", ""command_line"": ""./main"", ""owner"": ""root"", ""pid"": ""7064"", ""process"": ""all"", ""resource_instance_id"": ""1398563761166861218"", ""resource_project_id"": ""proyecto-2-cloud-509714"", ""resource_type"": ""gce_instance"", ""resource_zone"": ""us-central1-a"", ""vm"": ""mooc-web""}",1335816192
2026-09-27T02:41:45.942850Z,"{""command"": ""main"", ""command_line"": ""./main"", ""owner"": ""root"", ""pid"": ""7064"", ""process"": ""all"", ""resource_instance_id"": ""1398563761166861218"", ""resource_project_id"": ""proyecto-2-cloud-509714"", ""resource_type"": ""gce_instance"", ""resource_zone"": ""us-central1-a"", ""vm"": ""mooc-web""}",1335816192
2026-09-27T02:41:15.942787Z,"{""command"": ""main"", ""command_line"": ""./main"", ""owner"": ""root"", ""pid"": ""7064"", ""process"": ""all"", ""resource_instance_id"": ""1398563761166861218"", ""resource_project_id"": ""proyecto-2-cloud-509714"", ""resource_type"": ""gce_instance"", ""resource_zone"": ""us-central1-a"", ""vm"": ""mooc-web""}",1335816192
2026-09-27T02:40:45.943477Z,"{""command"": ""main"", ""command_line"": ""./main"", ""owner"": ""root"", ""pid"": ""7064"", ""process"": ""all"", ""resource_instance_id"": ""1398563761166861218"", ""resource_project_id"": ""proyecto-2-cloud-509714"", ""resource_type"": ""gce_instance"", ""resource_zone"": ""us-central1-a"", ""vm"": ""mooc-web""}",1335816192
2026-09-27T02:40:15.941605Z,"{""command"": ""main"", ""command_line"": ""./main"", ""owner"": ""root"", ""pid"": ""7064"", ""process"": ""all"", ""resource_instance_id"": ""1398563761166861218"", ""resource_project_id"": ""proyecto-2-cloud-509714"", ""resource_type"": ""gce_instance"", ""resource_zone"": ""us-central1-a"", ""vm"": ""mooc-web""}",1335816192
2026-09-27T02:39:45.944045Z,"{""command"": ""main"", ""command_line"": ""./main"", ""owner"": ""root"", ""pid"": ""7064"", ""process"": ""all"", ""resource_instance_id"": ""1398563761166861218"", ""resource_project_id"": ""proyecto-2-cloud-509714"", ""resource_type"": ""gce_instance"", ""resource_zone"": ""us-central1-a"", ""vm"": ""mooc-web""}",1335816192
2026-09-27T02:39:15.959260Z,"{""command"": ""main"", ""command_line"": ""./main"", ""owner"": ""root"", ""pid"": ""7064"", ""process"": ""all"", ""resource_instance_id"": ""1398563761166861218"", ""resource_project_id"": ""proyecto-2-cloud-509714"", ""resource_type"": ""gce_instance"", ""resource_zone"": ""us-central1-a"", ""vm"": ""mooc-web""}",1335816192
2026-09-27T02:49:45.940609Z,"{""command"": ""migration/0"", ""command_line"": """", ""owner"": ""root"", ""pid"": ""16"", ""process"": ""all"", ""resource_instance_id"": ""1398563761166861218"", ""resource_project_id"": ""proyecto-2-cloud-509714"", ""resource_type"": ""gce_instance"", ""resource_zone"": ""us-central1-a"", ""vm"": ""mooc-web""}",0
2026-09-27T02:49:15.936178Z,"{""command"": ""migration/0"", ""command_line"": """", ""owner"": ""root"", ""pid"": ""16"", ""process"": ""all"", ""resource_instance_id"": ""1398563761166861218"", ""resource_project_id"": ""proyecto-2-cloud-509714"", ""resource_type"": ""gce_instance"", ""resource_zone"": ""us-central1-a"", ""vm"": ""mooc-web""}",0
2026-09-27T02:48:45.936252Z,"{""command"": ""migration/0"", ""command_line"": """", ""owner"": ""root"", ""pid"": ""16"", ""process"": ""all"", ""resource_instance_id"": ""1398563761166861218"", ""resource_project_id"": ""proyecto-2-cloud-509714"", ""resource_type"": ""gce_instance"", ""resource_zone"": ""us-central1-a"", ""vm"": ""mooc-web""}",0
2026-09-27T02:48:15.945549Z,"{""command"": ""migration/0"", ""command_line"": """", ""owner"": ""root"", ""pid"": ""16"", ""process"": ""all"", ""resource_instance_id"": ""1398563761166861218"", ""resource_project_id"": ""proyecto-2-cloud-509714"", ""resource_type"": ""gce_instance"", ""resource_zone"": ""us-central1-a"", ""vm"": ""mooc-web""}",0
2026-09-27T02:47:45.936659Z,"{""command"": ""migration/0"", ""command_line"": """", ""owner"": ""root"", ""pid"": ""16"", ""process"": ""all"", ""resource_instance_id"": ""1398563761166861218"", ""resource_project_id"": ""proyecto-2-cloud-509714"", ""resource_type"": ""gce_instance"", ""resource_zone"": ""us-central1-a"", ""vm"": ""mooc-web""}",0
2026-09-27T02:47:15.936362Z,"{""command"": ""migration/0"", ""command_line"": """", ""owner"": ""root"", ""pid"": ""16"", ""process"": ""all"", ""resource_instance_id"": ""1398563761166861218"", ""resource_project_id"": ""proyecto-2-cloud-509714"", ""resource_type"": ""gce_instance"", ""resource_zone"": ""us-central1-a"", ""vm"": ""mooc-web""}",0
2026-09-27T02:46:45.938994Z,"{""command"": ""migration/0"", ""command_line"": """", ""owner"": ""root"", ""pid"": ""16"", ""process"": ""all"", ""resource_instance_id"": ""1398563761166861218"", ""resource_project_id"": ""proyecto-2-cloud-509714"", ""resource_type"": ""gce_instance"", ""resource_zone"": ""us-central1-a"", ""vm"": ""mooc-web""}",0
2026-09-27T02:46:15.935998Z,"{""command"": ""migration/0"", ""command_line"": """", ""owner"": ""root"", ""pid"": ""16"", ""process"": ""all"", ""resource_instance_id"": ""1398563761166861218"", ""resource_project_id"": ""proyecto-2-cloud-509714"", ""resource_type"": ""gce_instance"", ""resource_zone"": ""us-central1-a"", ""vm"": ""mooc-web""}",0
2026-09-27T02:45:45.941803Z,"{""command"": ""migration/0"", ""command_line"": """", ""owner"": ""root"", ""pid"": ""16"", ""process"": ""all"", ""resource_instance_id"": ""1398563761166861218"", ""resource_project_id"": ""proyecto-2-cloud-509714"", ""resource_type"": ""gce_instance"", ""resource_zone"": ""us-central1-a"", ""vm"": ""mooc-web""}",0
2026-09-27T02:45:15.941489Z,"{""command"": ""migration/0"", ""command_line"": """", ""owner"": ""root"", ""pid"": ""16"", ""process"": ""all"", ""resource_instance_id"": ""1398563761166861218"", ""resource_project_id"": ""proyecto-2-cloud-509714"", ""resource_type"": ""gce_instance"", ""resource_zone"": ""us-central1-a"", ""vm"": ""mooc-web""}",0
2026-09-27T02:44:45.937148Z,"{""command"": ""migration/0"", ""command_line"": """", ""owner"": ""root"", ""pid"": ""16"", ""process"": ""all"", ""resource_instance_id"": ""1398563761166861218"", ""resource_project_id"": ""proyecto-2-cloud-509714"", ""resource_type"": ""gce_instance"", ""resource_zone"": ""us-central1-a"", ""vm"": ""mooc-web""}",0
2026-09-27T02:44:15.938139Z,"{""command"": ""migration/0"", ""command_line"": """", ""owner"": ""root"", ""pid"": ""16"", ""process"": ""all"", ""resource_instance_id"": ""1398563761166861218"", ""resource_project_id"": ""proyecto-2-cloud-509714"", ""resource_type"": ""gce_instance"", ""resource_zone"": ""us-central1-a"", ""vm"": ""mooc-web""}",0
2026-09-27T02:43:45.936489Z,"{""command"": ""migration/0"", ""command_line"": """", ""owner"": ""root"", ""pid"": ""16"", ""process"": ""all"", ""resource_instance_id"": ""1398563761166861218"", ""resource_project_id"": ""proyecto-2-cloud-509714"", ""resource_type"": ""gce_instance"", ""resource_zone"": ""us-central1-a"", ""vm"": ""mooc-web""}",0
2026-09-27T02:43:15.936724Z,"{""command"": ""migration/0"", ""command_line"": """", ""owner"": ""root"", ""pid"": ""16"", ""process"": ""all"", ""resource_instance_id"": ""1398563761166861218"", ""resource_project_id"": ""proyecto-2-cloud-509714"", ""resource_type"": ""gce_instance"", ""resource_zone"": ""us-central1-a"", ""vm"": ""mooc-web""}",0
2026-09-27T02:42:45.944309Z,"{""command"": ""migration/0"", ""command_line"": """", ""owner"": ""root"", ""pid"": ""16"", ""process"": ""all"", ""resource_instance_id"": ""1398563761166861218"", ""resource_project_id"": ""proyecto-2-cloud-509714"", ""resource_type"": ""gce_instance"", ""resource_zone"": ""us-central1-a"", ""vm"": ""mooc-web""}",0
2026-09-27T02:42:15.936759Z,"{""command"": ""migration/0"", ""command_line"": """", ""owner"": ""root"", ""pid"": ""16"", ""process"": ""all"", ""resource_instance_id"": ""1398563761166861218"", ""resource_project_id"": ""proyecto-2-cloud-509714"", ""resource_type"": ""gce_instance"", ""resource_zone"": ""us-central1-a"", ""vm"": ""mooc-web""}",0
2026-09-27T02:41:45.938664Z,"{""command"": ""migration/0"", ""command_line"": """", ""owner"": ""root"", ""pid"": ""16"", ""process"": ""all"", ""resource_instance_id"": ""1398563761166861218"", ""resource_project_id"": ""proyecto-2-cloud-509714"", ""resource_type"": ""gce_instance"", ""resource_zone"": ""us-central1-a"", ""vm"": ""mooc-web""}",0
2026-09-27T02:41:15.938424Z,"{""command"": ""migration/0"", ""command_line"": """", ""owner"": ""root"", ""pid"": ""16"", ""process"": ""all"", ""resource_instance_id"": ""1398563761166861218"", ""resource_project_id"": ""proyecto-2-cloud-509714"", ""resource_type"": ""gce_instance"", ""resource_zone"": ""us-central1-a"", ""vm"": ""mooc-web""}",0
2026-09-27T02:40:45.939200Z,"{""command"": ""migration/0"", ""command_line"": """", ""owner"": ""root"", ""pid"": ""16"", ""process"": ""all"", ""resource_instance_id"": ""1398563761166861218"", ""resource_project_id"": ""proyecto-2-cloud-509714"", ""resource_type"": ""gce_instance"", ""resource_zone"": ""us-central1-a"", ""vm"": ""mooc-web""}",0
2026-09-27T02:40:15.936752Z,"{""command"": ""migration/0"", ""command_line"": """", ""owner"": ""root"", ""pid"": ""16"", ""process"": ""all"", ""resource_instance_id"": ""1398563761166861218"", ""resource_project_id"": ""proyecto-2-cloud-509714"", ""resource_type"": ""gce_instance"", ""resource_zone"": ""us-central1-a"", ""vm"": ""mooc-web""}",0
2026-09-27T02:39:45.937644Z,"{""command"": ""migration/0"", ""command_line"": """", ""owner"": ""root"", ""pid"": ""16"", ""process"": ""all"", ""resource_instance_id"": ""1398563761166861218"", ""resource_project_id"": ""proyecto-2-cloud-509714"", ""resource_type"": ""gce_instance"", ""resource_zone"": ""us-central1-a"", ""vm"": ""mooc-web""}",0
2026-09-27T02:39:15.953151Z,"{""command"": ""migration/0"", ""command_line"": """", ""owner"": ""root"", ""pid"": ""16"", ""process"": ""all"", ""resource_instance_id"": ""1398563761166861218"", ""resource_project_id"": ""proyecto-2-cloud-509714"", ""resource_type"": ""gce_instance"", ""resource_zone"": ""us-central1-a"", ""vm"": ""mooc-web""}",0
2026-09-27T02:49:45.940856Z,"{""command"": ""migration/1"", ""command_line"": """", ""owner"": ""root"", ""pid"": ""20"", ""process"": ""all"", ""resource_instance_id"": ""1398563761166861218"", ""resource_project_id"": ""proyecto-2-cloud-509714"", ""resource_type"": ""gce_instance"", ""resource_zone"": ""us-central1-a"", ""vm"": ""mooc-web""}",0
2026-09-27T02:49:15.936324Z,"{""command"": ""migration/1"", ""command_line"": """", ""owner"": ""root"", ""pid"": ""20"", ""process"": ""all"", ""resource_instance_id"": ""1398563761166861218"", ""resource_project_id"": ""proyecto-2-cloud-509714"", ""resource_type"": ""gce_instance"", ""resource_zone"": ""us-central1-a"", ""vm"": ""mooc-web""}",0
2026-09-27T02:48:45.936401Z,"{""command"": ""migration/1"", ""command_line"": """", ""owner"": ""root"", ""pid"": ""20"", ""process"": ""all"", ""resource_instance_id"": ""1398563761166861218"", ""resource_project_id"": ""proyecto-2-cloud-509714"", ""resource_type"": ""gce_instance"", ""resource_zone"": ""us-central1-a"", ""vm"": ""mooc-web""}",0
2026-09-27T02:48:15.945860Z,"{""command"": ""migration/1"", ""command_line"": """", ""owner"": ""root"", ""pid"": ""20"", ""process"": ""all"", ""resource_instance_id"": ""1398563761166861218"", ""resource_project_id"": ""proyecto-2-cloud-509714"", ""resource_type"": ""gce_instance"", ""resource_zone"": ""us-central1-a"", ""vm"": ""mooc-web""}",0
2026-09-27T02:47:45.936809Z,"{""command"": ""migration/1"", ""command_line"": """", ""owner"": ""root"", ""pid"": ""20"", ""process"": ""all"", ""resource_instance_id"": ""1398563761166861218"", ""resource_project_id"": ""proyecto-2-cloud-509714"", ""resource_type"": ""gce_instance"", ""resource_zone"": ""us-central1-a"", ""vm"": ""mooc-web""}",0
2026-09-27T02:47:15.936513Z,"{""command"": ""migration/1"", ""command_line"": """", ""owner"": ""root"", ""pid"": ""20"", ""process"": ""all"", ""resource_instance_id"": ""1398563761166861218"", ""resource_project_id"": ""proyecto-2-cloud-509714"", ""resource_type"": ""gce_instance"", ""resource_zone"": ""us-central1-a"", ""vm"": ""mooc-web""}",0
2026-09-27T02:46:45.939161Z,"{""command"": ""migration/1"", ""command_line"": """", ""owner"": ""root"", ""pid"": ""20"", ""process"": ""all"", ""resource_instance_id"": ""1398563761166861218"", ""resource_project_id"": ""proyecto-2-cloud-509714"", ""resource_type"": ""gce_instance"", ""resource_zone"": ""us-central1-a"", ""vm"": ""mooc-web""}",0
2026-09-27T02:46:15.936146Z,"{""command"": ""migration/1"", ""command_line"": """", ""owner"": ""root"", ""pid"": ""20"", ""process"": ""all"", ""resource_instance_id"": ""1398563761166861218"", ""resource_project_id"": ""proyecto-2-cloud-509714"", ""resource_type"": ""gce_instance"", ""resource_zone"": ""us-central1-a"", ""vm"": ""mooc-web""}",0
2026-09-27T02:45:45.942073Z,"{""command"": ""migration/1"", ""command_line"": """", ""owner"": ""root"", ""pid"": ""20"", ""process"": ""all"", ""resource_instance_id"": ""1398563761166861218"", ""resource_project_id"": ""proyecto-2-cloud-509714"", ""resource_type"": ""gce_instance"", ""resource_zone"": ""us-central1-a"", ""vm"": ""mooc-web""}",0
2026-09-27T02:45:15.941652Z,"{""command"": ""migration/1"", ""command_line"": """", ""owner"": ""root"", ""pid"": ""20"", ""process"": ""all"", ""resource_instance_id"": ""1398563761166861218"", ""resource_project_id"": ""proyecto-2-cloud-509714"", ""resource_type"": ""gce_instance"", ""resource_zone"": ""us-central1-a"", ""vm"": ""mooc-web""}",0
2026-09-27T02:44:45.937315Z,"{""command"": ""migration/1"", ""command_line"": """", ""owner"": ""root"", ""pid"": ""20"", ""process"": ""all"", ""resource_instance_id"": ""1398563761166861218"", ""resource_project_id"": ""proyecto-2-cloud-509714"", ""resource_type"": ""gce_instance"", ""resource_zone"": ""us-central1-a"", ""vm"": ""mooc-web""}",0
2026-09-27T02:44:15.938352Z,"{""command"": ""migration/1"", ""command_line"": """", ""owner"": ""root"", ""pid"": ""20"", ""process"": ""all"", ""resource_instance_id"": ""1398563761166861218"", ""resource_project_id"": ""proyecto-2-cloud-509714"", ""resource_type"": ""gce_instance"", ""resource_zone"": ""us-central1-a"", ""vm"": ""mooc-web""}",0
2026-09-27T02:43:45.936636Z,"{""command"": ""migration/1"", ""command_line"": """", ""owner"": ""root"", ""pid"": ""20"", ""process"": ""all"", ""resource_instance_id"": ""1398563761166861218"", ""resource_project_id"": ""proyecto-2-cloud-509714"", ""resource_type"": ""gce_instance"", ""resource_zone"": ""us-central1-a"", ""vm"": ""mooc-web""}",0
2026-09-27T02:43:15.936870Z,"{""command"": ""migration/1"", ""command_line"": """", ""owner"": ""root"", ""pid"": ""20"", ""process"": ""all"", ""resource_instance_id"": ""1398563761166861218"", ""resource_project_id"": ""proyecto-2-cloud-509714"", ""resource_type"": ""gce_instance"", ""resource_zone"": ""us-central1-a"", ""vm"": ""mooc-web""}",0
2026-09-27T02:42:45.944497Z,"{""command"": ""migration/1"", ""command_line"": """", ""owner"": ""root"", ""pid"": ""20"", ""process"": ""all"", ""resource_instance_id"": ""1398563761166861218"", ""resource_project_id"": ""proyecto-2-cloud-509714"", ""resource_type"": ""gce_instance"", ""resource_zone"": ""us-central1-a"", ""vm"": ""mooc-web""}",0
2026-09-27T02:42:15.936927Z,"{""command"": ""migration/1"", ""command_line"": """", ""owner"": ""root"", ""pid"": ""20"", ""process"": ""all"", ""resource_instance_id"": ""1398563761166861218"", ""resource_project_id"": ""proyecto-2-cloud-509714"", ""resource_type"": ""gce_instance"", ""resource_zone"": ""us-central1-a"", ""vm"": ""mooc-web""}",0
2026-09-27T02:41:45.938812Z,"{""command"": ""migration/1"", ""command_line"": """", ""owner"": ""root"", ""pid"": ""20"", ""process"": ""all"", ""resource_instance_id"": ""1398563761166861218"", ""resource_project_id"": ""proyecto-2-cloud-509714"", ""resource_type"": ""gce_instance"", ""resource_zone"": ""us-central1-a"", ""vm"": ""mooc-web""}",0
2026-09-27T02:41:15.938583Z,"{""command"": ""migration/1"", ""command_line"": """", ""owner"": ""root"", ""pid"": ""20"", ""process"": ""all"", ""resource_instance_id"": ""1398563761166861218"", ""resource_project_id"": ""proyecto-2-cloud-509714"", ""resource_type"": ""gce_instance"", ""resource_zone"": ""us-central1-a"", ""vm"": ""mooc-web""}",0
2026-09-27T02:40:45.939374Z,"{""command"": ""migration/1"", ""command_line"": """", ""owner"": ""root"", ""pid"": ""20"", ""process"": ""all"", ""resource_instance_id"": ""1398563761166861218"", ""resource_project_id"": ""proyecto-2-cloud-509714"", ""resource_type"": ""gce_instance"", ""resource_zone"": ""us-central1-a"", ""vm"": ""mooc-web""}",0
2026-09-27T02:40:15.936901Z,"{""command"": ""migration/1"", ""command_line"": """", ""owner"": ""root"", ""pid"": ""20"", ""process"": ""all"", ""resource_instance_id"": ""1398563761166861218"", ""resource_project_id"": ""proyecto-2-cloud-509714"", ""resource_type"": ""gce_instance"", ""resource_zone"": ""us-central1-a"", ""vm"": ""mooc-web""}",0
2026-09-27T02:39:45.937870Z,"{""command"": ""migration/1"", ""command_line"": """", ""owner"": ""root"", ""pid"": ""20"", ""process"": ""all"", ""resource_instance_id"": ""1398563761166861218"", ""resource_project_id"": ""proyecto-2-cloud-509714"", ""resource_type"": ""gce_instance"", ""resource_zone"": ""us-central1-a"", ""vm"": ""mooc-web""}",0
2026-09-27T02:39:15.953355Z,"{""command"": ""migration/1"", ""command_line"": """", ""owner"": ""root"", ""pid"": ""20"", ""process"": ""all"", ""resource_instance_id"": ""1398563761166861218"", ""resource_project_id"": ""proyecto-2-cloud-509714"", ""resource_type"": ""gce_instance"", ""resource_zone"": ""us-central1-a"", ""vm"": ""mooc-web""}",0
2026-09-27T02:49:45.942708Z,"{""command"": ""mld"", ""command_line"": """", ""owner"": ""root"", ""pid"": ""59"", ""process"": ""all"", ""resource_instance_id"": ""1398563761166861218"", ""resource_project_id"": ""proyecto-2-cloud-509714"", ""resource_type"": ""gce_instance"", ""resource_zone"": ""us-central1-a"", ""vm"": ""mooc-web""}",0
2026-09-27T02:49:15.937670Z,"{""command"": ""mld"", ""command_line"": """", ""owner"": ""root"", ""pid"": ""59"", ""process"": ""all"", ""resource_instance_id"": ""1398563761166861218"", ""resource_project_id"": ""proyecto-2-cloud-509714"", ""resource_type"": ""gce_instance"", ""resource_zone"": ""us-central1-a"", ""vm"": ""mooc-web""}",0
2026-09-27T02:48:45.938106Z,"{""command"": ""mld"", ""command_line"": """", ""owner"": ""root"", ""pid"": ""59"", ""process"": ""all"", ""resource_instance_id"": ""1398563761166861218"", ""resource_project_id"": ""proyecto-2-cloud-509714"", ""resource_type"": ""gce_instance"", ""resource_zone"": ""us-central1-a"", ""vm"": ""mooc-web""}",0
2026-09-27T02:48:15.949729Z,"{""command"": ""mld"", ""command_line"": """", ""owner"": ""root"", ""pid"": ""59"", ""process"": ""all"", ""resource_instance_id"": ""1398563761166861218"", ""resource_project_id"": ""proyecto-2-cloud-509714"", ""resource_type"": ""gce_instance"", ""resource_zone"": ""us-central1-a"", ""vm"": ""mooc-web""}",0
2026-09-27T02:47:45.938486Z,"{""command"": ""mld"", ""command_line"": """", ""owner"": ""root"", ""pid"": ""59"", ""process"": ""all"", ""resource_instance_id"": ""1398563761166861218"", ""resource_project_id"": ""proyecto-2-cloud-509714"", ""resource_type"": ""gce_instance"", ""resource_zone"": ""us-central1-a"", ""vm"": ""mooc-web""}",0
2026-09-27T02:47:15.937769Z,"{""command"": ""mld"", ""command_line"": """", ""owner"": ""root"", ""pid"": ""59"", ""process"": ""all"", ""resource_instance_id"": ""1398563761166861218"", ""resource_project_id"": ""proyecto-2-cloud-509714"", ""resource_type"": ""gce_instance"", ""resource_zone"": ""us-central1-a"", ""vm"": ""mooc-web""}",0
2026-09-27T02:46:45.940488Z,"{""command"": ""mld"", ""command_line"": """", ""owner"": ""root"", ""pid"": ""59"", ""process"": ""all"", ""resource_instance_id"": ""1398563761166861218"", ""resource_project_id"": ""proyecto-2-cloud-509714"", ""resource_type"": ""gce_instance"", ""resource_zone"": ""us-central1-a"", ""vm"": ""mooc-web""}",0
2026-09-27T02:46:15.937437Z,"{""command"": ""mld"", ""command_line"": """", ""owner"": ""root"", ""pid"": ""59"", ""process"": ""all"", ""resource_instance_id"": ""1398563761166861218"", ""resource_project_id"": ""proyecto-2-cloud-509714"", ""resource_type"": ""gce_instance"", ""resource_zone"": ""us-central1-a"", ""vm"": ""mooc-web""}",0
2026-09-27T02:45:45.944430Z,"{""command"": ""mld"", ""command_line"": """", ""owner"": ""root"", ""pid"": ""59"", ""process"": ""all"", ""resource_instance_id"": ""1398563761166861218"", ""resource_project_id"": ""proyecto-2-cloud-509714"", ""resource_type"": ""gce_instance"", ""resource_zone"": ""us-central1-a"", ""vm"": ""mooc-web""}",0
2026-09-27T02:45:15.943104Z,"{""command"": ""mld"", ""command_line"": """", ""owner"": ""root"", ""pid"": ""59"", ""process"": ""all"", ""resource_instance_id"": ""1398563761166861218"", ""resource_project_id"": ""proyecto-2-cloud-509714"", ""resource_type"": ""gce_instance"", ""resource_zone"": ""us-central1-a"", ""vm"": ""mooc-web""}",0
2026-09-27T02:44:45.939498Z,"{""command"": ""mld"", ""command_line"": """", ""owner"": ""root"", ""pid"": ""59"", ""process"": ""all"", ""resource_instance_id"": ""1398563761166861218"", ""resource_project_id"": ""proyecto-2-cloud-509714"", ""resource_type"": ""gce_instance"", ""resource_zone"": ""us-central1-a"", ""vm"": ""mooc-web""}",0
2026-09-27T02:44:15.939664Z,"{""command"": ""mld"", ""command_line"": """", ""owner"": ""root"", ""pid"": ""59"", ""process"": ""all"", ""resource_instance_id"": ""1398563761166861218"", ""resource_project_id"": ""proyecto-2-cloud-509714"", ""resource_type"": ""gce_instance"", ""resource_zone"": ""us-central1-a"", ""vm"": ""mooc-web""}",0
2026-09-27T02:43:45.937956Z,"{""command"": ""mld"", ""command_line"": """", ""owner"": ""root"", ""pid"": ""59"", ""process"": ""all"", ""resource_instance_id"": ""1398563761166861218"", ""resource_project_id"": ""proyecto-2-cloud-509714"", ""resource_type"": ""gce_instance"", ""resource_zone"": ""us-central1-a"", ""vm"": ""mooc-web""}",0
2026-09-27T02:43:15.938195Z,"{""command"": ""mld"", ""command_line"": """", ""owner"": ""root"", ""pid"": ""59"", ""process"": ""all"", ""resource_instance_id"": ""1398563761166861218"", ""resource_project_id"": ""proyecto-2-cloud-509714"", ""resource_type"": ""gce_instance"", ""resource_zone"": ""us-central1-a"", ""vm"": ""mooc-web""}",0
2026-09-27T02:42:45.945794Z,"{""command"": ""mld"", ""command_line"": """", ""owner"": ""root"", ""pid"": ""59"", ""process"": ""all"", ""resource_instance_id"": ""1398563761166861218"", ""resource_project_id"": ""proyecto-2-cloud-509714"", ""resource_type"": ""gce_instance"", ""resource_zone"": ""us-central1-a"", ""vm"": ""mooc-web""}",0
2026-09-27T02:42:15.938595Z,"{""command"": ""mld"", ""command_line"": """", ""owner"": ""root"", ""pid"": ""59"", ""process"": ""all"", ""resource_instance_id"": ""1398563761166861218"", ""resource_project_id"": ""proyecto-2-cloud-509714"", ""resource_type"": ""gce_instance"", ""resource_zone"": ""us-central1-a"", ""vm"": ""mooc-web""}",0
2026-09-27T02:41:45.940186Z,"{""command"": ""mld"", ""command_line"": """", ""owner"": ""root"", ""pid"": ""59"", ""process"": ""all"", ""resource_instance_id"": ""1398563761166861218"", ""resource_project_id"": ""proyecto-2-cloud-509714"", ""resource_type"": ""gce_instance"", ""resource_zone"": ""us-central1-a"", ""vm"": ""mooc-web""}",0
2026-09-27T02:41:15.939994Z,"{""command"": ""mld"", ""command_line"": """", ""owner"": ""root"", ""pid"": ""59"", ""process"": ""all"", ""resource_instance_id"": ""1398563761166861218"", ""resource_project_id"": ""proyecto-2-cloud-509714"", ""resource_type"": ""gce_instance"", ""resource_zone"": ""us-central1-a"", ""vm"": ""mooc-web""}",0
2026-09-27T02:40:45.940673Z,"{""command"": ""mld"", ""command_line"": """", ""owner"": ""root"", ""pid"": ""59"", ""process"": ""all"", ""resource_instance_id"": ""1398563761166861218"", ""resource_project_id"": ""proyecto-2-cloud-509714"", ""resource_type"": ""gce_instance"", ""resource_zone"": ""us-central1-a"", ""vm"": ""mooc-web""}",0
2026-09-27T02:40:15.938580Z,"{""command"": ""mld"", ""command_line"": """", ""owner"": ""root"", ""pid"": ""59"", ""process"": ""all"", ""resource_instance_id"": ""1398563761166861218"", ""resource_project_id"": ""proyecto-2-cloud-509714"", ""resource_type"": ""gce_instance"", ""resource_zone"": ""us-central1-a"", ""vm"": ""mooc-web""}",0
2026-09-27T02:39:45.939829Z,"{""command"": ""mld"", ""command_line"": """", ""owner"": ""root"", ""pid"": ""59"", ""process"": ""all"", ""resource_instance_id"": ""1398563761166861218"", ""resource_project_id"": ""proyecto-2-cloud-509714"", ""resource_type"": ""gce_instance"", ""resource_zone"": ""us-central1-a"", ""vm"": ""mooc-web""}",0
2026-09-27T02:39:15.955127Z,"{""command"": ""mld"", ""command_line"": """", ""owner"": ""root"", ""pid"": ""59"", ""process"": ""all"", ""resource_instance_id"": ""1398563761166861218"", ""resource_project_id"": ""proyecto-2-cloud-509714"", ""resource_type"": ""gce_instance"", ""resource_zone"": ""us-central1-a"", ""vm"": ""mooc-web""}",0
2026-09-27T02:49:45.940196Z,"{""command"": ""mm_percpu_wq"", ""command_line"": """", ""owner"": ""root"", ""pid"": ""10"", ""process"": ""all"", ""resource_instance_id"": ""1398563761166861218"", ""resource_project_id"": ""proyecto-2-cloud-509714"", ""resource_type"": ""gce_instance"", ""resource_zone"": ""us-central1-a"", ""vm"": ""mooc-web""}",0
2026-09-27T02:49:15.935875Z,"{""command"": ""mm_percpu_wq"", ""command_line"": """", ""owner"": ""root"", ""pid"": ""10"", ""process"": ""all"", ""resource_instance_id"": ""1398563761166861218"", ""resource_project_id"": ""proyecto-2-cloud-509714"", ""resource_type"": ""gce_instance"", ""resource_zone"": ""us-central1-a"", ""vm"": ""mooc-web""}",0
2026-09-27T02:48:45.935952Z,"{""command"": ""mm_percpu_wq"", ""command_line"": """", ""owner"": ""root"", ""pid"": ""10"", ""process"": ""all"", ""resource_instance_id"": ""1398563761166861218"", ""resource_project_id"": ""proyecto-2-cloud-509714"", ""resource_type"": ""gce_instance"", ""resource_zone"": ""us-central1-a"", ""vm"": ""mooc-web""}",0
2026-09-27T02:48:15.944874Z,"{""command"": ""mm_percpu_wq"", ""command_line"": """", ""owner"": ""root"", ""pid"": ""10"", ""process"": ""all"", ""resource_instance_id"": ""1398563761166861218"", ""resource_project_id"": ""proyecto-2-cloud-509714"", ""resource_type"": ""gce_instance"", ""resource_zone"": ""us-central1-a"", ""vm"": ""mooc-web""}",0
2026-09-27T02:47:45.936356Z,"{""command"": ""mm_percpu_wq"", ""command_line"": """", ""owner"": ""root"", ""pid"": ""10"", ""process"": ""all"", ""resource_instance_id"": ""1398563761166861218"", ""resource_project_id"": ""proyecto-2-cloud-509714"", ""resource_type"": ""gce_instance"", ""resource_zone"": ""us-central1-a"", ""vm"": ""mooc-web""}",0
2026-09-27T02:47:15.936068Z,"{""command"": ""mm_percpu_wq"", ""command_line"": """", ""owner"": ""root"", ""pid"": ""10"", ""process"": ""all"", ""resource_instance_id"": ""1398563761166861218"", ""resource_project_id"": ""proyecto-2-cloud-509714"", ""resource_type"": ""gce_instance"", ""resource_zone"": ""us-central1-a"", ""vm"": ""mooc-web""}",0
2026-09-27T02:46:45.938649Z,"{""command"": ""mm_percpu_wq"", ""command_line"": """", ""owner"": ""root"", ""pid"": ""10"", ""process"": ""all"", ""resource_instance_id"": ""1398563761166861218"", ""resource_project_id"": ""proyecto-2-cloud-509714"", ""resource_type"": ""gce_instance"", ""resource_zone"": ""us-central1-a"", ""vm"": ""mooc-web""}",0
2026-09-27T02:46:15.935696Z,"{""command"": ""mm_percpu_wq"", ""command_line"": """", ""owner"": ""root"", ""pid"": ""10"", ""process"": ""all"", ""resource_instance_id"": ""1398563761166861218"", ""resource_project_id"": ""proyecto-2-cloud-509714"", ""resource_type"": ""gce_instance"", ""resource_zone"": ""us-central1-a"", ""vm"": ""mooc-web""}",0
2026-09-27T02:45:45.941318Z,"{""command"": ""mm_percpu_wq"", ""command_line"": """", ""owner"": ""root"", ""pid"": ""10"", ""process"": ""all"", ""resource_instance_id"": ""1398563761166861218"", ""resource_project_id"": ""proyecto-2-cloud-509714"", ""resource_type"": ""gce_instance"", ""resource_zone"": ""us-central1-a"", ""vm"": ""mooc-web""}",0
2026-09-27T02:45:15.941160Z,"{""command"": ""mm_percpu_wq"", ""command_line"": """", ""owner"": ""root"", ""pid"": ""10"", ""process"": ""all"", ""resource_instance_id"": ""1398563761166861218"", ""resource_project_id"": ""proyecto-2-cloud-509714"", ""resource_type"": ""gce_instance"", ""resource_zone"": ""us-central1-a"", ""vm"": ""mooc-web""}",0
2026-09-27T02:44:45.936804Z,"{""command"": ""mm_percpu_wq"", ""command_line"": """", ""owner"": ""root"", ""pid"": ""10"", ""process"": ""all"", ""resource_instance_id"": ""1398563761166861218"", ""resource_project_id"": ""proyecto-2-cloud-509714"", ""resource_type"": ""gce_instance"", ""resource_zone"": ""us-central1-a"", ""vm"": ""mooc-web""}",0
2026-09-27T02:44:15.937798Z,"{""command"": ""mm_percpu_wq"", ""command_line"": """", ""owner"": ""root"", ""pid"": ""10"", ""process"": ""all"", ""resource_instance_id"": ""1398563761166861218"", ""resource_project_id"": ""proyecto-2-cloud-509714"", ""resource_type"": ""gce_instance"", ""resource_zone"": ""us-central1-a"", ""vm"": ""mooc-web""}",0
2026-09-27T02:43:45.936179Z,"{""command"": ""mm_percpu_wq"", ""command_line"": """", ""owner"": ""root"", ""pid"": ""10"", ""process"": ""all"", ""resource_instance_id"": ""1398563761166861218"", ""resource_project_id"": ""proyecto-2-cloud-509714"", ""resource_type"": ""gce_instance"", ""resource_zone"": ""us-central1-a"", ""vm"": ""mooc-web""}",0
2026-09-27T02:43:15.936420Z,"{""command"": ""mm_percpu_wq"", ""command_line"": """", ""owner"": ""root"", ""pid"": ""10"", ""process"": ""all"", ""resource_instance_id"": ""1398563761166861218"", ""resource_project_id"": ""proyecto-2-cloud-509714"", ""resource_type"": ""gce_instance"", ""resource_zone"": ""us-central1-a"", ""vm"": ""mooc-web""}",0
2026-09-27T02:42:45.944009Z,"{""command"": ""mm_percpu_wq"", ""command_line"": """", ""owner"": ""root"", ""pid"": ""10"", ""process"": ""all"", ""resource_instance_id"": ""1398563761166861218"", ""resource_project_id"": ""proyecto-2-cloud-509714"", ""resource_type"": ""gce_instance"", ""resource_zone"": ""us-central1-a"", ""vm"": ""mooc-web""}",0
2026-09-27T02:42:15.936424Z,"{""command"": ""mm_percpu_wq"", ""command_line"": """", ""owner"": ""root"", ""pid"": ""10"", ""process"": ""all"", ""resource_instance_id"": ""1398563761166861218"", ""resource_project_id"": ""proyecto-2-cloud-509714"", ""resource_type"": ""gce_instance"", ""resource_zone"": ""us-central1-a"", ""vm"": ""mooc-web""}",0
2026-09-27T02:41:45.938291Z,"{""command"": ""mm_percpu_wq"", ""command_line"": """", ""owner"": ""root"", ""pid"": ""10"", ""process"": ""all"", ""resource_instance_id"": ""1398563761166861218"", ""resource_project_id"": ""proyecto-2-cloud-509714"", ""resource_type"": ""gce_instance"", ""resource_zone"": ""us-central1-a"", ""vm"": ""mooc-web""}",0
2026-09-27T02:41:15.938114Z,"{""command"": ""mm_percpu_wq"", ""command_line"": """", ""owner"": ""root"", ""pid"": ""10"", ""process"": ""all"", ""resource_instance_id"": ""1398563761166861218"", ""resource_project_id"": ""proyecto-2-cloud-509714"", ""resource_type"": ""gce_instance"", ""resource_zone"": ""us-central1-a"", ""vm"": ""mooc-web""}",0
2026-09-27T02:40:45.938818Z,"{""command"": ""mm_percpu_wq"", ""command_line"": """", ""owner"": ""root"", ""pid"": ""10"", ""process"": ""all"", ""resource_instance_id"": ""1398563761166861218"", ""resource_project_id"": ""proyecto-2-cloud-509714"", ""resource_type"": ""gce_instance"", ""resource_zone"": ""us-central1-a"", ""vm"": ""mooc-web""}",0
2026-09-27T02:40:15.936433Z,"{""command"": ""mm_percpu_wq"", ""command_line"": """", ""owner"": ""root"", ""pid"": ""10"", ""process"": ""all"", ""resource_instance_id"": ""1398563761166861218"", ""resource_project_id"": ""proyecto-2-cloud-509714"", ""resource_type"": ""gce_instance"", ""resource_zone"": ""us-central1-a"", ""vm"": ""mooc-web""}",0
2026-09-27T02:39:45.937287Z,"{""command"": ""mm_percpu_wq"", ""command_line"": """", ""owner"": ""root"", ""pid"": ""10"", ""process"": ""all"", ""resource_instance_id"": ""1398563761166861218"", ""resource_project_id"": ""proyecto-2-cloud-509714"", ""resource_type"": ""gce_instance"", ""resource_zone"": ""us-central1-a"", ""vm"": ""mooc-web""}",0
2026-09-27T02:39:15.952737Z,"{""command"": ""mm_percpu_wq"", ""command_line"": """", ""owner"": ""root"", ""pid"": ""10"", ""process"": ""all"", ""resource_instance_id"": ""1398563761166861218"", ""resource_project_id"": ""proyecto-2-cloud-509714"", ""resource_type"": ""gce_instance"", ""resource_zone"": ""us-central1-a"", ""vm"": ""mooc-web""}",0
2026-09-27T02:49:45.940064Z,"{""command"": ""netns"", ""command_line"": """", ""owner"": ""root"", ""pid"": ""6"", ""process"": ""all"", ""resource_instance_id"": ""1398563761166861218"", ""resource_project_id"": ""proyecto-2-cloud-509714"", ""resource_type"": ""gce_instance"", ""resource_zone"": ""us-central1-a"", ""vm"": ""mooc-web""}",0
2026-09-27T02:49:15.935775Z,"{""command"": ""netns"", ""command_line"": """", ""owner"": ""root"", ""pid"": ""6"", ""process"": ""all"", ""resource_instance_id"": ""1398563761166861218"", ""resource_project_id"": ""proyecto-2-cloud-509714"", ""resource_type"": ""gce_instance"", ""resource_zone"": ""us-central1-a"", ""vm"": ""mooc-web""}",0
2026-09-27T02:48:45.935849Z,"{""command"": ""netns"", ""command_line"": """", ""owner"": ""root"", ""pid"": ""6"", ""process"": ""all"", ""resource_instance_id"": ""1398563761166861218"", ""resource_project_id"": ""proyecto-2-cloud-509714"", ""resource_type"": ""gce_instance"", ""resource_zone"": ""us-central1-a"", ""vm"": ""mooc-web""}",0
2026-09-27T02:48:15.944625Z,"{""command"": ""netns"", ""command_line"": """", ""owner"": ""root"", ""pid"": ""6"", ""process"": ""all"", ""resource_instance_id"": ""1398563761166861218"", ""resource_project_id"": ""proyecto-2-cloud-509714"", ""resource_type"": ""gce_instance"", ""resource_zone"": ""us-central1-a"", ""vm"": ""mooc-web""}",0
2026-09-27T02:47:45.936259Z,"{""command"": ""netns"", ""command_line"": """", ""owner"": ""root"", ""pid"": ""6"", ""process"": ""all"", ""resource_instance_id"": ""1398563761166861218"", ""resource_project_id"": ""proyecto-2-cloud-509714"", ""resource_type"": ""gce_instance"", ""resource_zone"": ""us-central1-a"", ""vm"": ""mooc-web""}",0
2026-09-27T02:47:15.935962Z,"{""command"": ""netns"", ""command_line"": """", ""owner"": ""root"", ""pid"": ""6"", ""process"": ""all"", ""resource_instance_id"": ""1398563761166861218"", ""resource_project_id"": ""proyecto-2-cloud-509714"", ""resource_type"": ""gce_instance"", ""resource_zone"": ""us-central1-a"", ""vm"": ""mooc-web""}",0
2026-09-27T02:46:45.938541Z,"{""command"": ""netns"", ""command_line"": """", ""owner"": ""root"", ""pid"": ""6"", ""process"": ""all"", ""resource_instance_id"": ""1398563761166861218"", ""resource_project_id"": ""proyecto-2-cloud-509714"", ""resource_type"": ""gce_instance"", ""resource_zone"": ""us-central1-a"", ""vm"": ""mooc-web""}",0
2026-09-27T02:46:15.935601Z,"{""command"": ""netns"", ""command_line"": """", ""owner"": ""root"", ""pid"": ""6"", ""process"": ""all"", ""resource_instance_id"": ""1398563761166861218"", ""resource_project_id"": ""proyecto-2-cloud-509714"", ""resource_type"": ""gce_instance"", ""resource_zone"": ""us-central1-a"", ""vm"": ""mooc-web""}",0
2026-09-27T02:45:45.941118Z,"{""command"": ""netns"", ""command_line"": """", ""owner"": ""root"", ""pid"": ""6"", ""process"": ""all"", ""resource_instance_id"": ""1398563761166861218"", ""resource_project_id"": ""proyecto-2-cloud-509714"", ""resource_type"": ""gce_instance"", ""resource_zone"": ""us-central1-a"", ""vm"": ""mooc-web""}",0
2026-09-27T02:45:15.941050Z,"{""command"": ""netns"", ""command_line"": """", ""owner"": ""root"", ""pid"": ""6"", ""process"": ""all"", ""resource_instance_id"": ""1398563761166861218"", ""resource_project_id"": ""proyecto-2-cloud-509714"", ""resource_type"": ""gce_instance"", ""resource_zone"": ""us-central1-a"", ""vm"": ""mooc-web""}",0
2026-09-27T02:44:45.936689Z,"{""command"": ""netns"", ""command_line"": """", ""owner"": ""root"", ""pid"": ""6"", ""process"": ""all"", ""resource_instance_id"": ""1398563761166861218"", ""resource_project_id"": ""proyecto-2-cloud-509714"", ""resource_type"": ""gce_instance"", ""resource_zone"": ""us-central1-a"", ""vm"": ""mooc-web""}",0
2026-09-27T02:44:15.937691Z,"{""command"": ""netns"", ""command_line"": """", ""owner"": ""root"", ""pid"": ""6"", ""process"": ""all"", ""resource_instance_id"": ""1398563761166861218"", ""resource_project_id"": ""proyecto-2-cloud-509714"", ""resource_type"": ""gce_instance"", ""resource_zone"": ""us-central1-a"", ""vm"": ""mooc-web""}",0
2026-09-27T02:43:45.936080Z,"{""command"": ""netns"", ""command_line"": """", ""owner"": ""root"", ""pid"": ""6"", ""process"": ""all"", ""resource_instance_id"": ""1398563761166861218"", ""resource_project_id"": ""proyecto-2-cloud-509714"", ""resource_type"": ""gce_instance"", ""resource_zone"": ""us-central1-a"", ""vm"": ""mooc-web""}",0
2026-09-27T02:43:15.936319Z,"{""command"": ""netns"", ""command_line"": """", ""owner"": ""root"", ""pid"": ""6"", ""process"": ""all"", ""resource_instance_id"": ""1398563761166861218"", ""resource_project_id"": ""proyecto-2-cloud-509714"", ""resource_type"": ""gce_instance"", ""resource_zone"": ""us-central1-a"", ""vm"": ""mooc-web""}",0
2026-09-27T02:42:45.943852Z,"{""command"": ""netns"", ""command_line"": """", ""owner"": ""root"", ""pid"": ""6"", ""process"": ""all"", ""resource_instance_id"": ""1398563761166861218"", ""resource_project_id"": ""proyecto-2-cloud-509714"", ""resource_type"": ""gce_instance"", ""resource_zone"": ""us-central1-a"", ""vm"": ""mooc-web""}",0
2026-09-27T02:42:15.936275Z,"{""command"": ""netns"", ""command_line"": """", ""owner"": ""root"", ""pid"": ""6"", ""process"": ""all"", ""resource_instance_id"": ""1398563761166861218"", ""resource_project_id"": ""proyecto-2-cloud-509714"", ""resource_type"": ""gce_instance"", ""resource_zone"": ""us-central1-a"", ""vm"": ""mooc-web""}",0
2026-09-27T02:41:45.938135Z,"{""command"": ""netns"", ""command_line"": """", ""owner"": ""root"", ""pid"": ""6"", ""process"": ""all"", ""resource_instance_id"": ""1398563761166861218"", ""resource_project_id"": ""proyecto-2-cloud-509714"", ""resource_type"": ""gce_instance"", ""resource_zone"": ""us-central1-a"", ""vm"": ""mooc-web""}",0
2026-09-27T02:41:15.937930Z,"{""command"": ""netns"", ""command_line"": """", ""owner"": ""root"", ""pid"": ""6"", ""process"": ""all"", ""resource_instance_id"": ""1398563761166861218"", ""resource_project_id"": ""proyecto-2-cloud-509714"", ""resource_type"": ""gce_instance"", ""resource_zone"": ""us-central1-a"", ""vm"": ""mooc-web""}",0
2026-09-27T02:40:45.938663Z,"{""command"": ""netns"", ""command_line"": """", ""owner"": ""root"", ""pid"": ""6"", ""process"": ""all"", ""resource_instance_id"": ""1398563761166861218"", ""resource_project_id"": ""proyecto-2-cloud-509714"", ""resource_type"": ""gce_instance"", ""resource_zone"": ""us-central1-a"", ""vm"": ""mooc-web""}",0
2026-09-27T02:40:15.936284Z,"{""command"": ""netns"", ""command_line"": """", ""owner"": ""root"", ""pid"": ""6"", ""process"": ""all"", ""resource_instance_id"": ""1398563761166861218"", ""resource_project_id"": ""proyecto-2-cloud-509714"", ""resource_type"": ""gce_instance"", ""resource_zone"": ""us-central1-a"", ""vm"": ""mooc-web""}",0
2026-09-27T02:39:45.937125Z,"{""command"": ""netns"", ""command_line"": """", ""owner"": ""root"", ""pid"": ""6"", ""process"": ""all"", ""resource_instance_id"": ""1398563761166861218"", ""resource_project_id"": ""proyecto-2-cloud-509714"", ""resource_type"": ""gce_instance"", ""resource_zone"": ""us-central1-a"", ""vm"": ""mooc-web""}",0
2026-09-27T02:39:15.952569Z,"{""command"": ""netns"", ""command_line"": """", ""owner"": ""root"", ""pid"": ""6"", ""process"": ""all"", ""resource_instance_id"": ""1398563761166861218"", ""resource_project_id"": ""proyecto-2-cloud-509714"", ""resource_type"": ""gce_instance"", ""resource_zone"": ""us-central1-a"", ""vm"": ""mooc-web""}",0
2026-09-27T02:49:45.944294Z,"{""command"": ""networkd-dispat"", ""command_line"": ""/usr/bin/python3 /usr/bin/networkd-dispatcher --run-startup-triggers"", ""owner"": ""root"", ""pid"": ""397"", ""process"": ""all"", ""resource_instance_id"": ""1398563761166861218"", ""resource_project_id"": ""proyecto-2-cloud-509714"", ""resource_type"": ""gce_instance"", ""resource_zone"": ""us-central1-a"", ""vm"": ""mooc-web""}",31735808
2026-09-27T02:49:15.938654Z,"{""command"": ""networkd-dispat"", ""command_line"": ""/usr/bin/python3 /usr/bin/networkd-dispatcher --run-startup-triggers"", ""owner"": ""root"", ""pid"": ""397"", ""process"": ""all"", ""resource_instance_id"": ""1398563761166861218"", ""resource_project_id"": ""proyecto-2-cloud-509714"", ""resource_type"": ""gce_instance"", ""resource_zone"": ""us-central1-a"", ""vm"": ""mooc-web""}",31735808
2026-09-27T02:48:45.939411Z,"{""command"": ""networkd-dispat"", ""command_line"": ""/usr/bin/python3 /usr/bin/networkd-dispatcher --run-startup-triggers"", ""owner"": ""root"", ""pid"": ""397"", ""process"": ""all"", ""resource_instance_id"": ""1398563761166861218"", ""resource_project_id"": ""proyecto-2-cloud-509714"", ""resource_type"": ""gce_instance"", ""resource_zone"": ""us-central1-a"", ""vm"": ""mooc-web""}",31735808
2026-09-27T02:48:15.951315Z,"{""command"": ""networkd-dispat"", ""command_line"": ""/usr/bin/python3 /usr/bin/networkd-dispatcher --run-startup-triggers"", ""owner"": ""root"", ""pid"": ""397"", ""process"": ""all"", ""resource_instance_id"": ""1398563761166861218"", ""resource_project_id"": ""proyecto-2-cloud-509714"", ""resource_type"": ""gce_instance"", ""resource_zone"": ""us-central1-a"", ""vm"": ""mooc-web""}",31735808
2026-09-27T02:47:45.940208Z,"{""command"": ""networkd-dispat"", ""command_line"": ""/usr/bin/python3 /usr/bin/networkd-dispatcher --run-startup-triggers"", ""owner"": ""root"", ""pid"": ""397"", ""process"": ""all"", ""resource_instance_id"": ""1398563761166861218"", ""resource_project_id"": ""proyecto-2-cloud-509714"", ""resource_type"": ""gce_instance"", ""resource_zone"": ""us-central1-a"", ""vm"": ""mooc-web""}",31735808
2026-09-27T02:47:15.938778Z,"{""command"": ""networkd-dispat"", ""command_line"": ""/usr/bin/python3 /usr/bin/networkd-dispatcher --run-startup-triggers"", ""owner"": ""root"", ""pid"": ""397"", ""process"": ""all"", ""resource_instance_id"": ""1398563761166861218"", ""resource_project_id"": ""proyecto-2-cloud-509714"", ""resource_type"": ""gce_instance"", ""resource_zone"": ""us-central1-a"", ""vm"": ""mooc-web""}",31735808
2026-09-27T02:46:45.941635Z,"{""command"": ""networkd-dispat"", ""command_line"": ""/usr/bin/python3 /usr/bin/networkd-dispatcher --run-startup-triggers"", ""owner"": ""root"", ""pid"": ""397"", ""process"": ""all"", ""resource_instance_id"": ""1398563761166861218"", ""resource_project_id"": ""proyecto-2-cloud-509714"", ""resource_type"": ""gce_instance"", ""resource_zone"": ""us-central1-a"", ""vm"": ""mooc-web""}",31735808
2026-09-27T02:46:15.939267Z,"{""command"": ""networkd-dispat"", ""command_line"": ""/usr/bin/python3 /usr/bin/networkd-dispatcher --run-startup-triggers"", ""owner"": ""root"", ""pid"": ""397"", ""process"": ""all"", ""resource_instance_id"": ""1398563761166861218"", ""resource_project_id"": ""proyecto-2-cloud-509714"", ""resource_type"": ""gce_instance"", ""resource_zone"": ""us-central1-a"", ""vm"": ""mooc-web""}",31735808
2026-09-27T02:45:45.945976Z,"{""command"": ""networkd-dispat"", ""command_line"": ""/usr/bin/python3 /usr/bin/networkd-dispatcher --run-startup-triggers"", ""owner"": ""root"", ""pid"": ""397"", ""process"": ""all"", ""resource_instance_id"": ""1398563761166861218"", ""resource_project_id"": ""proyecto-2-cloud-509714"", ""resource_type"": ""gce_instance"", ""resource_zone"": ""us-central1-a"", ""vm"": ""mooc-web""}",31735808
2026-09-27T02:45:15.944363Z,"{""command"": ""networkd-dispat"", ""command_line"": ""/usr/bin/python3 /usr/bin/networkd-dispatcher --run-startup-triggers"", ""owner"": ""root"", ""pid"": ""397"", ""process"": ""all"", ""resource_instance_id"": ""1398563761166861218"", ""resource_project_id"": ""proyecto-2-cloud-509714"", ""resource_type"": ""gce_instance"", ""resource_zone"": ""us-central1-a"", ""vm"": ""mooc-web""}",31735808
2026-09-27T02:44:45.941234Z,"{""command"": ""networkd-dispat"", ""command_line"": ""/usr/bin/python3 /usr/bin/networkd-dispatcher --run-startup-triggers"", ""owner"": ""root"", ""pid"": ""397"", ""process"": ""all"", ""resource_instance_id"": ""1398563761166861218"", ""resource_project_id"": ""proyecto-2-cloud-509714"", ""resource_type"": ""gce_instance"", ""resource_zone"": ""us-central1-a"", ""vm"": ""mooc-web""}",31735808
2026-09-27T02:44:15.940693Z,"{""command"": ""networkd-dispat"", ""command_line"": ""/usr/bin/python3 /usr/bin/networkd-dispatcher --run-startup-triggers"", ""owner"": ""root"", ""pid"": ""397"", ""process"": ""all"", ""resource_instance_id"": ""1398563761166861218"", ""resource_project_id"": ""proyecto-2-cloud-509714"", ""resource_type"": ""gce_instance"", ""resource_zone"": ""us-central1-a"", ""vm"": ""mooc-web""}",31735808
2026-09-27T02:43:45.939258Z,"{""command"": ""networkd-dispat"", ""command_line"": ""/usr/bin/python3 /usr/bin/networkd-dispatcher --run-startup-triggers"", ""owner"": ""root"", ""pid"": ""397"", ""process"": ""all"", ""resource_instance_id"": ""1398563761166861218"", ""resource_project_id"": ""proyecto-2-cloud-509714"", ""resource_type"": ""gce_instance"", ""resource_zone"": ""us-central1-a"", ""vm"": ""mooc-web""}",31735808
2026-09-27T02:43:15.939571Z,"{""command"": ""networkd-dispat"", ""command_line"": ""/usr/bin/python3 /usr/bin/networkd-dispatcher --run-startup-triggers"", ""owner"": ""root"", ""pid"": ""397"", ""process"": ""all"", ""resource_instance_id"": ""1398563761166861218"", ""resource_project_id"": ""proyecto-2-cloud-509714"", ""resource_type"": ""gce_instance"", ""resource_zone"": ""us-central1-a"", ""vm"": ""mooc-web""}",31735808
2026-09-27T02:42:45.947115Z,"{""command"": ""networkd-dispat"", ""command_line"": ""/usr/bin/python3 /usr/bin/networkd-dispatcher --run-startup-triggers"", ""owner"": ""root"", ""pid"": ""397"", ""process"": ""all"", ""resource_instance_id"": ""1398563761166861218"", ""resource_project_id"": ""proyecto-2-cloud-509714"", ""resource_type"": ""gce_instance"", ""resource_zone"": ""us-central1-a"", ""vm"": ""mooc-web""}",31735808
2026-09-27T02:42:15.940072Z,"{""command"": ""networkd-dispat"", ""command_line"": ""/usr/bin/python3 /usr/bin/networkd-dispatcher --run-startup-triggers"", ""owner"": ""root"", ""pid"": ""397"", ""process"": ""all"", ""resource_instance_id"": ""1398563761166861218"", ""resource_project_id"": ""proyecto-2-cloud-509714"", ""resource_type"": ""gce_instance"", ""resource_zone"": ""us-central1-a"", ""vm"": ""mooc-web""}",31735808
2026-09-27T02:41:45.941174Z,"{""command"": ""networkd-dispat"", ""command_line"": ""/usr/bin/python3 /usr/bin/networkd-dispatcher --run-startup-triggers"", ""owner"": ""root"", ""pid"": ""397"", ""process"": ""all"", ""resource_instance_id"": ""1398563761166861218"", ""resource_project_id"": ""proyecto-2-cloud-509714"", ""resource_type"": ""gce_instance"", ""resource_zone"": ""us-central1-a"", ""vm"": ""mooc-web""}",31735808
2026-09-27T02:41:15.940990Z,"{""command"": ""networkd-dispat"", ""command_line"": ""/usr/bin/python3 /usr/bin/networkd-dispatcher --run-startup-triggers"", ""owner"": ""root"", ""pid"": ""397"", ""process"": ""all"", ""resource_instance_id"": ""1398563761166861218"", ""resource_project_id"": ""proyecto-2-cloud-509714"", ""resource_type"": ""gce_instance"", ""resource_zone"": ""us-central1-a"", ""vm"": ""mooc-web""}",31735808
2026-09-27T02:40:45.941661Z,"{""command"": ""networkd-dispat"", ""command_line"": ""/usr/bin/python3 /usr/bin/networkd-dispatcher --run-startup-triggers"", ""owner"": ""root"", ""pid"": ""397"", ""process"": ""all"", ""resource_instance_id"": ""1398563761166861218"", ""resource_project_id"": ""proyecto-2-cloud-509714"", ""resource_type"": ""gce_instance"", ""resource_zone"": ""us-central1-a"", ""vm"": ""mooc-web""}",31735808
2026-09-27T02:40:15.939899Z,"{""command"": ""networkd-dispat"", ""command_line"": ""/usr/bin/python3 /usr/bin/networkd-dispatcher --run-startup-triggers"", ""owner"": ""root"", ""pid"": ""397"", ""process"": ""all"", ""resource_instance_id"": ""1398563761166861218"", ""resource_project_id"": ""proyecto-2-cloud-509714"", ""resource_type"": ""gce_instance"", ""resource_zone"": ""us-central1-a"", ""vm"": ""mooc-web""}",31735808
2026-09-27T02:39:45.941393Z,"{""command"": ""networkd-dispat"", ""command_line"": ""/usr/bin/python3 /usr/bin/networkd-dispatcher --run-startup-triggers"", ""owner"": ""root"", ""pid"": ""397"", ""process"": ""all"", ""resource_instance_id"": ""1398563761166861218"", ""resource_project_id"": ""proyecto-2-cloud-509714"", ""resource_type"": ""gce_instance"", ""resource_zone"": ""us-central1-a"", ""vm"": ""mooc-web""}",31735808
2026-09-27T02:39:15.956432Z,"{""command"": ""networkd-dispat"", ""command_line"": ""/usr/bin/python3 /usr/bin/networkd-dispatcher --run-startup-triggers"", ""owner"": ""root"", ""pid"": ""397"", ""process"": ""all"", ""resource_instance_id"": ""1398563761166861218"", ""resource_project_id"": ""proyecto-2-cloud-509714"", ""resource_type"": ""gce_instance"", ""resource_zone"": ""us-central1-a"", ""vm"": ""mooc-web""}",31735808
2026-09-27T02:49:45.942631Z,"{""command"": ""nvme-delete-wq"", ""command_line"": """", ""owner"": ""root"", ""pid"": ""57"", ""process"": ""all"", ""resource_instance_id"": ""1398563761166861218"", ""resource_project_id"": ""proyecto-2-cloud-509714"", ""resource_type"": ""gce_instance"", ""resource_zone"": ""us-central1-a"", ""vm"": ""mooc-web""}",0
2026-09-27T02:49:15.937615Z,"{""command"": ""nvme-delete-wq"", ""command_line"": """", ""owner"": ""root"", ""pid"": ""57"", ""process"": ""all"", ""resource_instance_id"": ""1398563761166861218"", ""resource_project_id"": ""proyecto-2-cloud-509714"", ""resource_type"": ""gce_instance"", ""resource_zone"": ""us-central1-a"", ""vm"": ""mooc-web""}",0
2026-09-27T02:48:45.938049Z,"{""command"": ""nvme-delete-wq"", ""command_line"": """", ""owner"": ""root"", ""pid"": ""57"", ""process"": ""all"", ""resource_instance_id"": ""1398563761166861218"", ""resource_project_id"": ""proyecto-2-cloud-509714"", ""resource_type"": ""gce_instance"", ""resource_zone"": ""us-central1-a"", ""vm"": ""mooc-web""}",0
2026-09-27T02:48:15.949655Z,"{""command"": ""nvme-delete-wq"", ""command_line"": """", ""owner"": ""root"", ""pid"": ""57"", ""process"": ""all"", ""resource_instance_id"": ""1398563761166861218"", ""resource_project_id"": ""proyecto-2-cloud-509714"", ""resource_type"": ""gce_instance"", ""resource_zone"": ""us-central1-a"", ""vm"": ""mooc-web""}",0
2026-09-27T02:47:45.938402Z,"{""command"": ""nvme-delete-wq"", ""command_line"": """", ""owner"": ""root"", ""pid"": ""57"", ""process"": ""all"", ""resource_instance_id"": ""1398563761166861218"", ""resource_project_id"": ""proyecto-2-cloud-509714"", ""resource_type"": ""gce_instance"", ""resource_zone"": ""us-central1-a"", ""vm"": ""mooc-web""}",0
2026-09-27T02:47:15.937720Z,"{""command"": ""nvme-delete-wq"", ""command_line"": """", ""owner"": ""root"", ""pid"": ""57"", ""process"": ""all"", ""resource_instance_id"": ""1398563761166861218"", ""resource_project_id"": ""proyecto-2-cloud-509714"", ""resource_type"": ""gce_instance"", ""resource_zone"": ""us-central1-a"", ""vm"": ""mooc-web""}",0
2026-09-27T02:46:45.940437Z,"{""command"": ""nvme-delete-wq"", ""command_line"": """", ""owner"": ""root"", ""pid"": ""57"", ""process"": ""all"", ""resource_instance_id"": ""1398563761166861218"", ""resource_project_id"": ""proyecto-2-cloud-509714"", ""resource_type"": ""gce_instance"", ""resource_zone"": ""us-central1-a"", ""vm"": ""mooc-web""}",0
2026-09-27T02:46:15.937384Z,"{""command"": ""nvme-delete-wq"", ""command_line"": """", ""owner"": ""root"", ""pid"": ""57"", ""process"": ""all"", ""resource_instance_id"": ""1398563761166861218"", ""resource_project_id"": ""proyecto-2-cloud-509714"", ""resource_type"": ""gce_instance"", ""resource_zone"": ""us-central1-a"", ""vm"": ""mooc-web""}",0
2026-09-27T02:45:45.944336Z,"{""command"": ""nvme-delete-wq"", ""command_line"": """", ""owner"": ""root"", ""pid"": ""57"", ""process"": ""all"", ""resource_instance_id"": ""1398563761166861218"", ""resource_project_id"": ""proyecto-2-cloud-509714"", ""resource_type"": ""gce_instance"", ""resource_zone"": ""us-central1-a"", ""vm"": ""mooc-web""}",0
2026-09-27T02:45:15.943036Z,"{""command"": ""nvme-delete-wq"", ""command_line"": """", ""owner"": ""root"", ""pid"": ""57"", ""process"": ""all"", ""resource_instance_id"": ""1398563761166861218"", ""resource_project_id"": ""proyecto-2-cloud-509714"", ""resource_type"": ""gce_instance"", ""resource_zone"": ""us-central1-a"", ""vm"": ""mooc-web""}",0
2026-09-27T02:44:45.939423Z,"{""command"": ""nvme-delete-wq"", ""command_line"": """", ""owner"": ""root"", ""pid"": ""57"", ""process"": ""all"", ""resource_instance_id"": ""1398563761166861218"", ""resource_project_id"": ""proyecto-2-cloud-509714"", ""resource_type"": ""gce_instance"", ""resource_zone"": ""us-central1-a"", ""vm"": ""mooc-web""}",0
2026-09-27T02:44:15.939616Z,"{""command"": ""nvme-delete-wq"", ""command_line"": """", ""owner"": ""root"", ""pid"": ""57"", ""process"": ""all"", ""resource_instance_id"": ""1398563761166861218"", ""resource_project_id"": ""proyecto-2-cloud-509714"", ""resource_type"": ""gce_instance"", ""resource_zone"": ""us-central1-a"", ""vm"": ""mooc-web""}",0
2026-09-27T02:43:45.937901Z,"{""command"": ""nvme-delete-wq"", ""command_line"": """", ""owner"": ""root"", ""pid"": ""57"", ""process"": ""all"", ""resource_instance_id"": ""1398563761166861218"", ""resource_project_id"": ""proyecto-2-cloud-509714"", ""resource_type"": ""gce_instance"", ""resource_zone"": ""us-central1-a"", ""vm"": ""mooc-web""}",0
2026-09-27T02:43:15.938140Z,"{""command"": ""nvme-delete-wq"", ""command_line"": """", ""owner"": ""root"", ""pid"": ""57"", ""process"": ""all"", ""resource_instance_id"": ""1398563761166861218"", ""resource_project_id"": ""proyecto-2-cloud-509714"", ""resource_type"": ""gce_instance"", ""resource_zone"": ""us-central1-a"", ""vm"": ""mooc-web""}",0
2026-09-27T02:42:45.945744Z,"{""command"": ""nvme-delete-wq"", ""command_line"": """", ""owner"": ""root"", ""pid"": ""57"", ""process"": ""all"", ""resource_instance_id"": ""1398563761166861218"", ""resource_project_id"": ""proyecto-2-cloud-509714"", ""resource_type"": ""gce_instance"", ""resource_zone"": ""us-central1-a"", ""vm"": ""mooc-web""}",0
2026-09-27T02:42:15.938515Z,"{""command"": ""nvme-delete-wq"", ""command_line"": """", ""owner"": ""root"", ""pid"": ""57"", ""process"": ""all"", ""resource_instance_id"": ""1398563761166861218"", ""resource_project_id"": ""proyecto-2-cloud-509714"", ""resource_type"": ""gce_instance"", ""resource_zone"": ""us-central1-a"", ""vm"": ""mooc-web""}",0
2026-09-27T02:41:45.940136Z,"{""command"": ""nvme-delete-wq"", ""command_line"": """", ""owner"": ""root"", ""pid"": ""57"", ""process"": ""all"", ""resource_instance_id"": ""1398563761166861218"", ""resource_project_id"": ""proyecto-2-cloud-509714"", ""resource_type"": ""gce_instance"", ""resource_zone"": ""us-central1-a"", ""vm"": ""mooc-web""}",0
2026-09-27T02:41:15.939922Z,"{""command"": ""nvme-delete-wq"", ""command_line"": """", ""owner"": ""root"", ""pid"": ""57"", ""process"": ""all"", ""resource_instance_id"": ""1398563761166861218"", ""resource_project_id"": ""proyecto-2-cloud-509714"", ""resource_type"": ""gce_instance"", ""resource_zone"": ""us-central1-a"", ""vm"": ""mooc-web""}",0
2026-09-27T02:40:45.940625Z,"{""command"": ""nvme-delete-wq"", ""command_line"": """", ""owner"": ""root"", ""pid"": ""57"", ""process"": ""all"", ""resource_instance_id"": ""1398563761166861218"", ""resource_project_id"": ""proyecto-2-cloud-509714"", ""resource_type"": ""gce_instance"", ""resource_zone"": ""us-central1-a"", ""vm"": ""mooc-web""}",0
2026-09-27T02:40:15.938499Z,"{""command"": ""nvme-delete-wq"", ""command_line"": """", ""owner"": ""root"", ""pid"": ""57"", ""process"": ""all"", ""resource_instance_id"": ""1398563761166861218"", ""resource_project_id"": ""proyecto-2-cloud-509714"", ""resource_type"": ""gce_instance"", ""resource_zone"": ""us-central1-a"", ""vm"": ""mooc-web""}",0
2026-09-27T02:39:45.939752Z,"{""command"": ""nvme-delete-wq"", ""command_line"": """", ""owner"": ""root"", ""pid"": ""57"", ""process"": ""all"", ""resource_instance_id"": ""1398563761166861218"", ""resource_project_id"": ""proyecto-2-cloud-509714"", ""resource_type"": ""gce_instance"", ""resource_zone"": ""us-central1-a"", ""vm"": ""mooc-web""}",0
2026-09-27T02:39:15.955063Z,"{""command"": ""nvme-delete-wq"", ""command_line"": """", ""owner"": ""root"", ""pid"": ""57"", ""process"": ""all"", ""resource_instance_id"": ""1398563761166861218"", ""resource_project_id"": ""proyecto-2-cloud-509714"", ""resource_type"": ""gce_instance"", ""resource_zone"": ""us-central1-a"", ""vm"": ""mooc-web""}",0
2026-09-27T02:49:45.942558Z,"{""command"": ""nvme-reset-wq"", ""command_line"": """", ""owner"": ""root"", ""pid"": ""56"", ""process"": ""all"", ""resource_instance_id"": ""1398563761166861218"", ""resource_project_id"": ""proyecto-2-cloud-509714"", ""resource_type"": ""gce_instance"", ""resource_zone"": ""us-central1-a"", ""vm"": ""mooc-web""}",0
2026-09-27T02:49:15.937503Z,"{""command"": ""nvme-reset-wq"", ""command_line"": """", ""owner"": ""root"", ""pid"": ""56"", ""process"": ""all"", ""resource_instance_id"": ""1398563761166861218"", ""resource_project_id"": ""proyecto-2-cloud-509714"", ""resource_type"": ""gce_instance"", ""resource_zone"": ""us-central1-a"", ""vm"": ""mooc-web""}",0
2026-09-27T02:48:45.937981Z,"{""command"": ""nvme-reset-wq"", ""command_line"": """", ""owner"": ""root"", ""pid"": ""56"", ""process"": ""all"", ""resource_instance_id"": ""1398563761166861218"", ""resource_project_id"": ""proyecto-2-cloud-509714"", ""resource_type"": ""gce_instance"", ""resource_zone"": ""us-central1-a"", ""vm"": ""mooc-web""}",0
2026-09-27T02:48:15.949567Z,"{""command"": ""nvme-reset-wq"", ""command_line"": """", ""owner"": ""root"", ""pid"": ""56"", ""process"": ""all"", ""resource_instance_id"": ""1398563761166861218"", ""resource_project_id"": ""proyecto-2-cloud-509714"", ""resource_type"": ""gce_instance"", ""resource_zone"": ""us-central1-a"", ""vm"": ""mooc-web""}",0
2026-09-27T02:47:45.938319Z,"{""command"": ""nvme-reset-wq"", ""command_line"": """", ""owner"": ""root"", ""pid"": ""56"", ""process"": ""all"", ""resource_instance_id"": ""1398563761166861218"", ""resource_project_id"": ""proyecto-2-cloud-509714"", ""resource_type"": ""gce_instance"", ""resource_zone"": ""us-central1-a"", ""vm"": ""mooc-web""}",0
2026-09-27T02:47:15.937669Z,"{""command"": ""nvme-reset-wq"", ""command_line"": """", ""owner"": ""root"", ""pid"": ""56"", ""process"": ""all"", ""resource_instance_id"": ""1398563761166861218"", ""resource_project_id"": ""proyecto-2-cloud-509714"", ""resource_type"": ""gce_instance"", ""resource_zone"": ""us-central1-a"", ""vm"": ""mooc-web""}",0
2026-09-27T02:46:45.940388Z,"{""command"": ""nvme-reset-wq"", ""command_line"": """", ""owner"": ""root"", ""pid"": ""56"", ""process"": ""all"", ""resource_instance_id"": ""1398563761166861218"", ""resource_project_id"": ""proyecto-2-cloud-509714"", ""resource_type"": ""gce_instance"", ""resource_zone"": ""us-central1-a"", ""vm"": ""mooc-web""}",0
2026-09-27T02:46:15.937305Z,"{""command"": ""nvme-reset-wq"", ""command_line"": """", ""owner"": ""root"", ""pid"": ""56"", ""process"": ""all"", ""resource_instance_id"": ""1398563761166861218"", ""resource_project_id"": ""proyecto-2-cloud-509714"", ""resource_type"": ""gce_instance"", ""resource_zone"": ""us-central1-a"", ""vm"": ""mooc-web""}",0
2026-09-27T02:45:45.944241Z,"{""command"": ""nvme-reset-wq"", ""command_line"": """", ""owner"": ""root"", ""pid"": ""56"", ""process"": ""all"", ""resource_instance_id"": ""1398563761166861218"", ""resource_project_id"": ""proyecto-2-cloud-509714"", ""resource_type"": ""gce_instance"", ""resource_zone"": ""us-central1-a"", ""vm"": ""mooc-web""}",0
2026-09-27T02:45:15.942967Z,"{""command"": ""nvme-reset-wq"", ""command_line"": """", ""owner"": ""root"", ""pid"": ""56"", ""process"": ""all"", ""resource_instance_id"": ""1398563761166861218"", ""resource_project_id"": ""proyecto-2-cloud-509714"", ""resource_type"": ""gce_instance"", ""resource_zone"": ""us-central1-a"", ""vm"": ""mooc-web""}",0
2026-09-27T02:44:45.939335Z,"{""command"": ""nvme-reset-wq"", ""command_line"": """", ""owner"": ""root"", ""pid"": ""56"", ""process"": ""all"", ""resource_instance_id"": ""1398563761166861218"", ""resource_project_id"": ""proyecto-2-cloud-509714"", ""resource_type"": ""gce_instance"", ""resource_zone"": ""us-central1-a"", ""vm"": ""mooc-web""}",0
2026-09-27T02:44:15.939566Z,"{""command"": ""nvme-reset-wq"", ""command_line"": """", ""owner"": ""root"", ""pid"": ""56"", ""process"": ""all"", ""resource_instance_id"": ""1398563761166861218"", ""resource_project_id"": ""proyecto-2-cloud-509714"", ""resource_type"": ""gce_instance"", ""resource_zone"": ""us-central1-a"", ""vm"": ""mooc-web""}",0
2026-09-27T02:43:45.937849Z,"{""command"": ""nvme-reset-wq"", ""command_line"": """", ""owner"": ""root"", ""pid"": ""56"", ""process"": ""all"", ""resource_instance_id"": ""1398563761166861218"", ""resource_project_id"": ""proyecto-2-cloud-509714"", ""resource_type"": ""gce_instance"", ""resource_zone"": ""us-central1-a"", ""vm"": ""mooc-web""}",0
2026-09-27T02:43:15.938091Z,"{""command"": ""nvme-reset-wq"", ""command_line"": """", ""owner"": ""root"", ""pid"": ""56"", ""process"": ""all"", ""resource_instance_id"": ""1398563761166861218"", ""resource_project_id"": ""proyecto-2-cloud-509714"", ""resource_type"": ""gce_instance"", ""resource_zone"": ""us-central1-a"", ""vm"": ""mooc-web""}",0
2026-09-27T02:42:45.945695Z,"{""command"": ""nvme-reset-wq"", ""command_line"": """", ""owner"": ""root"", ""pid"": ""56"", ""process"": ""all"", ""resource_instance_id"": ""1398563761166861218"", ""resource_project_id"": ""proyecto-2-cloud-509714"", ""resource_type"": ""gce_instance"", ""resource_zone"": ""us-central1-a"", ""vm"": ""mooc-web""}",0
2026-09-27T02:42:15.938438Z,"{""command"": ""nvme-reset-wq"", ""command_line"": """", ""owner"": ""root"", ""pid"": ""56"", ""process"": ""all"", ""resource_instance_id"": ""1398563761166861218"", ""resource_project_id"": ""proyecto-2-cloud-509714"", ""resource_type"": ""gce_instance"", ""resource_zone"": ""us-central1-a"", ""vm"": ""mooc-web""}",0
2026-09-27T02:41:45.940087Z,"{""command"": ""nvme-reset-wq"", ""command_line"": """", ""owner"": ""root"", ""pid"": ""56"", ""process"": ""all"", ""resource_instance_id"": ""1398563761166861218"", ""resource_project_id"": ""proyecto-2-cloud-509714"", ""resource_type"": ""gce_instance"", ""resource_zone"": ""us-central1-a"", ""vm"": ""mooc-web""}",0
2026-09-27T02:41:15.939856Z,"{""command"": ""nvme-reset-wq"", ""command_line"": """", ""owner"": ""root"", ""pid"": ""56"", ""process"": ""all"", ""resource_instance_id"": ""1398563761166861218"", ""resource_project_id"": ""proyecto-2-cloud-509714"", ""resource_type"": ""gce_instance"", ""resource_zone"": ""us-central1-a"", ""vm"": ""mooc-web""}",0
2026-09-27T02:40:45.940577Z,"{""command"": ""nvme-reset-wq"", ""command_line"": """", ""owner"": ""root"", ""pid"": ""56"", ""process"": ""all"", ""resource_instance_id"": ""1398563761166861218"", ""resource_project_id"": ""proyecto-2-cloud-509714"", ""resource_type"": ""gce_instance"", ""resource_zone"": ""us-central1-a"", ""vm"": ""mooc-web""}",0
2026-09-27T02:40:15.938411Z,"{""command"": ""nvme-reset-wq"", ""command_line"": """", ""owner"": ""root"", ""pid"": ""56"", ""process"": ""all"", ""resource_instance_id"": ""1398563761166861218"", ""resource_project_id"": ""proyecto-2-cloud-509714"", ""resource_type"": ""gce_instance"", ""resource_zone"": ""us-central1-a"", ""vm"": ""mooc-web""}",0
2026-09-27T02:39:45.939675Z,"{""command"": ""nvme-reset-wq"", ""command_line"": """", ""owner"": ""root"", ""pid"": ""56"", ""process"": ""all"", ""resource_instance_id"": ""1398563761166861218"", ""resource_project_id"": ""proyecto-2-cloud-509714"", ""resource_type"": ""gce_instance"", ""resource_zone"": ""us-central1-a"", ""vm"": ""mooc-web""}",0
2026-09-27T02:39:15.954974Z,"{""command"": ""nvme-reset-wq"", ""command_line"": """", ""owner"": ""root"", ""pid"": ""56"", ""process"": ""all"", ""resource_instance_id"": ""1398563761166861218"", ""resource_project_id"": ""proyecto-2-cloud-509714"", ""resource_type"": ""gce_instance"", ""resource_zone"": ""us-central1-a"", ""vm"": ""mooc-web""}",0
2026-09-27T02:49:45.942489Z,"{""command"": ""nvme-wq"", ""command_line"": """", ""owner"": ""root"", ""pid"": ""55"", ""process"": ""all"", ""resource_instance_id"": ""1398563761166861218"", ""resource_project_id"": ""proyecto-2-cloud-509714"", ""resource_type"": ""gce_instance"", ""resource_zone"": ""us-central1-a"", ""vm"": ""mooc-web""}",0
2026-09-27T02:49:15.937451Z,"{""command"": ""nvme-wq"", ""command_line"": """", ""owner"": ""root"", ""pid"": ""55"", ""process"": ""all"", ""resource_instance_id"": ""1398563761166861218"", ""resource_project_id"": ""proyecto-2-cloud-509714"", ""resource_type"": ""gce_instance"", ""resource_zone"": ""us-central1-a"", ""vm"": ""mooc-web""}",0
2026-09-27T02:48:45.937848Z,"{""command"": ""nvme-wq"", ""command_line"": """", ""owner"": ""root"", ""pid"": ""55"", ""process"": ""all"", ""resource_instance_id"": ""1398563761166861218"", ""resource_project_id"": ""proyecto-2-cloud-509714"", ""resource_type"": ""gce_instance"", ""resource_zone"": ""us-central1-a"", ""vm"": ""mooc-web""}",0
2026-09-27T02:48:15.948231Z,"{""command"": ""nvme-wq"", ""command_line"": """", ""owner"": ""root"", ""pid"": ""55"", ""process"": ""all"", ""resource_instance_id"": ""1398563761166861218"", ""resource_project_id"": ""proyecto-2-cloud-509714"", ""resource_type"": ""gce_instance"", ""resource_zone"": ""us-central1-a"", ""vm"": ""mooc-web""}",0
2026-09-27T02:47:45.938240Z,"{""command"": ""nvme-wq"", ""command_line"": """", ""owner"": ""root"", ""pid"": ""55"", ""process"": ""all"", ""resource_instance_id"": ""1398563761166861218"", ""resource_project_id"": ""proyecto-2-cloud-509714"", ""resource_type"": ""gce_instance"", ""resource_zone"": ""us-central1-a"", ""vm"": ""mooc-web""}",0
2026-09-27T02:47:15.937622Z,"{""command"": ""nvme-wq"", ""command_line"": """", ""owner"": ""root"", ""pid"": ""55"", ""process"": ""all"", ""resource_instance_id"": ""1398563761166861218"", ""resource_project_id"": ""proyecto-2-cloud-509714"", ""resource_type"": ""gce_instance"", ""resource_zone"": ""us-central1-a"", ""vm"": ""mooc-web""}",0
2026-09-27T02:46:45.940340Z,"{""command"": ""nvme-wq"", ""command_line"": """", ""owner"": ""root"", ""pid"": ""55"", ""process"": ""all"", ""resource_instance_id"": ""1398563761166861218"", ""resource_project_id"": ""proyecto-2-cloud-509714"", ""resource_type"": ""gce_instance"", ""resource_zone"": ""us-central1-a"", ""vm"": ""mooc-web""}",0
2026-09-27T02:46:15.937246Z,"{""command"": ""nvme-wq"", ""command_line"": """", ""owner"": ""root"", ""pid"": ""55"", ""process"": ""all"", ""resource_instance_id"": ""1398563761166861218"", ""resource_project_id"": ""proyecto-2-cloud-509714"", ""resource_type"": ""gce_instance"", ""resource_zone"": ""us-central1-a"", ""vm"": ""mooc-web""}",0
2026-09-27T02:45:45.944150Z,"{""command"": ""nvme-wq"", ""command_line"": """", ""owner"": ""root"", ""pid"": ""55"", ""process"": ""all"", ""resource_instance_id"": ""1398563761166861218"", ""resource_project_id"": ""proyecto-2-cloud-509714"", ""resource_type"": ""gce_instance"", ""resource_zone"": ""us-central1-a"", ""vm"": ""mooc-web""}",0
2026-09-27T02:45:15.942843Z,"{""command"": ""nvme-wq"", ""command_line"": """", ""owner"": ""root"", ""pid"": ""55"", ""process"": ""all"", ""resource_instance_id"": ""1398563761166861218"", ""resource_project_id"": ""proyecto-2-cloud-509714"", ""resource_type"": ""gce_instance"", ""resource_zone"": ""us-central1-a"", ""vm"": ""mooc-web""}",0
2026-09-27T02:44:45.939255Z,"{""command"": ""nvme-wq"", ""command_line"": """", ""owner"": ""root"", ""pid"": ""55"", ""process"": ""all"", ""resource_instance_id"": ""1398563761166861218"", ""resource_project_id"": ""proyecto-2-cloud-509714"", ""resource_type"": ""gce_instance"", ""resource_zone"": ""us-central1-a"", ""vm"": ""mooc-web""}",0
2026-09-27T02:44:15.939519Z,"{""command"": ""nvme-wq"", ""command_line"": """", ""owner"": ""root"", ""pid"": ""55"", ""process"": ""all"", ""resource_instance_id"": ""1398563761166861218"", ""resource_project_id"": ""proyecto-2-cloud-509714"", ""resource_type"": ""gce_instance"", ""resource_zone"": ""us-central1-a"", ""vm"": ""mooc-web""}",0
2026-09-27T02:43:45.937801Z,"{""command"": ""nvme-wq"", ""command_line"": """", ""owner"": ""root"", ""pid"": ""55"", ""process"": ""all"", ""resource_instance_id"": ""1398563761166861218"", ""resource_project_id"": ""proyecto-2-cloud-509714"", ""resource_type"": ""gce_instance"", ""resource_zone"": ""us-central1-a"", ""vm"": ""mooc-web""}",0
2026-09-27T02:43:15.938037Z,"{""command"": ""nvme-wq"", ""command_line"": """", ""owner"": ""root"", ""pid"": ""55"", ""process"": ""all"", ""resource_instance_id"": ""1398563761166861218"", ""resource_project_id"": ""proyecto-2-cloud-509714"", ""resource_type"": ""gce_instance"", ""resource_zone"": ""us-central1-a"", ""vm"": ""mooc-web""}",0
2026-09-27T02:42:45.945639Z,"{""command"": ""nvme-wq"", ""command_line"": """", ""owner"": ""root"", ""pid"": ""55"", ""process"": ""all"", ""resource_instance_id"": ""1398563761166861218"", ""resource_project_id"": ""proyecto-2-cloud-509714"", ""resource_type"": ""gce_instance"", ""resource_zone"": ""us-central1-a"", ""vm"": ""mooc-web""}",0
2026-09-27T02:42:15.938362Z,"{""command"": ""nvme-wq"", ""command_line"": """", ""owner"": ""root"", ""pid"": ""55"", ""process"": ""all"", ""resource_instance_id"": ""1398563761166861218"", ""resource_project_id"": ""proyecto-2-cloud-509714"", ""resource_type"": ""gce_instance"", ""resource_zone"": ""us-central1-a"", ""vm"": ""mooc-web""}",0
2026-09-27T02:41:45.940031Z,"{""command"": ""nvme-wq"", ""command_line"": """", ""owner"": ""root"", ""pid"": ""55"", ""process"": ""all"", ""resource_instance_id"": ""1398563761166861218"", ""resource_project_id"": ""proyecto-2-cloud-509714"", ""resource_type"": ""gce_instance"", ""resource_zone"": ""us-central1-a"", ""vm"": ""mooc-web""}",0
2026-09-27T02:41:15.939808Z,"{""command"": ""nvme-wq"", ""command_line"": """", ""owner"": ""root"", ""pid"": ""55"", ""process"": ""all"", ""resource_instance_id"": ""1398563761166861218"", ""resource_project_id"": ""proyecto-2-cloud-509714"", ""resource_type"": ""gce_instance"", ""resource_zone"": ""us-central1-a"", ""vm"": ""mooc-web""}",0
2026-09-27T02:40:45.940527Z,"{""command"": ""nvme-wq"", ""command_line"": """", ""owner"": ""root"", ""pid"": ""55"", ""process"": ""all"", ""resource_instance_id"": ""1398563761166861218"", ""resource_project_id"": ""proyecto-2-cloud-509714"", ""resource_type"": ""gce_instance"", ""resource_zone"": ""us-central1-a"", ""vm"": ""mooc-web""}",0
2026-09-27T02:40:15.938337Z,"{""command"": ""nvme-wq"", ""command_line"": """", ""owner"": ""root"", ""pid"": ""55"", ""process"": ""all"", ""resource_instance_id"": ""1398563761166861218"", ""resource_project_id"": ""proyecto-2-cloud-509714"", ""resource_type"": ""gce_instance"", ""resource_zone"": ""us-central1-a"", ""vm"": ""mooc-web""}",0
2026-09-27T02:39:45.939604Z,"{""command"": ""nvme-wq"", ""command_line"": """", ""owner"": ""root"", ""pid"": ""55"", ""process"": ""all"", ""resource_instance_id"": ""1398563761166861218"", ""resource_project_id"": ""proyecto-2-cloud-509714"", ""resource_type"": ""gce_instance"", ""resource_zone"": ""us-central1-a"", ""vm"": ""mooc-web""}",0
2026-09-27T02:39:15.954863Z,"{""command"": ""nvme-wq"", ""command_line"": """", ""owner"": ""root"", ""pid"": ""55"", ""process"": ""all"", ""resource_instance_id"": ""1398563761166861218"", ""resource_project_id"": ""proyecto-2-cloud-509714"", ""resource_type"": ""gce_instance"", ""resource_zone"": ""us-central1-a"", ""vm"": ""mooc-web""}",0
2026-09-27T02:49:45.941443Z,"{""command"": ""oom_reaper"", ""command_line"": """", ""owner"": ""root"", ""pid"": ""31"", ""process"": ""all"", ""resource_instance_id"": ""1398563761166861218"", ""resource_project_id"": ""proyecto-2-cloud-509714"", ""resource_type"": ""gce_instance"", ""resource_zone"": ""us-central1-a"", ""vm"": ""mooc-web""}",0
2026-09-27T02:49:15.936734Z,"{""command"": ""oom_reaper"", ""command_line"": """", ""owner"": ""root"", ""pid"": ""31"", ""process"": ""all"", ""resource_instance_id"": ""1398563761166861218"", ""resource_project_id"": ""proyecto-2-cloud-509714"", ""resource_type"": ""gce_instance"", ""resource_zone"": ""us-central1-a"", ""vm"": ""mooc-web""}",0
2026-09-27T02:48:45.936827Z,"{""command"": ""oom_reaper"", ""command_line"": """", ""owner"": ""root"", ""pid"": ""31"", ""process"": ""all"", ""resource_instance_id"": ""1398563761166861218"", ""resource_project_id"": ""proyecto-2-cloud-509714"", ""resource_type"": ""gce_instance"", ""resource_zone"": ""us-central1-a"", ""vm"": ""mooc-web""}",0
2026-09-27T02:48:15.946814Z,"{""command"": ""oom_reaper"", ""command_line"": """", ""owner"": ""root"", ""pid"": ""31"", ""process"": ""all"", ""resource_instance_id"": ""1398563761166861218"", ""resource_project_id"": ""proyecto-2-cloud-509714"", ""resource_type"": ""gce_instance"", ""resource_zone"": ""us-central1-a"", ""vm"": ""mooc-web""}",0
2026-09-27T02:47:45.937256Z,"{""command"": ""oom_reaper"", ""command_line"": """", ""owner"": ""root"", ""pid"": ""31"", ""process"": ""all"", ""resource_instance_id"": ""1398563761166861218"", ""resource_project_id"": ""proyecto-2-cloud-509714"", ""resource_type"": ""gce_instance"", ""resource_zone"": ""us-central1-a"", ""vm"": ""mooc-web""}",0
2026-09-27T02:47:15.936923Z,"{""command"": ""oom_reaper"", ""command_line"": """", ""owner"": ""root"", ""pid"": ""31"", ""process"": ""all"", ""resource_instance_id"": ""1398563761166861218"", ""resource_project_id"": ""proyecto-2-cloud-509714"", ""resource_type"": ""gce_instance"", ""resource_zone"": ""us-central1-a"", ""vm"": ""mooc-web""}",0
2026-09-27T02:46:45.939568Z,"{""command"": ""oom_reaper"", ""command_line"": """", ""owner"": ""root"", ""pid"": ""31"", ""process"": ""all"", ""resource_instance_id"": ""1398563761166861218"", ""resource_project_id"": ""proyecto-2-cloud-509714"", ""resource_type"": ""gce_instance"", ""resource_zone"": ""us-central1-a"", ""vm"": ""mooc-web""}",0
2026-09-27T02:46:15.936534Z,"{""command"": ""oom_reaper"", ""command_line"": """", ""owner"": ""root"", ""pid"": ""31"", ""process"": ""all"", ""resource_instance_id"": ""1398563761166861218"", ""resource_project_id"": ""proyecto-2-cloud-509714"", ""resource_type"": ""gce_instance"", ""resource_zone"": ""us-central1-a"", ""vm"": ""mooc-web""}",0
2026-09-27T02:45:45.942687Z,"{""command"": ""oom_reaper"", ""command_line"": """", ""owner"": ""root"", ""pid"": ""31"", ""process"": ""all"", ""resource_instance_id"": ""1398563761166861218"", ""resource_project_id"": ""proyecto-2-cloud-509714"", ""resource_type"": ""gce_instance"", ""resource_zone"": ""us-central1-a"", ""vm"": ""mooc-web""}",0
2026-09-27T02:45:15.942125Z,"{""command"": ""oom_reaper"", ""command_line"": """", ""owner"": ""root"", ""pid"": ""31"", ""process"": ""all"", ""resource_instance_id"": ""1398563761166861218"", ""resource_project_id"": ""proyecto-2-cloud-509714"", ""resource_type"": ""gce_instance"", ""resource_zone"": ""us-central1-a"", ""vm"": ""mooc-web""}",0
2026-09-27T02:44:45.937988Z,"{""command"": ""oom_reaper"", ""command_line"": """", ""owner"": ""root"", ""pid"": ""31"", ""process"": ""all"", ""resource_instance_id"": ""1398563761166861218"", ""resource_project_id"": ""proyecto-2-cloud-509714"", ""resource_type"": ""gce_instance"", ""resource_zone"": ""us-central1-a"", ""vm"": ""mooc-web""}",0
2026-09-27T02:44:15.938761Z,"{""command"": ""oom_reaper"", ""command_line"": """", ""owner"": ""root"", ""pid"": ""31"", ""process"": ""all"", ""resource_instance_id"": ""1398563761166861218"", ""resource_project_id"": ""proyecto-2-cloud-509714"", ""resource_type"": ""gce_instance"", ""resource_zone"": ""us-central1-a"", ""vm"": ""mooc-web""}",0
2026-09-27T02:43:45.937037Z,"{""command"": ""oom_reaper"", ""command_line"": """", ""owner"": ""root"", ""pid"": ""31"", ""process"": ""all"", ""resource_instance_id"": ""1398563761166861218"", ""resource_project_id"": ""proyecto-2-cloud-509714"", ""resource_type"": ""gce_instance"", ""resource_zone"": ""us-central1-a"", ""vm"": ""mooc-web""}",0
2026-09-27T02:43:15.937282Z,"{""command"": ""oom_reaper"", ""command_line"": """", ""owner"": ""root"", ""pid"": ""31"", ""process"": ""all"", ""resource_instance_id"": ""1398563761166861218"", ""resource_project_id"": ""proyecto-2-cloud-509714"", ""resource_type"": ""gce_instance"", ""resource_zone"": ""us-central1-a"", ""vm"": ""mooc-web""}",0
2026-09-27T02:42:45.944903Z,"{""command"": ""oom_reaper"", ""command_line"": """", ""owner"": ""root"", ""pid"": ""31"", ""process"": ""all"", ""resource_instance_id"": ""1398563761166861218"", ""resource_project_id"": ""proyecto-2-cloud-509714"", ""resource_type"": ""gce_instance"", ""resource_zone"": ""us-central1-a"", ""vm"": ""mooc-web""}",0
2026-09-27T02:42:15.937348Z,"{""command"": ""oom_reaper"", ""command_line"": """", ""owner"": ""root"", ""pid"": ""31"", ""process"": ""all"", ""resource_instance_id"": ""1398563761166861218"", ""resource_project_id"": ""proyecto-2-cloud-509714"", ""resource_type"": ""gce_instance"", ""resource_zone"": ""us-central1-a"", ""vm"": ""mooc-web""}",0
2026-09-27T02:41:45.939257Z,"{""command"": ""oom_reaper"", ""command_line"": """", ""owner"": ""root"", ""pid"": ""31"", ""process"": ""all"", ""resource_instance_id"": ""1398563761166861218"", ""resource_project_id"": ""proyecto-2-cloud-509714"", ""resource_type"": ""gce_instance"", ""resource_zone"": ""us-central1-a"", ""vm"": ""mooc-web""}",0
2026-09-27T02:41:15.939043Z,"{""command"": ""oom_reaper"", ""command_line"": """", ""owner"": ""root"", ""pid"": ""31"", ""process"": ""all"", ""resource_instance_id"": ""1398563761166861218"", ""resource_project_id"": ""proyecto-2-cloud-509714"", ""resource_type"": ""gce_instance"", ""resource_zone"": ""us-central1-a"", ""vm"": ""mooc-web""}",0
2026-09-27T02:40:45.939784Z,"{""command"": ""oom_reaper"", ""command_line"": """", ""owner"": ""root"", ""pid"": ""31"", ""process"": ""all"", ""resource_instance_id"": ""1398563761166861218"", ""resource_project_id"": ""proyecto-2-cloud-509714"", ""resource_type"": ""gce_instance"", ""resource_zone"": ""us-central1-a"", ""vm"": ""mooc-web""}",0
2026-09-27T02:40:15.937309Z,"{""command"": ""oom_reaper"", ""command_line"": """", ""owner"": ""root"", ""pid"": ""31"", ""process"": ""all"", ""resource_instance_id"": ""1398563761166861218"", ""resource_project_id"": ""proyecto-2-cloud-509714"", ""resource_type"": ""gce_instance"", ""resource_zone"": ""us-central1-a"", ""vm"": ""mooc-web""}",0
2026-09-27T02:39:45.938541Z,"{""command"": ""oom_reaper"", ""command_line"": """", ""owner"": ""root"", ""pid"": ""31"", ""process"": ""all"", ""resource_instance_id"": ""1398563761166861218"", ""resource_project_id"": ""proyecto-2-cloud-509714"", ""resource_type"": ""gce_instance"", ""resource_zone"": ""us-central1-a"", ""vm"": ""mooc-web""}",0
2026-09-27T02:39:15.953928Z,"{""command"": ""oom_reaper"", ""command_line"": """", ""owner"": ""root"", ""pid"": ""31"", ""process"": ""all"", ""resource_instance_id"": ""1398563761166861218"", ""resource_project_id"": ""proyecto-2-cloud-509714"", ""resource_type"": ""gce_instance"", ""resource_zone"": ""us-central1-a"", ""vm"": ""mooc-web""}",0
2026-09-27T02:49:45.946447Z,"{""command"": ""otelopscol"", ""command_line"": ""/opt/google-cloud-ops-agent/subagents/opentelemetry-collector/otelopscol --config=/run/google-cloud-ops-agent-opentelemetry-collector/otel.yaml"", ""owner"": ""root"", ""pid"": ""9027"", ""process"": ""all"", ""resource_instance_id"": ""1398563761166861218"", ""resource_project_id"": ""proyecto-2-cloud-509714"", ""resource_type"": ""gce_instance"", ""resource_zone"": ""us-central1-a"", ""vm"": ""mooc-web""}",2132897792
2026-09-27T02:49:15.941239Z,"{""command"": ""otelopscol"", ""command_line"": ""/opt/google-cloud-ops-agent/subagents/opentelemetry-collector/otelopscol --config=/run/google-cloud-ops-agent-opentelemetry-collector/otel.yaml"", ""owner"": ""root"", ""pid"": ""9027"", ""process"": ""all"", ""resource_instance_id"": ""1398563761166861218"", ""resource_project_id"": ""proyecto-2-cloud-509714"", ""resource_type"": ""gce_instance"", ""resource_zone"": ""us-central1-a"", ""vm"": ""mooc-web""}",2132897792
2026-09-27T02:48:45.941817Z,"{""command"": ""otelopscol"", ""command_line"": ""/opt/google-cloud-ops-agent/subagents/opentelemetry-collector/otelopscol --config=/run/google-cloud-ops-agent-opentelemetry-collector/otel.yaml"", ""owner"": ""root"", ""pid"": ""9027"", ""process"": ""all"", ""resource_instance_id"": ""1398563761166861218"", ""resource_project_id"": ""proyecto-2-cloud-509714"", ""resource_type"": ""gce_instance"", ""resource_zone"": ""us-central1-a"", ""vm"": ""mooc-web""}",2132897792
2026-09-27T02:48:15.953810Z,"{""command"": ""otelopscol"", ""command_line"": ""/opt/google-cloud-ops-agent/subagents/opentelemetry-collector/otelopscol --config=/run/google-cloud-ops-agent-opentelemetry-collector/otel.yaml"", ""owner"": ""root"", ""pid"": ""9027"", ""process"": ""all"", ""resource_instance_id"": ""1398563761166861218"", ""resource_project_id"": ""proyecto-2-cloud-509714"", ""resource_type"": ""gce_instance"", ""resource_zone"": ""us-central1-a"", ""vm"": ""mooc-web""}",2132897792
2026-09-27T02:47:45.943491Z,"{""command"": ""otelopscol"", ""command_line"": ""/opt/google-cloud-ops-agent/subagents/opentelemetry-collector/otelopscol --config=/run/google-cloud-ops-agent-opentelemetry-collector/otel.yaml"", ""owner"": ""root"", ""pid"": ""9027"", ""process"": ""all"", ""resource_instance_id"": ""1398563761166861218"", ""resource_project_id"": ""proyecto-2-cloud-509714"", ""resource_type"": ""gce_instance"", ""resource_zone"": ""us-central1-a"", ""vm"": ""mooc-web""}",2132897792
2026-09-27T02:47:15.941749Z,"{""command"": ""otelopscol"", ""command_line"": ""/opt/google-cloud-ops-agent/subagents/opentelemetry-collector/otelopscol --config=/run/google-cloud-ops-agent-opentelemetry-collector/otel.yaml"", ""owner"": ""root"", ""pid"": ""9027"", ""process"": ""all"", ""resource_instance_id"": ""1398563761166861218"", ""resource_project_id"": ""proyecto-2-cloud-509714"", ""resource_type"": ""gce_instance"", ""resource_zone"": ""us-central1-a"", ""vm"": ""mooc-web""}",2132897792
2026-09-27T02:46:45.945305Z,"{""command"": ""otelopscol"", ""command_line"": ""/opt/google-cloud-ops-agent/subagents/opentelemetry-collector/otelopscol --config=/run/google-cloud-ops-agent-opentelemetry-collector/otel.yaml"", ""owner"": ""root"", ""pid"": ""9027"", ""process"": ""all"", ""resource_instance_id"": ""1398563761166861218"", ""resource_project_id"": ""proyecto-2-cloud-509714"", ""resource_type"": ""gce_instance"", ""resource_zone"": ""us-central1-a"", ""vm"": ""mooc-web""}",2132897792
2026-09-27T02:46:15.942456Z,"{""command"": ""otelopscol"", ""command_line"": ""/opt/google-cloud-ops-agent/subagents/opentelemetry-collector/otelopscol --config=/run/google-cloud-ops-agent-opentelemetry-collector/otel.yaml"", ""owner"": ""root"", ""pid"": ""9027"", ""process"": ""all"", ""resource_instance_id"": ""1398563761166861218"", ""resource_project_id"": ""proyecto-2-cloud-509714"", ""resource_type"": ""gce_instance"", ""resource_zone"": ""us-central1-a"", ""vm"": ""mooc-web""}",2132897792
2026-09-27T02:45:45.949633Z,"{""command"": ""otelopscol"", ""command_line"": ""/opt/google-cloud-ops-agent/subagents/opentelemetry-collector/otelopscol --config=/run/google-cloud-ops-agent-opentelemetry-collector/otel.yaml"", ""owner"": ""root"", ""pid"": ""9027"", ""process"": ""all"", ""resource_instance_id"": ""1398563761166861218"", ""resource_project_id"": ""proyecto-2-cloud-509714"", ""resource_type"": ""gce_instance"", ""resource_zone"": ""us-central1-a"", ""vm"": ""mooc-web""}",2132635648
2026-09-27T02:45:15.946726Z,"{""command"": ""otelopscol"", ""command_line"": ""/opt/google-cloud-ops-agent/subagents/opentelemetry-collector/otelopscol --config=/run/google-cloud-ops-agent-opentelemetry-collector/otel.yaml"", ""owner"": ""root"", ""pid"": ""9027"", ""process"": ""all"", ""resource_instance_id"": ""1398563761166861218"", ""resource_project_id"": ""proyecto-2-cloud-509714"", ""resource_type"": ""gce_instance"", ""resource_zone"": ""us-central1-a"", ""vm"": ""mooc-web""}",2132635648
2026-09-27T02:44:45.944552Z,"{""command"": ""otelopscol"", ""command_line"": ""/opt/google-cloud-ops-agent/subagents/opentelemetry-collector/otelopscol --config=/run/google-cloud-ops-agent-opentelemetry-collector/otel.yaml"", ""owner"": ""root"", ""pid"": ""9027"", ""process"": ""all"", ""resource_instance_id"": ""1398563761166861218"", ""resource_project_id"": ""proyecto-2-cloud-509714"", ""resource_type"": ""gce_instance"", ""resource_zone"": ""us-central1-a"", ""vm"": ""mooc-web""}",2132635648
2026-09-27T02:44:15.942966Z,"{""command"": ""otelopscol"", ""command_line"": ""/opt/google-cloud-ops-agent/subagents/opentelemetry-collector/otelopscol --config=/run/google-cloud-ops-agent-opentelemetry-collector/otel.yaml"", ""owner"": ""root"", ""pid"": ""9027"", ""process"": ""all"", ""resource_instance_id"": ""1398563761166861218"", ""resource_project_id"": ""proyecto-2-cloud-509714"", ""resource_type"": ""gce_instance"", ""resource_zone"": ""us-central1-a"", ""vm"": ""mooc-web""}",2132635648
2026-09-27T02:43:45.942708Z,"{""command"": ""otelopscol"", ""command_line"": ""/opt/google-cloud-ops-agent/subagents/opentelemetry-collector/otelopscol --config=/run/google-cloud-ops-agent-opentelemetry-collector/otel.yaml"", ""owner"": ""root"", ""pid"": ""9027"", ""process"": ""all"", ""resource_instance_id"": ""1398563761166861218"", ""resource_project_id"": ""proyecto-2-cloud-509714"", ""resource_type"": ""gce_instance"", ""resource_zone"": ""us-central1-a"", ""vm"": ""mooc-web""}",2132635648
2026-09-27T02:43:15.942032Z,"{""command"": ""otelopscol"", ""command_line"": ""/opt/google-cloud-ops-agent/subagents/opentelemetry-collector/otelopscol --config=/run/google-cloud-ops-agent-opentelemetry-collector/otel.yaml"", ""owner"": ""root"", ""pid"": ""9027"", ""process"": ""all"", ""resource_instance_id"": ""1398563761166861218"", ""resource_project_id"": ""proyecto-2-cloud-509714"", ""resource_type"": ""gce_instance"", ""resource_zone"": ""us-central1-a"", ""vm"": ""mooc-web""}",2132635648
2026-09-27T02:42:45.949664Z,"{""command"": ""otelopscol"", ""command_line"": ""/opt/google-cloud-ops-agent/subagents/opentelemetry-collector/otelopscol --config=/run/google-cloud-ops-agent-opentelemetry-collector/otel.yaml"", ""owner"": ""root"", ""pid"": ""9027"", ""process"": ""all"", ""resource_instance_id"": ""1398563761166861218"", ""resource_project_id"": ""proyecto-2-cloud-509714"", ""resource_type"": ""gce_instance"", ""resource_zone"": ""us-central1-a"", ""vm"": ""mooc-web""}",2132635648
2026-09-27T02:42:15.943707Z,"{""command"": ""otelopscol"", ""command_line"": ""/opt/google-cloud-ops-agent/subagents/opentelemetry-collector/otelopscol --config=/run/google-cloud-ops-agent-opentelemetry-collector/otel.yaml"", ""owner"": ""root"", ""pid"": ""9027"", ""process"": ""all"", ""resource_instance_id"": ""1398563761166861218"", ""resource_project_id"": ""proyecto-2-cloud-509714"", ""resource_type"": ""gce_instance"", ""resource_zone"": ""us-central1-a"", ""vm"": ""mooc-web""}",2132635648
2026-09-27T02:41:45.943701Z,"{""command"": ""otelopscol"", ""command_line"": ""/opt/google-cloud-ops-agent/subagents/opentelemetry-collector/otelopscol --config=/run/google-cloud-ops-agent-opentelemetry-collector/otel.yaml"", ""owner"": ""root"", ""pid"": ""9027"", ""process"": ""all"", ""resource_instance_id"": ""1398563761166861218"", ""resource_project_id"": ""proyecto-2-cloud-509714"", ""resource_type"": ""gce_instance"", ""resource_zone"": ""us-central1-a"", ""vm"": ""mooc-web""}",2132635648
2026-09-27T02:41:15.943672Z,"{""command"": ""otelopscol"", ""command_line"": ""/opt/google-cloud-ops-agent/subagents/opentelemetry-collector/otelopscol --config=/run/google-cloud-ops-agent-opentelemetry-collector/otel.yaml"", ""owner"": ""root"", ""pid"": ""9027"", ""process"": ""all"", ""resource_instance_id"": ""1398563761166861218"", ""resource_project_id"": ""proyecto-2-cloud-509714"", ""resource_type"": ""gce_instance"", ""resource_zone"": ""us-central1-a"", ""vm"": ""mooc-web""}",2132635648
2026-09-27T02:40:45.944285Z,"{""command"": ""otelopscol"", ""command_line"": ""/opt/google-cloud-ops-agent/subagents/opentelemetry-collector/otelopscol --config=/run/google-cloud-ops-agent-opentelemetry-collector/otel.yaml"", ""owner"": ""root"", ""pid"": ""9027"", ""process"": ""all"", ""resource_instance_id"": ""1398563761166861218"", ""resource_project_id"": ""proyecto-2-cloud-509714"", ""resource_type"": ""gce_instance"", ""resource_zone"": ""us-central1-a"", ""vm"": ""mooc-web""}",2132635648
2026-09-27T02:40:15.942340Z,"{""command"": ""otelopscol"", ""command_line"": ""/opt/google-cloud-ops-agent/subagents/opentelemetry-collector/otelopscol --config=/run/google-cloud-ops-agent-opentelemetry-collector/otel.yaml"", ""owner"": ""root"", ""pid"": ""9027"", ""process"": ""all"", ""resource_instance_id"": ""1398563761166861218"", ""resource_project_id"": ""proyecto-2-cloud-509714"", ""resource_type"": ""gce_instance"", ""resource_zone"": ""us-central1-a"", ""vm"": ""mooc-web""}",2132373504
2026-09-27T02:39:45.944873Z,"{""command"": ""otelopscol"", ""command_line"": ""/opt/google-cloud-ops-agent/subagents/opentelemetry-collector/otelopscol --config=/run/google-cloud-ops-agent-opentelemetry-collector/otel.yaml"", ""owner"": ""root"", ""pid"": ""9027"", ""process"": ""all"", ""resource_instance_id"": ""1398563761166861218"", ""resource_project_id"": ""proyecto-2-cloud-509714"", ""resource_type"": ""gce_instance"", ""resource_zone"": ""us-central1-a"", ""vm"": ""mooc-web""}",2132373504
2026-09-27T02:39:15.960235Z,"{""command"": ""otelopscol"", ""command_line"": ""/opt/google-cloud-ops-agent/subagents/opentelemetry-collector/otelopscol --config=/run/google-cloud-ops-agent-opentelemetry-collector/otel.yaml"", ""owner"": ""root"", ""pid"": ""9027"", ""process"": ""all"", ""resource_instance_id"": ""1398563761166861218"", ""resource_project_id"": ""proyecto-2-cloud-509714"", ""resource_type"": ""gce_instance"", ""resource_zone"": ""us-central1-a"", ""vm"": ""mooc-web""}",2132373504
2026-09-27T02:49:45.944746Z,"{""command"": ""polkitd"", ""command_line"": ""/usr/lib/polkit-1/polkitd --no-debug"", ""owner"": ""polkitd"", ""pid"": ""490"", ""process"": ""all"", ""resource_instance_id"": ""1398563761166861218"", ""resource_project_id"": ""proyecto-2-cloud-509714"", ""resource_type"": ""gce_instance"", ""resource_zone"": ""us-central1-a"", ""vm"": ""mooc-web""}",315686912
2026-09-27T02:49:15.939405Z,"{""command"": ""polkitd"", ""command_line"": ""/usr/lib/polkit-1/polkitd --no-debug"", ""owner"": ""polkitd"", ""pid"": ""490"", ""process"": ""all"", ""resource_instance_id"": ""1398563761166861218"", ""resource_project_id"": ""proyecto-2-cloud-509714"", ""resource_type"": ""gce_instance"", ""resource_zone"": ""us-central1-a"", ""vm"": ""mooc-web""}",315686912
2026-09-27T02:48:45.939869Z,"{""command"": ""polkitd"", ""command_line"": ""/usr/lib/polkit-1/polkitd --no-debug"", ""owner"": ""polkitd"", ""pid"": ""490"", ""process"": ""all"", ""resource_instance_id"": ""1398563761166861218"", ""resource_project_id"": ""proyecto-2-cloud-509714"", ""resource_type"": ""gce_instance"", ""resource_zone"": ""us-central1-a"", ""vm"": ""mooc-web""}",315686912
2026-09-27T02:48:15.951825Z,"{""command"": ""polkitd"", ""command_line"": ""/usr/lib/polkit-1/polkitd --no-debug"", ""owner"": ""polkitd"", ""pid"": ""490"", ""process"": ""all"", ""resource_instance_id"": ""1398563761166861218"", ""resource_project_id"": ""proyecto-2-cloud-509714"", ""resource_type"": ""gce_instance"", ""resource_zone"": ""us-central1-a"", ""vm"": ""mooc-web""}",315686912
2026-09-27T02:47:45.940859Z,"{""command"": ""polkitd"", ""command_line"": ""/usr/lib/polkit-1/polkitd --no-debug"", ""owner"": ""polkitd"", ""pid"": ""490"", ""process"": ""all"", ""resource_instance_id"": ""1398563761166861218"", ""resource_project_id"": ""proyecto-2-cloud-509714"", ""resource_type"": ""gce_instance"", ""resource_zone"": ""us-central1-a"", ""vm"": ""mooc-web""}",315686912
2026-09-27T02:47:15.939271Z,"{""command"": ""polkitd"", ""command_line"": ""/usr/lib/polkit-1/polkitd --no-debug"", ""owner"": ""polkitd"", ""pid"": ""490"", ""process"": ""all"", ""resource_instance_id"": ""1398563761166861218"", ""resource_project_id"": ""proyecto-2-cloud-509714"", ""resource_type"": ""gce_instance"", ""resource_zone"": ""us-central1-a"", ""vm"": ""mooc-web""}",315686912
2026-09-27T02:46:45.942167Z,"{""command"": ""polkitd"", ""command_line"": ""/usr/lib/polkit-1/polkitd --no-debug"", ""owner"": ""polkitd"", ""pid"": ""490"", ""process"": ""all"", ""resource_instance_id"": ""1398563761166861218"", ""resource_project_id"": ""proyecto-2-cloud-509714"", ""resource_type"": ""gce_instance"", ""resource_zone"": ""us-central1-a"", ""vm"": ""mooc-web""}",315686912
2026-09-27T02:46:15.939912Z,"{""command"": ""polkitd"", ""command_line"": ""/usr/lib/polkit-1/polkitd --no-debug"", ""owner"": ""polkitd"", ""pid"": ""490"", ""process"": ""all"", ""resource_instance_id"": ""1398563761166861218"", ""resource_project_id"": ""proyecto-2-cloud-509714"", ""resource_type"": ""gce_instance"", ""resource_zone"": ""us-central1-a"", ""vm"": ""mooc-web""}",315686912
2026-09-27T02:45:45.946676Z,"{""command"": ""polkitd"", ""command_line"": ""/usr/lib/polkit-1/polkitd --no-debug"", ""owner"": ""polkitd"", ""pid"": ""490"", ""process"": ""all"", ""resource_instance_id"": ""1398563761166861218"", ""resource_project_id"": ""proyecto-2-cloud-509714"", ""resource_type"": ""gce_instance"", ""resource_zone"": ""us-central1-a"", ""vm"": ""mooc-web""}",315686912
2026-09-27T02:45:15.944885Z,"{""command"": ""polkitd"", ""command_line"": ""/usr/lib/polkit-1/polkitd --no-debug"", ""owner"": ""polkitd"", ""pid"": ""490"", ""process"": ""all"", ""resource_instance_id"": ""1398563761166861218"", ""resource_project_id"": ""proyecto-2-cloud-509714"", ""resource_type"": ""gce_instance"", ""resource_zone"": ""us-central1-a"", ""vm"": ""mooc-web""}",315686912
2026-09-27T02:44:45.941929Z,"{""command"": ""polkitd"", ""command_line"": ""/usr/lib/polkit-1/polkitd --no-debug"", ""owner"": ""polkitd"", ""pid"": ""490"", ""process"": ""all"", ""resource_instance_id"": ""1398563761166861218"", ""resource_project_id"": ""proyecto-2-cloud-509714"", ""resource_type"": ""gce_instance"", ""resource_zone"": ""us-central1-a"", ""vm"": ""mooc-web""}",315686912
2026-09-27T02:44:15.941135Z,"{""command"": ""polkitd"", ""command_line"": ""/usr/lib/polkit-1/polkitd --no-debug"", ""owner"": ""polkitd"", ""pid"": ""490"", ""process"": ""all"", ""resource_instance_id"": ""1398563761166861218"", ""resource_project_id"": ""proyecto-2-cloud-509714"", ""resource_type"": ""gce_instance"", ""resource_zone"": ""us-central1-a"", ""vm"": ""mooc-web""}",315686912
2026-09-27T02:43:45.939685Z,"{""command"": ""polkitd"", ""command_line"": ""/usr/lib/polkit-1/polkitd --no-debug"", ""owner"": ""polkitd"", ""pid"": ""490"", ""process"": ""all"", ""resource_instance_id"": ""1398563761166861218"", ""resource_project_id"": ""proyecto-2-cloud-509714"", ""resource_type"": ""gce_instance"", ""resource_zone"": ""us-central1-a"", ""vm"": ""mooc-web""}",315686912
2026-09-27T02:43:15.940066Z,"{""command"": ""polkitd"", ""command_line"": ""/usr/lib/polkit-1/polkitd --no-debug"", ""owner"": ""polkitd"", ""pid"": ""490"", ""process"": ""all"", ""resource_instance_id"": ""1398563761166861218"", ""resource_project_id"": ""proyecto-2-cloud-509714"", ""resource_type"": ""gce_instance"", ""resource_zone"": ""us-central1-a"", ""vm"": ""mooc-web""}",315686912
2026-09-27T02:42:45.947616Z,"{""command"": ""polkitd"", ""command_line"": ""/usr/lib/polkit-1/polkitd --no-debug"", ""owner"": ""polkitd"", ""pid"": ""490"", ""process"": ""all"", ""resource_instance_id"": ""1398563761166861218"", ""resource_project_id"": ""proyecto-2-cloud-509714"", ""resource_type"": ""gce_instance"", ""resource_zone"": ""us-central1-a"", ""vm"": ""mooc-web""}",315686912
2026-09-27T02:42:15.940709Z,"{""command"": ""polkitd"", ""command_line"": ""/usr/lib/polkit-1/polkitd --no-debug"", ""owner"": ""polkitd"", ""pid"": ""490"", ""process"": ""all"", ""resource_instance_id"": ""1398563761166861218"", ""resource_project_id"": ""proyecto-2-cloud-509714"", ""resource_type"": ""gce_instance"", ""resource_zone"": ""us-central1-a"", ""vm"": ""mooc-web""}",315686912
2026-09-27T02:41:45.941625Z,"{""command"": ""polkitd"", ""command_line"": ""/usr/lib/polkit-1/polkitd --no-debug"", ""owner"": ""polkitd"", ""pid"": ""490"", ""process"": ""all"", ""resource_instance_id"": ""1398563761166861218"", ""resource_project_id"": ""proyecto-2-cloud-509714"", ""resource_type"": ""gce_instance"", ""resource_zone"": ""us-central1-a"", ""vm"": ""mooc-web""}",315686912
2026-09-27T02:41:15.941503Z,"{""command"": ""polkitd"", ""command_line"": ""/usr/lib/polkit-1/polkitd --no-debug"", ""owner"": ""polkitd"", ""pid"": ""490"", ""process"": ""all"", ""resource_instance_id"": ""1398563761166861218"", ""resource_project_id"": ""proyecto-2-cloud-509714"", ""resource_type"": ""gce_instance"", ""resource_zone"": ""us-central1-a"", ""vm"": ""mooc-web""}",315686912
2026-09-27T02:40:45.942093Z,"{""command"": ""polkitd"", ""command_line"": ""/usr/lib/polkit-1/polkitd --no-debug"", ""owner"": ""polkitd"", ""pid"": ""490"", ""process"": ""all"", ""resource_instance_id"": ""1398563761166861218"", ""resource_project_id"": ""proyecto-2-cloud-509714"", ""resource_type"": ""gce_instance"", ""resource_zone"": ""us-central1-a"", ""vm"": ""mooc-web""}",315686912
2026-09-27T02:40:15.940362Z,"{""command"": ""polkitd"", ""command_line"": ""/usr/lib/polkit-1/polkitd --no-debug"", ""owner"": ""polkitd"", ""pid"": ""490"", ""process"": ""all"", ""resource_instance_id"": ""1398563761166861218"", ""resource_project_id"": ""proyecto-2-cloud-509714"", ""resource_type"": ""gce_instance"", ""resource_zone"": ""us-central1-a"", ""vm"": ""mooc-web""}",315686912
2026-09-27T02:39:45.942031Z,"{""command"": ""polkitd"", ""command_line"": ""/usr/lib/polkit-1/polkitd --no-debug"", ""owner"": ""polkitd"", ""pid"": ""490"", ""process"": ""all"", ""resource_instance_id"": ""1398563761166861218"", ""resource_project_id"": ""proyecto-2-cloud-509714"", ""resource_type"": ""gce_instance"", ""resource_zone"": ""us-central1-a"", ""vm"": ""mooc-web""}",315686912
2026-09-27T02:39:15.956958Z,"{""command"": ""polkitd"", ""command_line"": ""/usr/lib/polkit-1/polkitd --no-debug"", ""owner"": ""polkitd"", ""pid"": ""490"", ""process"": ""all"", ""resource_instance_id"": ""1398563761166861218"", ""resource_project_id"": ""proyecto-2-cloud-509714"", ""resource_type"": ""gce_instance"", ""resource_zone"": ""us-central1-a"", ""vm"": ""mooc-web""}",315686912
2026-09-27T02:49:45.942109Z,"{""command"": ""quota_events_un"", ""command_line"": """", ""owner"": ""root"", ""pid"": ""41"", ""process"": ""all"", ""resource_instance_id"": ""1398563761166861218"", ""resource_project_id"": ""proyecto-2-cloud-509714"", ""resource_type"": ""gce_instance"", ""resource_zone"": ""us-central1-a"", ""vm"": ""mooc-web""}",0
2026-09-27T02:49:15.937204Z,"{""command"": ""quota_events_un"", ""command_line"": """", ""owner"": ""root"", ""pid"": ""41"", ""process"": ""all"", ""resource_instance_id"": ""1398563761166861218"", ""resource_project_id"": ""proyecto-2-cloud-509714"", ""resource_type"": ""gce_instance"", ""resource_zone"": ""us-central1-a"", ""vm"": ""mooc-web""}",0
2026-09-27T02:48:45.937293Z,"{""command"": ""quota_events_un"", ""command_line"": """", ""owner"": ""root"", ""pid"": ""41"", ""process"": ""all"", ""resource_instance_id"": ""1398563761166861218"", ""resource_project_id"": ""proyecto-2-cloud-509714"", ""resource_type"": ""gce_instance"", ""resource_zone"": ""us-central1-a"", ""vm"": ""mooc-web""}",0
2026-09-27T02:48:15.947774Z,"{""command"": ""quota_events_un"", ""command_line"": """", ""owner"": ""root"", ""pid"": ""41"", ""process"": ""all"", ""resource_instance_id"": ""1398563761166861218"", ""resource_project_id"": ""proyecto-2-cloud-509714"", ""resource_type"": ""gce_instance"", ""resource_zone"": ""us-central1-a"", ""vm"": ""mooc-web""}",0
2026-09-27T02:47:45.937862Z,"{""command"": ""quota_events_un"", ""command_line"": """", ""owner"": ""root"", ""pid"": ""41"", ""process"": ""all"", ""resource_instance_id"": ""1398563761166861218"", ""resource_project_id"": ""proyecto-2-cloud-509714"", ""resource_type"": ""gce_instance"", ""resource_zone"": ""us-central1-a"", ""vm"": ""mooc-web""}",0
2026-09-27T02:47:15.937365Z,"{""command"": ""quota_events_un"", ""command_line"": """", ""owner"": ""root"", ""pid"": ""41"", ""process"": ""all"", ""resource_instance_id"": ""1398563761166861218"", ""resource_project_id"": ""proyecto-2-cloud-509714"", ""resource_type"": ""gce_instance"", ""resource_zone"": ""us-central1-a"", ""vm"": ""mooc-web""}",0
2026-09-27T02:46:45.940078Z,"{""command"": ""quota_events_un"", ""command_line"": """", ""owner"": ""root"", ""pid"": ""41"", ""process"": ""all"", ""resource_instance_id"": ""1398563761166861218"", ""resource_project_id"": ""proyecto-2-cloud-509714"", ""resource_type"": ""gce_instance"", ""resource_zone"": ""us-central1-a"", ""vm"": ""mooc-web""}",0
2026-09-27T02:46:15.937005Z,"{""command"": ""quota_events_un"", ""command_line"": """", ""owner"": ""root"", ""pid"": ""41"", ""process"": ""all"", ""resource_instance_id"": ""1398563761166861218"", ""resource_project_id"": ""proyecto-2-cloud-509714"", ""resource_type"": ""gce_instance"", ""resource_zone"": ""us-central1-a"", ""vm"": ""mooc-web""}",0
2026-09-27T02:45:45.943738Z,"{""command"": ""quota_events_un"", ""command_line"": """", ""owner"": ""root"", ""pid"": ""41"", ""process"": ""all"", ""resource_instance_id"": ""1398563761166861218"", ""resource_project_id"": ""proyecto-2-cloud-509714"", ""resource_type"": ""gce_instance"", ""resource_zone"": ""us-central1-a"", ""vm"": ""mooc-web""}",0
2026-09-27T02:45:15.942594Z,"{""command"": ""quota_events_un"", ""command_line"": """", ""owner"": ""root"", ""pid"": ""41"", ""process"": ""all"", ""resource_instance_id"": ""1398563761166861218"", ""resource_project_id"": ""proyecto-2-cloud-509714"", ""resource_type"": ""gce_instance"", ""resource_zone"": ""us-central1-a"", ""vm"": ""mooc-web""}",0
2026-09-27T02:44:45.938769Z,"{""command"": ""quota_events_un"", ""command_line"": """", ""owner"": ""root"", ""pid"": ""41"", ""process"": ""all"", ""resource_instance_id"": ""1398563761166861218"", ""resource_project_id"": ""proyecto-2-cloud-509714"", ""resource_type"": ""gce_instance"", ""resource_zone"": ""us-central1-a"", ""vm"": ""mooc-web""}",0
2026-09-27T02:44:15.939268Z,"{""command"": ""quota_events_un"", ""command_line"": """", ""owner"": ""root"", ""pid"": ""41"", ""process"": ""all"", ""resource_instance_id"": ""1398563761166861218"", ""resource_project_id"": ""proyecto-2-cloud-509714"", ""resource_type"": ""gce_instance"", ""resource_zone"": ""us-central1-a"", ""vm"": ""mooc-web""}",0
2026-09-27T02:43:45.937523Z,"{""command"": ""quota_events_un"", ""command_line"": """", ""owner"": ""root"", ""pid"": ""41"", ""process"": ""all"", ""resource_instance_id"": ""1398563761166861218"", ""resource_project_id"": ""proyecto-2-cloud-509714"", ""resource_type"": ""gce_instance"", ""resource_zone"": ""us-central1-a"", ""vm"": ""mooc-web""}",0
2026-09-27T02:43:15.937778Z,"{""command"": ""quota_events_un"", ""command_line"": """", ""owner"": ""root"", ""pid"": ""41"", ""process"": ""all"", ""resource_instance_id"": ""1398563761166861218"", ""resource_project_id"": ""proyecto-2-cloud-509714"", ""resource_type"": ""gce_instance"", ""resource_zone"": ""us-central1-a"", ""vm"": ""mooc-web""}",0
2026-09-27T02:42:45.945375Z,"{""command"": ""quota_events_un"", ""command_line"": """", ""owner"": ""root"", ""pid"": ""41"", ""process"": ""all"", ""resource_instance_id"": ""1398563761166861218"", ""resource_project_id"": ""proyecto-2-cloud-509714"", ""resource_type"": ""gce_instance"", ""resource_zone"": ""us-central1-a"", ""vm"": ""mooc-web""}",0
2026-09-27T02:42:15.937964Z,"{""command"": ""quota_events_un"", ""command_line"": """", ""owner"": ""root"", ""pid"": ""41"", ""process"": ""all"", ""resource_instance_id"": ""1398563761166861218"", ""resource_project_id"": ""proyecto-2-cloud-509714"", ""resource_type"": ""gce_instance"", ""resource_zone"": ""us-central1-a"", ""vm"": ""mooc-web""}",0
2026-09-27T02:41:45.939717Z,"{""command"": ""quota_events_un"", ""command_line"": """", ""owner"": ""root"", ""pid"": ""41"", ""process"": ""all"", ""resource_instance_id"": ""1398563761166861218"", ""resource_project_id"": ""proyecto-2-cloud-509714"", ""resource_type"": ""gce_instance"", ""resource_zone"": ""us-central1-a"", ""vm"": ""mooc-web""}",0
2026-09-27T02:41:15.939545Z,"{""command"": ""quota_events_un"", ""command_line"": """", ""owner"": ""root"", ""pid"": ""41"", ""process"": ""all"", ""resource_instance_id"": ""1398563761166861218"", ""resource_project_id"": ""proyecto-2-cloud-509714"", ""resource_type"": ""gce_instance"", ""resource_zone"": ""us-central1-a"", ""vm"": ""mooc-web""}",0
2026-09-27T02:40:45.940280Z,"{""command"": ""quota_events_un"", ""command_line"": """", ""owner"": ""root"", ""pid"": ""41"", ""process"": ""all"", ""resource_instance_id"": ""1398563761166861218"", ""resource_project_id"": ""proyecto-2-cloud-509714"", ""resource_type"": ""gce_instance"", ""resource_zone"": ""us-central1-a"", ""vm"": ""mooc-web""}",0
2026-09-27T02:40:15.937927Z,"{""command"": ""quota_events_un"", ""command_line"": """", ""owner"": ""root"", ""pid"": ""41"", ""process"": ""all"", ""resource_instance_id"": ""1398563761166861218"", ""resource_project_id"": ""proyecto-2-cloud-509714"", ""resource_type"": ""gce_instance"", ""resource_zone"": ""us-central1-a"", ""vm"": ""mooc-web""}",0
2026-09-27T02:39:45.939233Z,"{""command"": ""quota_events_un"", ""command_line"": """", ""owner"": ""root"", ""pid"": ""41"", ""process"": ""all"", ""resource_instance_id"": ""1398563761166861218"", ""resource_project_id"": ""proyecto-2-cloud-509714"", ""resource_type"": ""gce_instance"", ""resource_zone"": ""us-central1-a"", ""vm"": ""mooc-web""}",0
2026-09-27T02:39:15.954569Z,"{""command"": ""quota_events_un"", ""command_line"": """", ""owner"": ""root"", ""pid"": ""41"", ""process"": ""all"", ""resource_instance_id"": ""1398563761166861218"", ""resource_project_id"": ""proyecto-2-cloud-509714"", ""resource_type"": ""gce_instance"", ""resource_zone"": ""us-central1-a"", ""vm"": ""mooc-web""}",0
2026-09-27T02:49:45.939792Z,"{""command"": ""rcu_gp"", ""command_line"": """", ""owner"": ""root"", ""pid"": ""3"", ""process"": ""all"", ""resource_instance_id"": ""1398563761166861218"", ""resource_project_id"": ""proyecto-2-cloud-509714"", ""resource_type"": ""gce_instance"", ""resource_zone"": ""us-central1-a"", ""vm"": ""mooc-web""}",0
2026-09-27T02:49:15.935604Z,"{""command"": ""rcu_gp"", ""command_line"": """", ""owner"": ""root"", ""pid"": ""3"", ""process"": ""all"", ""resource_instance_id"": ""1398563761166861218"", ""resource_project_id"": ""proyecto-2-cloud-509714"", ""resource_type"": ""gce_instance"", ""resource_zone"": ""us-central1-a"", ""vm"": ""mooc-web""}",0
2026-09-27T02:48:45.935694Z,"{""command"": ""rcu_gp"", ""command_line"": """", ""owner"": ""root"", ""pid"": ""3"", ""process"": ""all"", ""resource_instance_id"": ""1398563761166861218"", ""resource_project_id"": ""proyecto-2-cloud-509714"", ""resource_type"": ""gce_instance"", ""resource_zone"": ""us-central1-a"", ""vm"": ""mooc-web""}",0
2026-09-27T02:48:15.944042Z,"{""command"": ""rcu_gp"", ""command_line"": """", ""owner"": ""root"", ""pid"": ""3"", ""process"": ""all"", ""resource_instance_id"": ""1398563761166861218"", ""resource_project_id"": ""proyecto-2-cloud-509714"", ""resource_type"": ""gce_instance"", ""resource_zone"": ""us-central1-a"", ""vm"": ""mooc-web""}",0
2026-09-27T02:47:45.936096Z,"{""command"": ""rcu_gp"", ""command_line"": """", ""owner"": ""root"", ""pid"": ""3"", ""process"": ""all"", ""resource_instance_id"": ""1398563761166861218"", ""resource_project_id"": ""proyecto-2-cloud-509714"", ""resource_type"": ""gce_instance"", ""resource_zone"": ""us-central1-a"", ""vm"": ""mooc-web""}",0
2026-09-27T02:47:15.935798Z,"{""command"": ""rcu_gp"", ""command_line"": """", ""owner"": ""root"", ""pid"": ""3"", ""process"": ""all"", ""resource_instance_id"": ""1398563761166861218"", ""resource_project_id"": ""proyecto-2-cloud-509714"", ""resource_type"": ""gce_instance"", ""resource_zone"": ""us-central1-a"", ""vm"": ""mooc-web""}",0
2026-09-27T02:46:45.938382Z,"{""command"": ""rcu_gp"", ""command_line"": """", ""owner"": ""root"", ""pid"": ""3"", ""process"": ""all"", ""resource_instance_id"": ""1398563761166861218"", ""resource_project_id"": ""proyecto-2-cloud-509714"", ""resource_type"": ""gce_instance"", ""resource_zone"": ""us-central1-a"", ""vm"": ""mooc-web""}",0
2026-09-27T02:46:15.935453Z,"{""command"": ""rcu_gp"", ""command_line"": """", ""owner"": ""root"", ""pid"": ""3"", ""process"": ""all"", ""resource_instance_id"": ""1398563761166861218"", ""resource_project_id"": ""proyecto-2-cloud-509714"", ""resource_type"": ""gce_instance"", ""resource_zone"": ""us-central1-a"", ""vm"": ""mooc-web""}",0
2026-09-27T02:45:45.940797Z,"{""command"": ""rcu_gp"", ""command_line"": """", ""owner"": ""root"", ""pid"": ""3"", ""process"": ""all"", ""resource_instance_id"": ""1398563761166861218"", ""resource_project_id"": ""proyecto-2-cloud-509714"", ""resource_type"": ""gce_instance"", ""resource_zone"": ""us-central1-a"", ""vm"": ""mooc-web""}",0
2026-09-27T02:45:15.940884Z,"{""command"": ""rcu_gp"", ""command_line"": """", ""owner"": ""root"", ""pid"": ""3"", ""process"": ""all"", ""resource_instance_id"": ""1398563761166861218"", ""resource_project_id"": ""proyecto-2-cloud-509714"", ""resource_type"": ""gce_instance"", ""resource_zone"": ""us-central1-a"", ""vm"": ""mooc-web""}",0
2026-09-27T02:44:45.936507Z,"{""command"": ""rcu_gp"", ""command_line"": """", ""owner"": ""root"", ""pid"": ""3"", ""process"": ""all"", ""resource_instance_id"": ""1398563761166861218"", ""resource_project_id"": ""proyecto-2-cloud-509714"", ""resource_type"": ""gce_instance"", ""resource_zone"": ""us-central1-a"", ""vm"": ""mooc-web""}",0
2026-09-27T02:44:15.937544Z,"{""command"": ""rcu_gp"", ""command_line"": """", ""owner"": ""root"", ""pid"": ""3"", ""process"": ""all"", ""resource_instance_id"": ""1398563761166861218"", ""resource_project_id"": ""proyecto-2-cloud-509714"", ""resource_type"": ""gce_instance"", ""resource_zone"": ""us-central1-a"", ""vm"": ""mooc-web""}",0
2026-09-27T02:43:45.935922Z,"{""command"": ""rcu_gp"", ""command_line"": """", ""owner"": ""root"", ""pid"": ""3"", ""process"": ""all"", ""resource_instance_id"": ""1398563761166861218"", ""resource_project_id"": ""proyecto-2-cloud-509714"", ""resource_type"": ""gce_instance"", ""resource_zone"": ""us-central1-a"", ""vm"": ""mooc-web""}",0
2026-09-27T02:43:15.936168Z,"{""command"": ""rcu_gp"", ""command_line"": """", ""owner"": ""root"", ""pid"": ""3"", ""process"": ""all"", ""resource_instance_id"": ""1398563761166861218"", ""resource_project_id"": ""proyecto-2-cloud-509714"", ""resource_type"": ""gce_instance"", ""resource_zone"": ""us-central1-a"", ""vm"": ""mooc-web""}",0
2026-09-27T02:42:45.943700Z,"{""command"": ""rcu_gp"", ""command_line"": """", ""owner"": ""root"", ""pid"": ""3"", ""process"": ""all"", ""resource_instance_id"": ""1398563761166861218"", ""resource_project_id"": ""proyecto-2-cloud-509714"", ""resource_type"": ""gce_instance"", ""resource_zone"": ""us-central1-a"", ""vm"": ""mooc-web""}",0
2026-09-27T02:42:15.936105Z,"{""command"": ""rcu_gp"", ""command_line"": """", ""owner"": ""root"", ""pid"": ""3"", ""process"": ""all"", ""resource_instance_id"": ""1398563761166861218"", ""resource_project_id"": ""proyecto-2-cloud-509714"", ""resource_type"": ""gce_instance"", ""resource_zone"": ""us-central1-a"", ""vm"": ""mooc-web""}",0
2026-09-27T02:41:45.937989Z,"{""command"": ""rcu_gp"", ""command_line"": """", ""owner"": ""root"", ""pid"": ""3"", ""process"": ""all"", ""resource_instance_id"": ""1398563761166861218"", ""resource_project_id"": ""proyecto-2-cloud-509714"", ""resource_type"": ""gce_instance"", ""resource_zone"": ""us-central1-a"", ""vm"": ""mooc-web""}",0
2026-09-27T02:41:15.937768Z,"{""command"": ""rcu_gp"", ""command_line"": """", ""owner"": ""root"", ""pid"": ""3"", ""process"": ""all"", ""resource_instance_id"": ""1398563761166861218"", ""resource_project_id"": ""proyecto-2-cloud-509714"", ""resource_type"": ""gce_instance"", ""resource_zone"": ""us-central1-a"", ""vm"": ""mooc-web""}",0
2026-09-27T02:40:45.938505Z,"{""command"": ""rcu_gp"", ""command_line"": """", ""owner"": ""root"", ""pid"": ""3"", ""process"": ""all"", ""resource_instance_id"": ""1398563761166861218"", ""resource_project_id"": ""proyecto-2-cloud-509714"", ""resource_type"": ""gce_instance"", ""resource_zone"": ""us-central1-a"", ""vm"": ""mooc-web""}",0
2026-09-27T02:40:15.936136Z,"{""command"": ""rcu_gp"", ""command_line"": """", ""owner"": ""root"", ""pid"": ""3"", ""process"": ""all"", ""resource_instance_id"": ""1398563761166861218"", ""resource_project_id"": ""proyecto-2-cloud-509714"", ""resource_type"": ""gce_instance"", ""resource_zone"": ""us-central1-a"", ""vm"": ""mooc-web""}",0
2026-09-27T02:39:45.936975Z,"{""command"": ""rcu_gp"", ""command_line"": """", ""owner"": ""root"", ""pid"": ""3"", ""process"": ""all"", ""resource_instance_id"": ""1398563761166861218"", ""resource_project_id"": ""proyecto-2-cloud-509714"", ""resource_type"": ""gce_instance"", ""resource_zone"": ""us-central1-a"", ""vm"": ""mooc-web""}",0
2026-09-27T02:39:15.952235Z,"{""command"": ""rcu_gp"", ""command_line"": """", ""owner"": ""root"", ""pid"": ""3"", ""process"": ""all"", ""resource_instance_id"": ""1398563761166861218"", ""resource_project_id"": ""proyecto-2-cloud-509714"", ""resource_type"": ""gce_instance"", ""resource_zone"": ""us-central1-a"", ""vm"": ""mooc-web""}",0
2026-09-27T02:49:45.939861Z,"{""command"": ""rcu_par_gp"", ""command_line"": """", ""owner"": ""root"", ""pid"": ""4"", ""process"": ""all"", ""resource_instance_id"": ""1398563761166861218"", ""resource_project_id"": ""proyecto-2-cloud-509714"", ""resource_type"": ""gce_instance"", ""resource_zone"": ""us-central1-a"", ""vm"": ""mooc-web""}",0
2026-09-27T02:49:15.935674Z,"{""command"": ""rcu_par_gp"", ""command_line"": """", ""owner"": ""root"", ""pid"": ""4"", ""process"": ""all"", ""resource_instance_id"": ""1398563761166861218"", ""resource_project_id"": ""proyecto-2-cloud-509714"", ""resource_type"": ""gce_instance"", ""resource_zone"": ""us-central1-a"", ""vm"": ""mooc-web""}",0
2026-09-27T02:48:45.935747Z,"{""command"": ""rcu_par_gp"", ""command_line"": """", ""owner"": ""root"", ""pid"": ""4"", ""process"": ""all"", ""resource_instance_id"": ""1398563761166861218"", ""resource_project_id"": ""proyecto-2-cloud-509714"", ""resource_type"": ""gce_instance"", ""resource_zone"": ""us-central1-a"", ""vm"": ""mooc-web""}",0
2026-09-27T02:48:15.944160Z,"{""command"": ""rcu_par_gp"", ""command_line"": """", ""owner"": ""root"", ""pid"": ""4"", ""process"": ""all"", ""resource_instance_id"": ""1398563761166861218"", ""resource_project_id"": ""proyecto-2-cloud-509714"", ""resource_type"": ""gce_instance"", ""resource_zone"": ""us-central1-a"", ""vm"": ""mooc-web""}",0
2026-09-27T02:47:45.936149Z,"{""command"": ""rcu_par_gp"", ""command_line"": """", ""owner"": ""root"", ""pid"": ""4"", ""process"": ""all"", ""resource_instance_id"": ""1398563761166861218"", ""resource_project_id"": ""proyecto-2-cloud-509714"", ""resource_type"": ""gce_instance"", ""resource_zone"": ""us-central1-a"", ""vm"": ""mooc-web""}",0
2026-09-27T02:47:15.935856Z,"{""command"": ""rcu_par_gp"", ""command_line"": """", ""owner"": ""root"", ""pid"": ""4"", ""process"": ""all"", ""resource_instance_id"": ""1398563761166861218"", ""resource_project_id"": ""proyecto-2-cloud-509714"", ""resource_type"": ""gce_instance"", ""resource_zone"": ""us-central1-a"", ""vm"": ""mooc-web""}",0
2026-09-27T02:46:45.938431Z,"{""command"": ""rcu_par_gp"", ""command_line"": """", ""owner"": ""root"", ""pid"": ""4"", ""process"": ""all"", ""resource_instance_id"": ""1398563761166861218"", ""resource_project_id"": ""proyecto-2-cloud-509714"", ""resource_type"": ""gce_instance"", ""resource_zone"": ""us-central1-a"", ""vm"": ""mooc-web""}",0
2026-09-27T02:46:15.935504Z,"{""command"": ""rcu_par_gp"", ""command_line"": """", ""owner"": ""root"", ""pid"": ""4"", ""process"": ""all"", ""resource_instance_id"": ""1398563761166861218"", ""resource_project_id"": ""proyecto-2-cloud-509714"", ""resource_type"": ""gce_instance"", ""resource_zone"": ""us-central1-a"", ""vm"": ""mooc-web""}",0
2026-09-27T02:45:45.940907Z,"{""command"": ""rcu_par_gp"", ""command_line"": """", ""owner"": ""root"", ""pid"": ""4"", ""process"": ""all"", ""resource_instance_id"": ""1398563761166861218"", ""resource_project_id"": ""proyecto-2-cloud-509714"", ""resource_type"": ""gce_instance"", ""resource_zone"": ""us-central1-a"", ""vm"": ""mooc-web""}",0
2026-09-27T02:45:15.940933Z,"{""command"": ""rcu_par_gp"", ""command_line"": """", ""owner"": ""root"", ""pid"": ""4"", ""process"": ""all"", ""resource_instance_id"": ""1398563761166861218"", ""resource_project_id"": ""proyecto-2-cloud-509714"", ""resource_type"": ""gce_instance"", ""resource_zone"": ""us-central1-a"", ""vm"": ""mooc-web""}",0
2026-09-27T02:44:45.936574Z,"{""command"": ""rcu_par_gp"", ""command_line"": """", ""owner"": ""root"", ""pid"": ""4"", ""process"": ""all"", ""resource_instance_id"": ""1398563761166861218"", ""resource_project_id"": ""proyecto-2-cloud-509714"", ""resource_type"": ""gce_instance"", ""resource_zone"": ""us-central1-a"", ""vm"": ""mooc-web""}",0
2026-09-27T02:44:15.937592Z,"{""command"": ""rcu_par_gp"", ""command_line"": """", ""owner"": ""root"", ""pid"": ""4"", ""process"": ""all"", ""resource_instance_id"": ""1398563761166861218"", ""resource_project_id"": ""proyecto-2-cloud-509714"", ""resource_type"": ""gce_instance"", ""resource_zone"": ""us-central1-a"", ""vm"": ""mooc-web""}",0
2026-09-27T02:43:45.935977Z,"{""command"": ""rcu_par_gp"", ""command_line"": """", ""owner"": ""root"", ""pid"": ""4"", ""process"": ""all"", ""resource_instance_id"": ""1398563761166861218"", ""resource_project_id"": ""proyecto-2-cloud-509714"", ""resource_type"": ""gce_instance"", ""resource_zone"": ""us-central1-a"", ""vm"": ""mooc-web""}",0
2026-09-27T02:43:15.936221Z,"{""command"": ""rcu_par_gp"", ""command_line"": """", ""owner"": ""root"", ""pid"": ""4"", ""process"": ""all"", ""resource_instance_id"": ""1398563761166861218"", ""resource_project_id"": ""proyecto-2-cloud-509714"", ""resource_type"": ""gce_instance"", ""resource_zone"": ""us-central1-a"", ""vm"": ""mooc-web""}",0
2026-09-27T02:42:45.943752Z,"{""command"": ""rcu_par_gp"", ""command_line"": """", ""owner"": ""root"", ""pid"": ""4"", ""process"": ""all"", ""resource_instance_id"": ""1398563761166861218"", ""resource_project_id"": ""proyecto-2-cloud-509714"", ""resource_type"": ""gce_instance"", ""resource_zone"": ""us-central1-a"", ""vm"": ""mooc-web""}",0
2026-09-27T02:42:15.936159Z,"{""command"": ""rcu_par_gp"", ""command_line"": """", ""owner"": ""root"", ""pid"": ""4"", ""process"": ""all"", ""resource_instance_id"": ""1398563761166861218"", ""resource_project_id"": ""proyecto-2-cloud-509714"", ""resource_type"": ""gce_instance"", ""resource_zone"": ""us-central1-a"", ""vm"": ""mooc-web""}",0
2026-09-27T02:41:45.938037Z,"{""command"": ""rcu_par_gp"", ""command_line"": """", ""owner"": ""root"", ""pid"": ""4"", ""process"": ""all"", ""resource_instance_id"": ""1398563761166861218"", ""resource_project_id"": ""proyecto-2-cloud-509714"", ""resource_type"": ""gce_instance"", ""resource_zone"": ""us-central1-a"", ""vm"": ""mooc-web""}",0
2026-09-27T02:41:15.937827Z,"{""command"": ""rcu_par_gp"", ""command_line"": """", ""owner"": ""root"", ""pid"": ""4"", ""process"": ""all"", ""resource_instance_id"": ""1398563761166861218"", ""resource_project_id"": ""proyecto-2-cloud-509714"", ""resource_type"": ""gce_instance"", ""resource_zone"": ""us-central1-a"", ""vm"": ""mooc-web""}",0
2026-09-27T02:40:45.938557Z,"{""command"": ""rcu_par_gp"", ""command_line"": """", ""owner"": ""root"", ""pid"": ""4"", ""process"": ""all"", ""resource_instance_id"": ""1398563761166861218"", ""resource_project_id"": ""proyecto-2-cloud-509714"", ""resource_type"": ""gce_instance"", ""resource_zone"": ""us-central1-a"", ""vm"": ""mooc-web""}",0
2026-09-27T02:40:15.936185Z,"{""command"": ""rcu_par_gp"", ""command_line"": """", ""owner"": ""root"", ""pid"": ""4"", ""process"": ""all"", ""resource_instance_id"": ""1398563761166861218"", ""resource_project_id"": ""proyecto-2-cloud-509714"", ""resource_type"": ""gce_instance"", ""resource_zone"": ""us-central1-a"", ""vm"": ""mooc-web""}",0
2026-09-27T02:39:45.937025Z,"{""command"": ""rcu_par_gp"", ""command_line"": """", ""owner"": ""root"", ""pid"": ""4"", ""process"": ""all"", ""resource_instance_id"": ""1398563761166861218"", ""resource_project_id"": ""proyecto-2-cloud-509714"", ""resource_type"": ""gce_instance"", ""resource_zone"": ""us-central1-a"", ""vm"": ""mooc-web""}",0
2026-09-27T02:39:15.952387Z,"{""command"": ""rcu_par_gp"", ""command_line"": """", ""owner"": ""root"", ""pid"": ""4"", ""process"": ""all"", ""resource_instance_id"": ""1398563761166861218"", ""resource_project_id"": ""proyecto-2-cloud-509714"", ""resource_type"": ""gce_instance"", ""resource_zone"": ""us-central1-a"", ""vm"": ""mooc-web""}",0
2026-09-27T02:49:45.940534Z,"{""command"": ""rcu_preempt"", ""command_line"": """", ""owner"": ""root"", ""pid"": ""15"", ""process"": ""all"", ""resource_instance_id"": ""1398563761166861218"", ""resource_project_id"": ""proyecto-2-cloud-509714"", ""resource_type"": ""gce_instance"", ""resource_zone"": ""us-central1-a"", ""vm"": ""mooc-web""}",0
2026-09-27T02:49:15.936124Z,"{""command"": ""rcu_preempt"", ""command_line"": """", ""owner"": ""root"", ""pid"": ""15"", ""process"": ""all"", ""resource_instance_id"": ""1398563761166861218"", ""resource_project_id"": ""proyecto-2-cloud-509714"", ""resource_type"": ""gce_instance"", ""resource_zone"": ""us-central1-a"", ""vm"": ""mooc-web""}",0
2026-09-27T02:48:45.936200Z,"{""command"": ""rcu_preempt"", ""command_line"": """", ""owner"": ""root"", ""pid"": ""15"", ""process"": ""all"", ""resource_instance_id"": ""1398563761166861218"", ""resource_project_id"": ""proyecto-2-cloud-509714"", ""resource_type"": ""gce_instance"", ""resource_zone"": ""us-central1-a"", ""vm"": ""mooc-web""}",0
2026-09-27T02:48:15.945454Z,"{""command"": ""rcu_preempt"", ""command_line"": """", ""owner"": ""root"", ""pid"": ""15"", ""process"": ""all"", ""resource_instance_id"": ""1398563761166861218"", ""resource_project_id"": ""proyecto-2-cloud-509714"", ""resource_type"": ""gce_instance"", ""resource_zone"": ""us-central1-a"", ""vm"": ""mooc-web""}",0
2026-09-27T02:47:45.936608Z,"{""command"": ""rcu_preempt"", ""command_line"": """", ""owner"": ""root"", ""pid"": ""15"", ""process"": ""all"", ""resource_instance_id"": ""1398563761166861218"", ""resource_project_id"": ""proyecto-2-cloud-509714"", ""resource_type"": ""gce_instance"", ""resource_zone"": ""us-central1-a"", ""vm"": ""mooc-web""}",0
2026-09-27T02:47:15.936315Z,"{""command"": ""rcu_preempt"", ""command_line"": """", ""owner"": ""root"", ""pid"": ""15"", ""process"": ""all"", ""resource_instance_id"": ""1398563761166861218"", ""resource_project_id"": ""proyecto-2-cloud-509714"", ""resource_type"": ""gce_instance"", ""resource_zone"": ""us-central1-a"", ""vm"": ""mooc-web""}",0
2026-09-27T02:46:45.938898Z,"{""command"": ""rcu_preempt"", ""command_line"": """", ""owner"": ""root"", ""pid"": ""15"", ""process"": ""all"", ""resource_instance_id"": ""1398563761166861218"", ""resource_project_id"": ""proyecto-2-cloud-509714"", ""resource_type"": ""gce_instance"", ""resource_zone"": ""us-central1-a"", ""vm"": ""mooc-web""}",0
2026-09-27T02:46:15.935950Z,"{""command"": ""rcu_preempt"", ""command_line"": """", ""owner"": ""root"", ""pid"": ""15"", ""process"": ""all"", ""resource_instance_id"": ""1398563761166861218"", ""resource_project_id"": ""proyecto-2-cloud-509714"", ""resource_type"": ""gce_instance"", ""resource_zone"": ""us-central1-a"", ""vm"": ""mooc-web""}",0
2026-09-27T02:45:45.941713Z,"{""command"": ""rcu_preempt"", ""command_line"": """", ""owner"": ""root"", ""pid"": ""15"", ""process"": ""all"", ""resource_instance_id"": ""1398563761166861218"", ""resource_project_id"": ""proyecto-2-cloud-509714"", ""resource_type"": ""gce_instance"", ""resource_zone"": ""us-central1-a"", ""vm"": ""mooc-web""}",0
2026-09-27T02:45:15.941440Z,"{""command"": ""rcu_preempt"", ""command_line"": """", ""owner"": ""root"", ""pid"": ""15"", ""process"": ""all"", ""resource_instance_id"": ""1398563761166861218"", ""resource_project_id"": ""proyecto-2-cloud-509714"", ""resource_type"": ""gce_instance"", ""resource_zone"": ""us-central1-a"", ""vm"": ""mooc-web""}",0
2026-09-27T02:44:45.937091Z,"{""command"": ""rcu_preempt"", ""command_line"": """", ""owner"": ""root"", ""pid"": ""15"", ""process"": ""all"", ""resource_instance_id"": ""1398563761166861218"", ""resource_project_id"": ""proyecto-2-cloud-509714"", ""resource_type"": ""gce_instance"", ""resource_zone"": ""us-central1-a"", ""vm"": ""mooc-web""}",0
2026-09-27T02:44:15.938046Z,"{""command"": ""rcu_preempt"", ""command_line"": """", ""owner"": ""root"", ""pid"": ""15"", ""process"": ""all"", ""resource_instance_id"": ""1398563761166861218"", ""resource_project_id"": ""proyecto-2-cloud-509714"", ""resource_type"": ""gce_instance"", ""resource_zone"": ""us-central1-a"", ""vm"": ""mooc-web""}",0
2026-09-27T02:43:45.936426Z,"{""command"": ""rcu_preempt"", ""command_line"": """", ""owner"": ""root"", ""pid"": ""15"", ""process"": ""all"", ""resource_instance_id"": ""1398563761166861218"", ""resource_project_id"": ""proyecto-2-cloud-509714"", ""resource_type"": ""gce_instance"", ""resource_zone"": ""us-central1-a"", ""vm"": ""mooc-web""}",0
2026-09-27T02:43:15.936675Z,"{""command"": ""rcu_preempt"", ""command_line"": """", ""owner"": ""root"", ""pid"": ""15"", ""process"": ""all"", ""resource_instance_id"": ""1398563761166861218"", ""resource_project_id"": ""proyecto-2-cloud-509714"", ""resource_type"": ""gce_instance"", ""resource_zone"": ""us-central1-a"", ""vm"": ""mooc-web""}",0
2026-09-27T02:42:45.944253Z,"{""command"": ""rcu_preempt"", ""command_line"": """", ""owner"": ""root"", ""pid"": ""15"", ""process"": ""all"", ""resource_instance_id"": ""1398563761166861218"", ""resource_project_id"": ""proyecto-2-cloud-509714"", ""resource_type"": ""gce_instance"", ""resource_zone"": ""us-central1-a"", ""vm"": ""mooc-web""}",0
2026-09-27T02:42:15.936706Z,"{""command"": ""rcu_preempt"", ""command_line"": """", ""owner"": ""root"", ""pid"": ""15"", ""process"": ""all"", ""resource_instance_id"": ""1398563761166861218"", ""resource_project_id"": ""proyecto-2-cloud-509714"", ""resource_type"": ""gce_instance"", ""resource_zone"": ""us-central1-a"", ""vm"": ""mooc-web""}",0
2026-09-27T02:41:45.938615Z,"{""command"": ""rcu_preempt"", ""command_line"": """", ""owner"": ""root"", ""pid"": ""15"", ""process"": ""all"", ""resource_instance_id"": ""1398563761166861218"", ""resource_project_id"": ""proyecto-2-cloud-509714"", ""resource_type"": ""gce_instance"", ""resource_zone"": ""us-central1-a"", ""vm"": ""mooc-web""}",0
2026-09-27T02:41:15.938363Z,"{""command"": ""rcu_preempt"", ""command_line"": """", ""owner"": ""root"", ""pid"": ""15"", ""process"": ""all"", ""resource_instance_id"": ""1398563761166861218"", ""resource_project_id"": ""proyecto-2-cloud-509714"", ""resource_type"": ""gce_instance"", ""resource_zone"": ""us-central1-a"", ""vm"": ""mooc-web""}",0
2026-09-27T02:40:45.939151Z,"{""command"": ""rcu_preempt"", ""command_line"": """", ""owner"": ""root"", ""pid"": ""15"", ""process"": ""all"", ""resource_instance_id"": ""1398563761166861218"", ""resource_project_id"": ""proyecto-2-cloud-509714"", ""resource_type"": ""gce_instance"", ""resource_zone"": ""us-central1-a"", ""vm"": ""mooc-web""}",0
2026-09-27T02:40:15.936700Z,"{""command"": ""rcu_preempt"", ""command_line"": """", ""owner"": ""root"", ""pid"": ""15"", ""process"": ""all"", ""resource_instance_id"": ""1398563761166861218"", ""resource_project_id"": ""proyecto-2-cloud-509714"", ""resource_type"": ""gce_instance"", ""resource_zone"": ""us-central1-a"", ""vm"": ""mooc-web""}",0
2026-09-27T02:39:45.937572Z,"{""command"": ""rcu_preempt"", ""command_line"": """", ""owner"": ""root"", ""pid"": ""15"", ""process"": ""all"", ""resource_instance_id"": ""1398563761166861218"", ""resource_project_id"": ""proyecto-2-cloud-509714"", ""resource_type"": ""gce_instance"", ""resource_zone"": ""us-central1-a"", ""vm"": ""mooc-web""}",0
2026-09-27T02:39:15.953075Z,"{""command"": ""rcu_preempt"", ""command_line"": """", ""owner"": ""root"", ""pid"": ""15"", ""process"": ""all"", ""resource_instance_id"": ""1398563761166861218"", ""resource_project_id"": ""proyecto-2-cloud-509714"", ""resource_type"": ""gce_instance"", ""resource_zone"": ""us-central1-a"", ""vm"": ""mooc-web""}",0
2026-09-27T02:49:45.940264Z,"{""command"": ""rcu_tasks_kthread"", ""command_line"": """", ""owner"": ""root"", ""pid"": ""11"", ""process"": ""all"", ""resource_instance_id"": ""1398563761166861218"", ""resource_project_id"": ""proyecto-2-cloud-509714"", ""resource_type"": ""gce_instance"", ""resource_zone"": ""us-central1-a"", ""vm"": ""mooc-web""}",0
2026-09-27T02:49:15.935926Z,"{""command"": ""rcu_tasks_kthread"", ""command_line"": """", ""owner"": ""root"", ""pid"": ""11"", ""process"": ""all"", ""resource_instance_id"": ""1398563761166861218"", ""resource_project_id"": ""proyecto-2-cloud-509714"", ""resource_type"": ""gce_instance"", ""resource_zone"": ""us-central1-a"", ""vm"": ""mooc-web""}",0
2026-09-27T02:48:45.936004Z,"{""command"": ""rcu_tasks_kthread"", ""command_line"": """", ""owner"": ""root"", ""pid"": ""11"", ""process"": ""all"", ""resource_instance_id"": ""1398563761166861218"", ""resource_project_id"": ""proyecto-2-cloud-509714"", ""resource_type"": ""gce_instance"", ""resource_zone"": ""us-central1-a"", ""vm"": ""mooc-web""}",0
2026-09-27T02:48:15.944971Z,"{""command"": ""rcu_tasks_kthread"", ""command_line"": """", ""owner"": ""root"", ""pid"": ""11"", ""process"": ""all"", ""resource_instance_id"": ""1398563761166861218"", ""resource_project_id"": ""proyecto-2-cloud-509714"", ""resource_type"": ""gce_instance"", ""resource_zone"": ""us-central1-a"", ""vm"": ""mooc-web""}",0
2026-09-27T02:47:45.936407Z,"{""command"": ""rcu_tasks_kthread"", ""command_line"": """", ""owner"": ""root"", ""pid"": ""11"", ""process"": ""all"", ""resource_instance_id"": ""1398563761166861218"", ""resource_project_id"": ""proyecto-2-cloud-509714"", ""resource_type"": ""gce_instance"", ""resource_zone"": ""us-central1-a"", ""vm"": ""mooc-web""}",0
2026-09-27T02:47:15.936118Z,"{""command"": ""rcu_tasks_kthread"", ""command_line"": """", ""owner"": ""root"", ""pid"": ""11"", ""process"": ""all"", ""resource_instance_id"": ""1398563761166861218"", ""resource_project_id"": ""proyecto-2-cloud-509714"", ""resource_type"": ""gce_instance"", ""resource_zone"": ""us-central1-a"", ""vm"": ""mooc-web""}",0
2026-09-27T02:46:45.938700Z,"{""command"": ""rcu_tasks_kthread"", ""command_line"": """", ""owner"": ""root"", ""pid"": ""11"", ""process"": ""all"", ""resource_instance_id"": ""1398563761166861218"", ""resource_project_id"": ""proyecto-2-cloud-509714"", ""resource_type"": ""gce_instance"", ""resource_zone"": ""us-central1-a"", ""vm"": ""mooc-web""}",0
2026-09-27T02:46:15.935746Z,"{""command"": ""rcu_tasks_kthread"", ""command_line"": """", ""owner"": ""root"", ""pid"": ""11"", ""process"": ""all"", ""resource_instance_id"": ""1398563761166861218"", ""resource_project_id"": ""proyecto-2-cloud-509714"", ""resource_type"": ""gce_instance"", ""resource_zone"": ""us-central1-a"", ""vm"": ""mooc-web""}",0
2026-09-27T02:45:45.941375Z,"{""command"": ""rcu_tasks_kthread"", ""command_line"": """", ""owner"": ""root"", ""pid"": ""11"", ""process"": ""all"", ""resource_instance_id"": ""1398563761166861218"", ""resource_project_id"": ""proyecto-2-cloud-509714"", ""resource_type"": ""gce_instance"", ""resource_zone"": ""us-central1-a"", ""vm"": ""mooc-web""}",0
2026-09-27T02:45:15.941209Z,"{""command"": ""rcu_tasks_kthread"", ""command_line"": """", ""owner"": ""root"", ""pid"": ""11"", ""process"": ""all"", ""resource_instance_id"": ""1398563761166861218"", ""resource_project_id"": ""proyecto-2-cloud-509714"", ""resource_type"": ""gce_instance"", ""resource_zone"": ""us-central1-a"", ""vm"": ""mooc-web""}",0
2026-09-27T02:44:45.936861Z,"{""command"": ""rcu_tasks_kthread"", ""command_line"": """", ""owner"": ""root"", ""pid"": ""11"", ""process"": ""all"", ""resource_instance_id"": ""1398563761166861218"", ""resource_project_id"": ""proyecto-2-cloud-509714"", ""resource_type"": ""gce_instance"", ""resource_zone"": ""us-central1-a"", ""vm"": ""mooc-web""}",0
2026-09-27T02:44:15.937847Z,"{""command"": ""rcu_tasks_kthread"", ""command_line"": """", ""owner"": ""root"", ""pid"": ""11"", ""process"": ""all"", ""resource_instance_id"": ""1398563761166861218"", ""resource_project_id"": ""proyecto-2-cloud-509714"", ""resource_type"": ""gce_instance"", ""resource_zone"": ""us-central1-a"", ""vm"": ""mooc-web""}",0
2026-09-27T02:43:45.936232Z,"{""command"": ""rcu_tasks_kthread"", ""command_line"": """", ""owner"": ""root"", ""pid"": ""11"", ""process"": ""all"", ""resource_instance_id"": ""1398563761166861218"", ""resource_project_id"": ""proyecto-2-cloud-509714"", ""resource_type"": ""gce_instance"", ""resource_zone"": ""us-central1-a"", ""vm"": ""mooc-web""}",0
2026-09-27T02:43:15.936475Z,"{""command"": ""rcu_tasks_kthread"", ""command_line"": """", ""owner"": ""root"", ""pid"": ""11"", ""process"": ""all"", ""resource_instance_id"": ""1398563761166861218"", ""resource_project_id"": ""proyecto-2-cloud-509714"", ""resource_type"": ""gce_instance"", ""resource_zone"": ""us-central1-a"", ""vm"": ""mooc-web""}",0
2026-09-27T02:42:45.944057Z,"{""command"": ""rcu_tasks_kthread"", ""command_line"": """", ""owner"": ""root"", ""pid"": ""11"", ""process"": ""all"", ""resource_instance_id"": ""1398563761166861218"", ""resource_project_id"": ""proyecto-2-cloud-509714"", ""resource_type"": ""gce_instance"", ""resource_zone"": ""us-central1-a"", ""vm"": ""mooc-web""}",0
2026-09-27T02:42:15.936472Z,"{""command"": ""rcu_tasks_kthread"", ""command_line"": """", ""owner"": ""root"", ""pid"": ""11"", ""process"": ""all"", ""resource_instance_id"": ""1398563761166861218"", ""resource_project_id"": ""proyecto-2-cloud-509714"", ""resource_type"": ""gce_instance"", ""resource_zone"": ""us-central1-a"", ""vm"": ""mooc-web""}",0
2026-09-27T02:41:45.938344Z,"{""command"": ""rcu_tasks_kthread"", ""command_line"": """", ""owner"": ""root"", ""pid"": ""11"", ""process"": ""all"", ""resource_instance_id"": ""1398563761166861218"", ""resource_project_id"": ""proyecto-2-cloud-509714"", ""resource_type"": ""gce_instance"", ""resource_zone"": ""us-central1-a"", ""vm"": ""mooc-web""}",0
2026-09-27T02:41:15.938171Z,"{""command"": ""rcu_tasks_kthread"", ""command_line"": """", ""owner"": ""root"", ""pid"": ""11"", ""process"": ""all"", ""resource_instance_id"": ""1398563761166861218"", ""resource_project_id"": ""proyecto-2-cloud-509714"", ""resource_type"": ""gce_instance"", ""resource_zone"": ""us-central1-a"", ""vm"": ""mooc-web""}",0
2026-09-27T02:40:45.938869Z,"{""command"": ""rcu_tasks_kthread"", ""command_line"": """", ""owner"": ""root"", ""pid"": ""11"", ""process"": ""all"", ""resource_instance_id"": ""1398563761166861218"", ""resource_project_id"": ""proyecto-2-cloud-509714"", ""resource_type"": ""gce_instance"", ""resource_zone"": ""us-central1-a"", ""vm"": ""mooc-web""}",0
2026-09-27T02:40:15.936482Z,"{""command"": ""rcu_tasks_kthread"", ""command_line"": """", ""owner"": ""root"", ""pid"": ""11"", ""process"": ""all"", ""resource_instance_id"": ""1398563761166861218"", ""resource_project_id"": ""proyecto-2-cloud-509714"", ""resource_type"": ""gce_instance"", ""resource_zone"": ""us-central1-a"", ""vm"": ""mooc-web""}",0
2026-09-27T02:39:45.937336Z,"{""command"": ""rcu_tasks_kthread"", ""command_line"": """", ""owner"": ""root"", ""pid"": ""11"", ""process"": ""all"", ""resource_instance_id"": ""1398563761166861218"", ""resource_project_id"": ""proyecto-2-cloud-509714"", ""resource_type"": ""gce_instance"", ""resource_zone"": ""us-central1-a"", ""vm"": ""mooc-web""}",0
2026-09-27T02:39:15.952803Z,"{""command"": ""rcu_tasks_kthread"", ""command_line"": """", ""owner"": ""root"", ""pid"": ""11"", ""process"": ""all"", ""resource_instance_id"": ""1398563761166861218"", ""resource_project_id"": ""proyecto-2-cloud-509714"", ""resource_type"": ""gce_instance"", ""resource_zone"": ""us-central1-a"", ""vm"": ""mooc-web""}",0
2026-09-27T02:49:45.940331Z,"{""command"": ""rcu_tasks_rude_kthread"", ""command_line"": """", ""owner"": ""root"", ""pid"": ""12"", ""process"": ""all"", ""resource_instance_id"": ""1398563761166861218"", ""resource_project_id"": ""proyecto-2-cloud-509714"", ""resource_type"": ""gce_instance"", ""resource_zone"": ""us-central1-a"", ""vm"": ""mooc-web""}",0
2026-09-27T02:49:15.935975Z,"{""command"": ""rcu_tasks_rude_kthread"", ""command_line"": """", ""owner"": ""root"", ""pid"": ""12"", ""process"": ""all"", ""resource_instance_id"": ""1398563761166861218"", ""resource_project_id"": ""proyecto-2-cloud-509714"", ""resource_type"": ""gce_instance"", ""resource_zone"": ""us-central1-a"", ""vm"": ""mooc-web""}",0
2026-09-27T02:48:45.936052Z,"{""command"": ""rcu_tasks_rude_kthread"", ""command_line"": """", ""owner"": ""root"", ""pid"": ""12"", ""process"": ""all"", ""resource_instance_id"": ""1398563761166861218"", ""resource_project_id"": ""proyecto-2-cloud-509714"", ""resource_type"": ""gce_instance"", ""resource_zone"": ""us-central1-a"", ""vm"": ""mooc-web""}",0
2026-09-27T02:48:15.945089Z,"{""command"": ""rcu_tasks_rude_kthread"", ""command_line"": """", ""owner"": ""root"", ""pid"": ""12"", ""process"": ""all"", ""resource_instance_id"": ""1398563761166861218"", ""resource_project_id"": ""proyecto-2-cloud-509714"", ""resource_type"": ""gce_instance"", ""resource_zone"": ""us-central1-a"", ""vm"": ""mooc-web""}",0
2026-09-27T02:47:45.936457Z,"{""command"": ""rcu_tasks_rude_kthread"", ""command_line"": """", ""owner"": ""root"", ""pid"": ""12"", ""process"": ""all"", ""resource_instance_id"": ""1398563761166861218"", ""resource_project_id"": ""proyecto-2-cloud-509714"", ""resource_type"": ""gce_instance"", ""resource_zone"": ""us-central1-a"", ""vm"": ""mooc-web""}",0
2026-09-27T02:47:15.936169Z,"{""command"": ""rcu_tasks_rude_kthread"", ""command_line"": """", ""owner"": ""root"", ""pid"": ""12"", ""process"": ""all"", ""resource_instance_id"": ""1398563761166861218"", ""resource_project_id"": ""proyecto-2-cloud-509714"", ""resource_type"": ""gce_instance"", ""resource_zone"": ""us-central1-a"", ""vm"": ""mooc-web""}",0
2026-09-27T02:46:45.938750Z,"{""command"": ""rcu_tasks_rude_kthread"", ""command_line"": """", ""owner"": ""root"", ""pid"": ""12"", ""process"": ""all"", ""resource_instance_id"": ""1398563761166861218"", ""resource_project_id"": ""proyecto-2-cloud-509714"", ""resource_type"": ""gce_instance"", ""resource_zone"": ""us-central1-a"", ""vm"": ""mooc-web""}",0
2026-09-27T02:46:15.935795Z,"{""command"": ""rcu_tasks_rude_kthread"", ""command_line"": """", ""owner"": ""root"", ""pid"": ""12"", ""process"": ""all"", ""resource_instance_id"": ""1398563761166861218"", ""resource_project_id"": ""proyecto-2-cloud-509714"", ""resource_type"": ""gce_instance"", ""resource_zone"": ""us-central1-a"", ""vm"": ""mooc-web""}",0
2026-09-27T02:45:45.941478Z,"{""command"": ""rcu_tasks_rude_kthread"", ""command_line"": """", ""owner"": ""root"", ""pid"": ""12"", ""process"": ""all"", ""resource_instance_id"": ""1398563761166861218"", ""resource_project_id"": ""proyecto-2-cloud-509714"", ""resource_type"": ""gce_instance"", ""resource_zone"": ""us-central1-a"", ""vm"": ""mooc-web""}",0
2026-09-27T02:45:15.941274Z,"{""command"": ""rcu_tasks_rude_kthread"", ""command_line"": """", ""owner"": ""root"", ""pid"": ""12"", ""process"": ""all"", ""resource_instance_id"": ""1398563761166861218"", ""resource_project_id"": ""proyecto-2-cloud-509714"", ""resource_type"": ""gce_instance"", ""resource_zone"": ""us-central1-a"", ""vm"": ""mooc-web""}",0
2026-09-27T02:44:45.936910Z,"{""command"": ""rcu_tasks_rude_kthread"", ""command_line"": """", ""owner"": ""root"", ""pid"": ""12"", ""process"": ""all"", ""resource_instance_id"": ""1398563761166861218"", ""resource_project_id"": ""proyecto-2-cloud-509714"", ""resource_type"": ""gce_instance"", ""resource_zone"": ""us-central1-a"", ""vm"": ""mooc-web""}",0
2026-09-27T02:44:15.937897Z,"{""command"": ""rcu_tasks_rude_kthread"", ""command_line"": """", ""owner"": ""root"", ""pid"": ""12"", ""process"": ""all"", ""resource_instance_id"": ""1398563761166861218"", ""resource_project_id"": ""proyecto-2-cloud-509714"", ""resource_type"": ""gce_instance"", ""resource_zone"": ""us-central1-a"", ""vm"": ""mooc-web""}",0
2026-09-27T02:43:45.936280Z,"{""command"": ""rcu_tasks_rude_kthread"", ""command_line"": """", ""owner"": ""root"", ""pid"": ""12"", ""process"": ""all"", ""resource_instance_id"": ""1398563761166861218"", ""resource_project_id"": ""proyecto-2-cloud-509714"", ""resource_type"": ""gce_instance"", ""resource_zone"": ""us-central1-a"", ""vm"": ""mooc-web""}",0
2026-09-27T02:43:15.936526Z,"{""command"": ""rcu_tasks_rude_kthread"", ""command_line"": """", ""owner"": ""root"", ""pid"": ""12"", ""process"": ""all"", ""resource_instance_id"": ""1398563761166861218"", ""resource_project_id"": ""proyecto-2-cloud-509714"", ""resource_type"": ""gce_instance"", ""resource_zone"": ""us-central1-a"", ""vm"": ""mooc-web""}",0
2026-09-27T02:42:45.944109Z,"{""command"": ""rcu_tasks_rude_kthread"", ""command_line"": """", ""owner"": ""root"", ""pid"": ""12"", ""process"": ""all"", ""resource_instance_id"": ""1398563761166861218"", ""resource_project_id"": ""proyecto-2-cloud-509714"", ""resource_type"": ""gce_instance"", ""resource_zone"": ""us-central1-a"", ""vm"": ""mooc-web""}",0
2026-09-27T02:42:15.936526Z,"{""command"": ""rcu_tasks_rude_kthread"", ""command_line"": """", ""owner"": ""root"", ""pid"": ""12"", ""process"": ""all"", ""resource_instance_id"": ""1398563761166861218"", ""resource_project_id"": ""proyecto-2-cloud-509714"", ""resource_type"": ""gce_instance"", ""resource_zone"": ""us-central1-a"", ""vm"": ""mooc-web""}",0
2026-09-27T02:41:45.938457Z,"{""command"": ""rcu_tasks_rude_kthread"", ""command_line"": """", ""owner"": ""root"", ""pid"": ""12"", ""process"": ""all"", ""resource_instance_id"": ""1398563761166861218"", ""resource_project_id"": ""proyecto-2-cloud-509714"", ""resource_type"": ""gce_instance"", ""resource_zone"": ""us-central1-a"", ""vm"": ""mooc-web""}",0
2026-09-27T02:41:15.938219Z,"{""command"": ""rcu_tasks_rude_kthread"", ""command_line"": """", ""owner"": ""root"", ""pid"": ""12"", ""process"": ""all"", ""resource_instance_id"": ""1398563761166861218"", ""resource_project_id"": ""proyecto-2-cloud-509714"", ""resource_type"": ""gce_instance"", ""resource_zone"": ""us-central1-a"", ""vm"": ""mooc-web""}",0
2026-09-27T02:40:45.938921Z,"{""command"": ""rcu_tasks_rude_kthread"", ""command_line"": """", ""owner"": ""root"", ""pid"": ""12"", ""process"": ""all"", ""resource_instance_id"": ""1398563761166861218"", ""resource_project_id"": ""proyecto-2-cloud-509714"", ""resource_type"": ""gce_instance"", ""resource_zone"": ""us-central1-a"", ""vm"": ""mooc-web""}",0
2026-09-27T02:40:15.936531Z,"{""command"": ""rcu_tasks_rude_kthread"", ""command_line"": """", ""owner"": ""root"", ""pid"": ""12"", ""process"": ""all"", ""resource_instance_id"": ""1398563761166861218"", ""resource_project_id"": ""proyecto-2-cloud-509714"", ""resource_type"": ""gce_instance"", ""resource_zone"": ""us-central1-a"", ""vm"": ""mooc-web""}",0
2026-09-27T02:39:45.937387Z,"{""command"": ""rcu_tasks_rude_kthread"", ""command_line"": """", ""owner"": ""root"", ""pid"": ""12"", ""process"": ""all"", ""resource_instance_id"": ""1398563761166861218"", ""resource_project_id"": ""proyecto-2-cloud-509714"", ""resource_type"": ""gce_instance"", ""resource_zone"": ""us-central1-a"", ""vm"": ""mooc-web""}",0
2026-09-27T02:39:15.952875Z,"{""command"": ""rcu_tasks_rude_kthread"", ""command_line"": """", ""owner"": ""root"", ""pid"": ""12"", ""process"": ""all"", ""resource_instance_id"": ""1398563761166861218"", ""resource_project_id"": ""proyecto-2-cloud-509714"", ""resource_type"": ""gce_instance"", ""resource_zone"": ""us-central1-a"", ""vm"": ""mooc-web""}",0
2026-09-27T02:49:45.940399Z,"{""command"": ""rcu_tasks_trace_kthread"", ""command_line"": """", ""owner"": ""root"", ""pid"": ""13"", ""process"": ""all"", ""resource_instance_id"": ""1398563761166861218"", ""resource_project_id"": ""proyecto-2-cloud-509714"", ""resource_type"": ""gce_instance"", ""resource_zone"": ""us-central1-a"", ""vm"": ""mooc-web""}",0
2026-09-27T02:49:15.936022Z,"{""command"": ""rcu_tasks_trace_kthread"", ""command_line"": """", ""owner"": ""root"", ""pid"": ""13"", ""process"": ""all"", ""resource_instance_id"": ""1398563761166861218"", ""resource_project_id"": ""proyecto-2-cloud-509714"", ""resource_type"": ""gce_instance"", ""resource_zone"": ""us-central1-a"", ""vm"": ""mooc-web""}",0
2026-09-27T02:48:45.936104Z,"{""command"": ""rcu_tasks_trace_kthread"", ""command_line"": """", ""owner"": ""root"", ""pid"": ""13"", ""process"": ""all"", ""resource_instance_id"": ""1398563761166861218"", ""resource_project_id"": ""proyecto-2-cloud-509714"", ""resource_type"": ""gce_instance"", ""resource_zone"": ""us-central1-a"", ""vm"": ""mooc-web""}",0
2026-09-27T02:48:15.945197Z,"{""command"": ""rcu_tasks_trace_kthread"", ""command_line"": """", ""owner"": ""root"", ""pid"": ""13"", ""process"": ""all"", ""resource_instance_id"": ""1398563761166861218"", ""resource_project_id"": ""proyecto-2-cloud-509714"", ""resource_type"": ""gce_instance"", ""resource_zone"": ""us-central1-a"", ""vm"": ""mooc-web""}",0
2026-09-27T02:47:45.936509Z,"{""command"": ""rcu_tasks_trace_kthread"", ""command_line"": """", ""owner"": ""root"", ""pid"": ""13"", ""process"": ""all"", ""resource_instance_id"": ""1398563761166861218"", ""resource_project_id"": ""proyecto-2-cloud-509714"", ""resource_type"": ""gce_instance"", ""resource_zone"": ""us-central1-a"", ""vm"": ""mooc-web""}",0
2026-09-27T02:47:15.936217Z,"{""command"": ""rcu_tasks_trace_kthread"", ""command_line"": """", ""owner"": ""root"", ""pid"": ""13"", ""process"": ""all"", ""resource_instance_id"": ""1398563761166861218"", ""resource_project_id"": ""proyecto-2-cloud-509714"", ""resource_type"": ""gce_instance"", ""resource_zone"": ""us-central1-a"", ""vm"": ""mooc-web""}",0
2026-09-27T02:46:45.938800Z,"{""command"": ""rcu_tasks_trace_kthread"", ""command_line"": """", ""owner"": ""root"", ""pid"": ""13"", ""process"": ""all"", ""resource_instance_id"": ""1398563761166861218"", ""resource_project_id"": ""proyecto-2-cloud-509714"", ""resource_type"": ""gce_instance"", ""resource_zone"": ""us-central1-a"", ""vm"": ""mooc-web""}",0
2026-09-27T02:46:15.935842Z,"{""command"": ""rcu_tasks_trace_kthread"", ""command_line"": """", ""owner"": ""root"", ""pid"": ""13"", ""process"": ""all"", ""resource_instance_id"": ""1398563761166861218"", ""resource_project_id"": ""proyecto-2-cloud-509714"", ""resource_type"": ""gce_instance"", ""resource_zone"": ""us-central1-a"", ""vm"": ""mooc-web""}",0
2026-09-27T02:45:45.941571Z,"{""command"": ""rcu_tasks_trace_kthread"", ""command_line"": """", ""owner"": ""root"", ""pid"": ""13"", ""process"": ""all"", ""resource_instance_id"": ""1398563761166861218"", ""resource_project_id"": ""proyecto-2-cloud-509714"", ""resource_type"": ""gce_instance"", ""resource_zone"": ""us-central1-a"", ""vm"": ""mooc-web""}",0
2026-09-27T02:45:15.941325Z,"{""command"": ""rcu_tasks_trace_kthread"", ""command_line"": """", ""owner"": ""root"", ""pid"": ""13"", ""process"": ""all"", ""resource_instance_id"": ""1398563761166861218"", ""resource_project_id"": ""proyecto-2-cloud-509714"", ""resource_type"": ""gce_instance"", ""resource_zone"": ""us-central1-a"", ""vm"": ""mooc-web""}",0
2026-09-27T02:44:45.936965Z,"{""command"": ""rcu_tasks_trace_kthread"", ""command_line"": """", ""owner"": ""root"", ""pid"": ""13"", ""process"": ""all"", ""resource_instance_id"": ""1398563761166861218"", ""resource_project_id"": ""proyecto-2-cloud-509714"", ""resource_type"": ""gce_instance"", ""resource_zone"": ""us-central1-a"", ""vm"": ""mooc-web""}",0
2026-09-27T02:44:15.937950Z,"{""command"": ""rcu_tasks_trace_kthread"", ""command_line"": """", ""owner"": ""root"", ""pid"": ""13"", ""process"": ""all"", ""resource_instance_id"": ""1398563761166861218"", ""resource_project_id"": ""proyecto-2-cloud-509714"", ""resource_type"": ""gce_instance"", ""resource_zone"": ""us-central1-a"", ""vm"": ""mooc-web""}",0
2026-09-27T02:43:45.936330Z,"{""command"": ""rcu_tasks_trace_kthread"", ""command_line"": """", ""owner"": ""root"", ""pid"": ""13"", ""process"": ""all"", ""resource_instance_id"": ""1398563761166861218"", ""resource_project_id"": ""proyecto-2-cloud-509714"", ""resource_type"": ""gce_instance"", ""resource_zone"": ""us-central1-a"", ""vm"": ""mooc-web""}",0
2026-09-27T02:43:15.936575Z,"{""command"": ""rcu_tasks_trace_kthread"", ""command_line"": """", ""owner"": ""root"", ""pid"": ""13"", ""process"": ""all"", ""resource_instance_id"": ""1398563761166861218"", ""resource_project_id"": ""proyecto-2-cloud-509714"", ""resource_type"": ""gce_instance"", ""resource_zone"": ""us-central1-a"", ""vm"": ""mooc-web""}",0
2026-09-27T02:42:45.944157Z,"{""command"": ""rcu_tasks_trace_kthread"", ""command_line"": """", ""owner"": ""root"", ""pid"": ""13"", ""process"": ""all"", ""resource_instance_id"": ""1398563761166861218"", ""resource_project_id"": ""proyecto-2-cloud-509714"", ""resource_type"": ""gce_instance"", ""resource_zone"": ""us-central1-a"", ""vm"": ""mooc-web""}",0
2026-09-27T02:42:15.936605Z,"{""command"": ""rcu_tasks_trace_kthread"", ""command_line"": """", ""owner"": ""root"", ""pid"": ""13"", ""process"": ""all"", ""resource_instance_id"": ""1398563761166861218"", ""resource_project_id"": ""proyecto-2-cloud-509714"", ""resource_type"": ""gce_instance"", ""resource_zone"": ""us-central1-a"", ""vm"": ""mooc-web""}",0
2026-09-27T02:41:45.938518Z,"{""command"": ""rcu_tasks_trace_kthread"", ""command_line"": """", ""owner"": ""root"", ""pid"": ""13"", ""process"": ""all"", ""resource_instance_id"": ""1398563761166861218"", ""resource_project_id"": ""proyecto-2-cloud-509714"", ""resource_type"": ""gce_instance"", ""resource_zone"": ""us-central1-a"", ""vm"": ""mooc-web""}",0
2026-09-27T02:41:15.938270Z,"{""command"": ""rcu_tasks_trace_kthread"", ""command_line"": """", ""owner"": ""root"", ""pid"": ""13"", ""process"": ""all"", ""resource_instance_id"": ""1398563761166861218"", ""resource_project_id"": ""proyecto-2-cloud-509714"", ""resource_type"": ""gce_instance"", ""resource_zone"": ""us-central1-a"", ""vm"": ""mooc-web""}",0
2026-09-27T02:40:45.939020Z,"{""command"": ""rcu_tasks_trace_kthread"", ""command_line"": """", ""owner"": ""root"", ""pid"": ""13"", ""process"": ""all"", ""resource_instance_id"": ""1398563761166861218"", ""resource_project_id"": ""proyecto-2-cloud-509714"", ""resource_type"": ""gce_instance"", ""resource_zone"": ""us-central1-a"", ""vm"": ""mooc-web""}",0
2026-09-27T02:40:15.936593Z,"{""command"": ""rcu_tasks_trace_kthread"", ""command_line"": """", ""owner"": ""root"", ""pid"": ""13"", ""process"": ""all"", ""resource_instance_id"": ""1398563761166861218"", ""resource_project_id"": ""proyecto-2-cloud-509714"", ""resource_type"": ""gce_instance"", ""resource_zone"": ""us-central1-a"", ""vm"": ""mooc-web""}",0
2026-09-27T02:39:45.937435Z,"{""command"": ""rcu_tasks_trace_kthread"", ""command_line"": """", ""owner"": ""root"", ""pid"": ""13"", ""process"": ""all"", ""resource_instance_id"": ""1398563761166861218"", ""resource_project_id"": ""proyecto-2-cloud-509714"", ""resource_type"": ""gce_instance"", ""resource_zone"": ""us-central1-a"", ""vm"": ""mooc-web""}",0
2026-09-27T02:39:15.952962Z,"{""command"": ""rcu_tasks_trace_kthread"", ""command_line"": """", ""owner"": ""root"", ""pid"": ""13"", ""process"": ""all"", ""resource_instance_id"": ""1398563761166861218"", ""resource_project_id"": ""proyecto-2-cloud-509714"", ""resource_type"": ""gce_instance"", ""resource_zone"": ""us-central1-a"", ""vm"": ""mooc-web""}",0
2026-09-27T02:49:45.944800Z,"{""command"": ""rsyslogd"", ""command_line"": ""/usr/sbin/rsyslogd -n -iNONE"", ""owner"": ""root"", ""pid"": ""532"", ""process"": ""all"", ""resource_instance_id"": ""1398563761166861218"", ""resource_project_id"": ""proyecto-2-cloud-509714"", ""resource_type"": ""gce_instance"", ""resource_zone"": ""us-central1-a"", ""vm"": ""mooc-web""}",227123200
2026-09-27T02:49:15.939462Z,"{""command"": ""rsyslogd"", ""command_line"": ""/usr/sbin/rsyslogd -n -iNONE"", ""owner"": ""root"", ""pid"": ""532"", ""process"": ""all"", ""resource_instance_id"": ""1398563761166861218"", ""resource_project_id"": ""proyecto-2-cloud-509714"", ""resource_type"": ""gce_instance"", ""resource_zone"": ""us-central1-a"", ""vm"": ""mooc-web""}",227123200
2026-09-27T02:48:45.939942Z,"{""command"": ""rsyslogd"", ""command_line"": ""/usr/sbin/rsyslogd -n -iNONE"", ""owner"": ""root"", ""pid"": ""532"", ""process"": ""all"", ""resource_instance_id"": ""1398563761166861218"", ""resource_project_id"": ""proyecto-2-cloud-509714"", ""resource_type"": ""gce_instance"", ""resource_zone"": ""us-central1-a"", ""vm"": ""mooc-web""}",227123200
2026-09-27T02:48:15.951881Z,"{""command"": ""rsyslogd"", ""command_line"": ""/usr/sbin/rsyslogd -n -iNONE"", ""owner"": ""root"", ""pid"": ""532"", ""process"": ""all"", ""resource_instance_id"": ""1398563761166861218"", ""resource_project_id"": ""proyecto-2-cloud-509714"", ""resource_type"": ""gce_instance"", ""resource_zone"": ""us-central1-a"", ""vm"": ""mooc-web""}",227123200
2026-09-27T02:47:45.940936Z,"{""command"": ""rsyslogd"", ""command_line"": ""/usr/sbin/rsyslogd -n -iNONE"", ""owner"": ""root"", ""pid"": ""532"", ""process"": ""all"", ""resource_instance_id"": ""1398563761166861218"", ""resource_project_id"": ""proyecto-2-cloud-509714"", ""resource_type"": ""gce_instance"", ""resource_zone"": ""us-central1-a"", ""vm"": ""mooc-web""}",227123200
2026-09-27T02:47:15.939324Z,"{""command"": ""rsyslogd"", ""command_line"": ""/usr/sbin/rsyslogd -n -iNONE"", ""owner"": ""root"", ""pid"": ""532"", ""process"": ""all"", ""resource_instance_id"": ""1398563761166861218"", ""resource_project_id"": ""proyecto-2-cloud-509714"", ""resource_type"": ""gce_instance"", ""resource_zone"": ""us-central1-a"", ""vm"": ""mooc-web""}",227123200
2026-09-27T02:46:45.942227Z,"{""command"": ""rsyslogd"", ""command_line"": ""/usr/sbin/rsyslogd -n -iNONE"", ""owner"": ""root"", ""pid"": ""532"", ""process"": ""all"", ""resource_instance_id"": ""1398563761166861218"", ""resource_project_id"": ""proyecto-2-cloud-509714"", ""resource_type"": ""gce_instance"", ""resource_zone"": ""us-central1-a"", ""vm"": ""mooc-web""}",227123200
2026-09-27T02:46:15.940007Z,"{""command"": ""rsyslogd"", ""command_line"": ""/usr/sbin/rsyslogd -n -iNONE"", ""owner"": ""root"", ""pid"": ""532"", ""process"": ""all"", ""resource_instance_id"": ""1398563761166861218"", ""resource_project_id"": ""proyecto-2-cloud-509714"", ""resource_type"": ""gce_instance"", ""resource_zone"": ""us-central1-a"", ""vm"": ""mooc-web""}",227123200
2026-09-27T02:45:45.946753Z,"{""command"": ""rsyslogd"", ""command_line"": ""/usr/sbin/rsyslogd -n -iNONE"", ""owner"": ""root"", ""pid"": ""532"", ""process"": ""all"", ""resource_instance_id"": ""1398563761166861218"", ""resource_project_id"": ""proyecto-2-cloud-509714"", ""resource_type"": ""gce_instance"", ""resource_zone"": ""us-central1-a"", ""vm"": ""mooc-web""}",227123200
2026-09-27T02:45:15.944938Z,"{""command"": ""rsyslogd"", ""command_line"": ""/usr/sbin/rsyslogd -n -iNONE"", ""owner"": ""root"", ""pid"": ""532"", ""process"": ""all"", ""resource_instance_id"": ""1398563761166861218"", ""resource_project_id"": ""proyecto-2-cloud-509714"", ""resource_type"": ""gce_instance"", ""resource_zone"": ""us-central1-a"", ""vm"": ""mooc-web""}",227123200
2026-09-27T02:44:45.942017Z,"{""command"": ""rsyslogd"", ""command_line"": ""/usr/sbin/rsyslogd -n -iNONE"", ""owner"": ""root"", ""pid"": ""532"", ""process"": ""all"", ""resource_instance_id"": ""1398563761166861218"", ""resource_project_id"": ""proyecto-2-cloud-509714"", ""resource_type"": ""gce_instance"", ""resource_zone"": ""us-central1-a"", ""vm"": ""mooc-web""}",227123200
2026-09-27T02:44:15.941187Z,"{""command"": ""rsyslogd"", ""command_line"": ""/usr/sbin/rsyslogd -n -iNONE"", ""owner"": ""root"", ""pid"": ""532"", ""process"": ""all"", ""resource_instance_id"": ""1398563761166861218"", ""resource_project_id"": ""proyecto-2-cloud-509714"", ""resource_type"": ""gce_instance"", ""resource_zone"": ""us-central1-a"", ""vm"": ""mooc-web""}",227123200
2026-09-27T02:43:45.939736Z,"{""command"": ""rsyslogd"", ""command_line"": ""/usr/sbin/rsyslogd -n -iNONE"", ""owner"": ""root"", ""pid"": ""532"", ""process"": ""all"", ""resource_instance_id"": ""1398563761166861218"", ""resource_project_id"": ""proyecto-2-cloud-509714"", ""resource_type"": ""gce_instance"", ""resource_zone"": ""us-central1-a"", ""vm"": ""mooc-web""}",227123200
2026-09-27T02:43:15.940121Z,"{""command"": ""rsyslogd"", ""command_line"": ""/usr/sbin/rsyslogd -n -iNONE"", ""owner"": ""root"", ""pid"": ""532"", ""process"": ""all"", ""resource_instance_id"": ""1398563761166861218"", ""resource_project_id"": ""proyecto-2-cloud-509714"", ""resource_type"": ""gce_instance"", ""resource_zone"": ""us-central1-a"", ""vm"": ""mooc-web""}",227123200
2026-09-27T02:42:45.947674Z,"{""command"": ""rsyslogd"", ""command_line"": ""/usr/sbin/rsyslogd -n -iNONE"", ""owner"": ""root"", ""pid"": ""532"", ""process"": ""all"", ""resource_instance_id"": ""1398563761166861218"", ""resource_project_id"": ""proyecto-2-cloud-509714"", ""resource_type"": ""gce_instance"", ""resource_zone"": ""us-central1-a"", ""vm"": ""mooc-web""}",227123200
2026-09-27T02:42:15.940796Z,"{""command"": ""rsyslogd"", ""command_line"": ""/usr/sbin/rsyslogd -n -iNONE"", ""owner"": ""root"", ""pid"": ""532"", ""process"": ""all"", ""resource_instance_id"": ""1398563761166861218"", ""resource_project_id"": ""proyecto-2-cloud-509714"", ""resource_type"": ""gce_instance"", ""resource_zone"": ""us-central1-a"", ""vm"": ""mooc-web""}",227123200
2026-09-27T02:41:45.941680Z,"{""command"": ""rsyslogd"", ""command_line"": ""/usr/sbin/rsyslogd -n -iNONE"", ""owner"": ""root"", ""pid"": ""532"", ""process"": ""all"", ""resource_instance_id"": ""1398563761166861218"", ""resource_project_id"": ""proyecto-2-cloud-509714"", ""resource_type"": ""gce_instance"", ""resource_zone"": ""us-central1-a"", ""vm"": ""mooc-web""}",227123200
2026-09-27T02:41:15.941554Z,"{""command"": ""rsyslogd"", ""command_line"": ""/usr/sbin/rsyslogd -n -iNONE"", ""owner"": ""root"", ""pid"": ""532"", ""process"": ""all"", ""resource_instance_id"": ""1398563761166861218"", ""resource_project_id"": ""proyecto-2-cloud-509714"", ""resource_type"": ""gce_instance"", ""resource_zone"": ""us-central1-a"", ""vm"": ""mooc-web""}",227123200
2026-09-27T02:40:45.942143Z,"{""command"": ""rsyslogd"", ""command_line"": ""/usr/sbin/rsyslogd -n -iNONE"", ""owner"": ""root"", ""pid"": ""532"", ""process"": ""all"", ""resource_instance_id"": ""1398563761166861218"", ""resource_project_id"": ""proyecto-2-cloud-509714"", ""resource_type"": ""gce_instance"", ""resource_zone"": ""us-central1-a"", ""vm"": ""mooc-web""}",227123200
2026-09-27T02:40:15.940411Z,"{""command"": ""rsyslogd"", ""command_line"": ""/usr/sbin/rsyslogd -n -iNONE"", ""owner"": ""root"", ""pid"": ""532"", ""process"": ""all"", ""resource_instance_id"": ""1398563761166861218"", ""resource_project_id"": ""proyecto-2-cloud-509714"", ""resource_type"": ""gce_instance"", ""resource_zone"": ""us-central1-a"", ""vm"": ""mooc-web""}",227123200
2026-09-27T02:39:45.942110Z,"{""command"": ""rsyslogd"", ""command_line"": ""/usr/sbin/rsyslogd -n -iNONE"", ""owner"": ""root"", ""pid"": ""532"", ""process"": ""all"", ""resource_instance_id"": ""1398563761166861218"", ""resource_project_id"": ""proyecto-2-cloud-509714"", ""resource_type"": ""gce_instance"", ""resource_zone"": ""us-central1-a"", ""vm"": ""mooc-web""}",227123200
2026-09-27T02:39:15.957047Z,"{""command"": ""rsyslogd"", ""command_line"": ""/usr/sbin/rsyslogd -n -iNONE"", ""owner"": ""root"", ""pid"": ""532"", ""process"": ""all"", ""resource_instance_id"": ""1398563761166861218"", ""resource_project_id"": ""proyecto-2-cloud-509714"", ""resource_type"": ""gce_instance"", ""resource_zone"": ""us-central1-a"", ""vm"": ""mooc-web""}",227123200
2026-09-27T02:49:45.943386Z,"{""command"": ""scsi_eh_0"", ""command_line"": """", ""owner"": ""root"", ""pid"": ""133"", ""process"": ""all"", ""resource_instance_id"": ""1398563761166861218"", ""resource_project_id"": ""proyecto-2-cloud-509714"", ""resource_type"": ""gce_instance"", ""resource_zone"": ""us-central1-a"", ""vm"": ""mooc-web""}",0
2026-09-27T02:49:15.937918Z,"{""command"": ""scsi_eh_0"", ""command_line"": """", ""owner"": ""root"", ""pid"": ""133"", ""process"": ""all"", ""resource_instance_id"": ""1398563761166861218"", ""resource_project_id"": ""proyecto-2-cloud-509714"", ""resource_type"": ""gce_instance"", ""resource_zone"": ""us-central1-a"", ""vm"": ""mooc-web""}",0
2026-09-27T02:48:45.938406Z,"{""command"": ""scsi_eh_0"", ""command_line"": """", ""owner"": ""root"", ""pid"": ""133"", ""process"": ""all"", ""resource_instance_id"": ""1398563761166861218"", ""resource_project_id"": ""proyecto-2-cloud-509714"", ""resource_type"": ""gce_instance"", ""resource_zone"": ""us-central1-a"", ""vm"": ""mooc-web""}",0
2026-09-27T02:48:15.950220Z,"{""command"": ""scsi_eh_0"", ""command_line"": """", ""owner"": ""root"", ""pid"": ""133"", ""process"": ""all"", ""resource_instance_id"": ""1398563761166861218"", ""resource_project_id"": ""proyecto-2-cloud-509714"", ""resource_type"": ""gce_instance"", ""resource_zone"": ""us-central1-a"", ""vm"": ""mooc-web""}",0
2026-09-27T02:47:45.938999Z,"{""command"": ""scsi_eh_0"", ""command_line"": """", ""owner"": ""root"", ""pid"": ""133"", ""process"": ""all"", ""resource_instance_id"": ""1398563761166861218"", ""resource_project_id"": ""proyecto-2-cloud-509714"", ""resource_type"": ""gce_instance"", ""resource_zone"": ""us-central1-a"", ""vm"": ""mooc-web""}",0
2026-09-27T02:47:15.938036Z,"{""command"": ""scsi_eh_0"", ""command_line"": """", ""owner"": ""root"", ""pid"": ""133"", ""process"": ""all"", ""resource_instance_id"": ""1398563761166861218"", ""resource_project_id"": ""proyecto-2-cloud-509714"", ""resource_type"": ""gce_instance"", ""resource_zone"": ""us-central1-a"", ""vm"": ""mooc-web""}",0
2026-09-27T02:46:45.940840Z,"{""command"": ""scsi_eh_0"", ""command_line"": """", ""owner"": ""root"", ""pid"": ""133"", ""process"": ""all"", ""resource_instance_id"": ""1398563761166861218"", ""resource_project_id"": ""proyecto-2-cloud-509714"", ""resource_type"": ""gce_instance"", ""resource_zone"": ""us-central1-a"", ""vm"": ""mooc-web""}",0
2026-09-27T02:46:15.937802Z,"{""command"": ""scsi_eh_0"", ""command_line"": """", ""owner"": ""root"", ""pid"": ""133"", ""process"": ""all"", ""resource_instance_id"": ""1398563761166861218"", ""resource_project_id"": ""proyecto-2-cloud-509714"", ""resource_type"": ""gce_instance"", ""resource_zone"": ""us-central1-a"", ""vm"": ""mooc-web""}",0
2026-09-27T02:45:45.944824Z,"{""command"": ""scsi_eh_0"", ""command_line"": """", ""owner"": ""root"", ""pid"": ""133"", ""process"": ""all"", ""resource_instance_id"": ""1398563761166861218"", ""resource_project_id"": ""proyecto-2-cloud-509714"", ""resource_type"": ""gce_instance"", ""resource_zone"": ""us-central1-a"", ""vm"": ""mooc-web""}",0
2026-09-27T02:45:15.943425Z,"{""command"": ""scsi_eh_0"", ""command_line"": """", ""owner"": ""root"", ""pid"": ""133"", ""process"": ""all"", ""resource_instance_id"": ""1398563761166861218"", ""resource_project_id"": ""proyecto-2-cloud-509714"", ""resource_type"": ""gce_instance"", ""resource_zone"": ""us-central1-a"", ""vm"": ""mooc-web""}",0
2026-09-27T02:44:45.940034Z,"{""command"": ""scsi_eh_0"", ""command_line"": """", ""owner"": ""root"", ""pid"": ""133"", ""process"": ""all"", ""resource_instance_id"": ""1398563761166861218"", ""resource_project_id"": ""proyecto-2-cloud-509714"", ""resource_type"": ""gce_instance"", ""resource_zone"": ""us-central1-a"", ""vm"": ""mooc-web""}",0
2026-09-27T02:44:15.939913Z,"{""command"": ""scsi_eh_0"", ""command_line"": """", ""owner"": ""root"", ""pid"": ""133"", ""process"": ""all"", ""resource_instance_id"": ""1398563761166861218"", ""resource_project_id"": ""proyecto-2-cloud-509714"", ""resource_type"": ""gce_instance"", ""resource_zone"": ""us-central1-a"", ""vm"": ""mooc-web""}",0
2026-09-27T02:43:45.938242Z,"{""command"": ""scsi_eh_0"", ""command_line"": """", ""owner"": ""root"", ""pid"": ""133"", ""process"": ""all"", ""resource_instance_id"": ""1398563761166861218"", ""resource_project_id"": ""proyecto-2-cloud-509714"", ""resource_type"": ""gce_instance"", ""resource_zone"": ""us-central1-a"", ""vm"": ""mooc-web""}",0
2026-09-27T02:43:15.938445Z,"{""command"": ""scsi_eh_0"", ""command_line"": """", ""owner"": ""root"", ""pid"": ""133"", ""process"": ""all"", ""resource_instance_id"": ""1398563761166861218"", ""resource_project_id"": ""proyecto-2-cloud-509714"", ""resource_type"": ""gce_instance"", ""resource_zone"": ""us-central1-a"", ""vm"": ""mooc-web""}",0
2026-09-27T02:42:45.946053Z,"{""command"": ""scsi_eh_0"", ""command_line"": """", ""owner"": ""root"", ""pid"": ""133"", ""process"": ""all"", ""resource_instance_id"": ""1398563761166861218"", ""resource_project_id"": ""proyecto-2-cloud-509714"", ""resource_type"": ""gce_instance"", ""resource_zone"": ""us-central1-a"", ""vm"": ""mooc-web""}",0
2026-09-27T02:42:15.939233Z,"{""command"": ""scsi_eh_0"", ""command_line"": """", ""owner"": ""root"", ""pid"": ""133"", ""process"": ""all"", ""resource_instance_id"": ""1398563761166861218"", ""resource_project_id"": ""proyecto-2-cloud-509714"", ""resource_type"": ""gce_instance"", ""resource_zone"": ""us-central1-a"", ""vm"": ""mooc-web""}",0
2026-09-27T02:41:45.940442Z,"{""command"": ""scsi_eh_0"", ""command_line"": """", ""owner"": ""root"", ""pid"": ""133"", ""process"": ""all"", ""resource_instance_id"": ""1398563761166861218"", ""resource_project_id"": ""proyecto-2-cloud-509714"", ""resource_type"": ""gce_instance"", ""resource_zone"": ""us-central1-a"", ""vm"": ""mooc-web""}",0
2026-09-27T02:41:15.940254Z,"{""command"": ""scsi_eh_0"", ""command_line"": """", ""owner"": ""root"", ""pid"": ""133"", ""process"": ""all"", ""resource_instance_id"": ""1398563761166861218"", ""resource_project_id"": ""proyecto-2-cloud-509714"", ""resource_type"": ""gce_instance"", ""resource_zone"": ""us-central1-a"", ""vm"": ""mooc-web""}",0
2026-09-27T02:40:45.940919Z,"{""command"": ""scsi_eh_0"", ""command_line"": """", ""owner"": ""root"", ""pid"": ""133"", ""process"": ""all"", ""resource_instance_id"": ""1398563761166861218"", ""resource_project_id"": ""proyecto-2-cloud-509714"", ""resource_type"": ""gce_instance"", ""resource_zone"": ""us-central1-a"", ""vm"": ""mooc-web""}",0
2026-09-27T02:40:15.939089Z,"{""command"": ""scsi_eh_0"", ""command_line"": """", ""owner"": ""root"", ""pid"": ""133"", ""process"": ""all"", ""resource_instance_id"": ""1398563761166861218"", ""resource_project_id"": ""proyecto-2-cloud-509714"", ""resource_type"": ""gce_instance"", ""resource_zone"": ""us-central1-a"", ""vm"": ""mooc-web""}",0
2026-09-27T02:39:45.940269Z,"{""command"": ""scsi_eh_0"", ""command_line"": """", ""owner"": ""root"", ""pid"": ""133"", ""process"": ""all"", ""resource_instance_id"": ""1398563761166861218"", ""resource_project_id"": ""proyecto-2-cloud-509714"", ""resource_type"": ""gce_instance"", ""resource_zone"": ""us-central1-a"", ""vm"": ""mooc-web""}",0
2026-09-27T02:39:15.955396Z,"{""command"": ""scsi_eh_0"", ""command_line"": """", ""owner"": ""root"", ""pid"": ""133"", ""process"": ""all"", ""resource_instance_id"": ""1398563761166861218"", ""resource_project_id"": ""proyecto-2-cloud-509714"", ""resource_type"": ""gce_instance"", ""resource_zone"": ""us-central1-a"", ""vm"": ""mooc-web""}",0
2026-09-27T02:49:45.943466Z,"{""command"": ""scsi_tmf_0"", ""command_line"": """", ""owner"": ""root"", ""pid"": ""134"", ""process"": ""all"", ""resource_instance_id"": ""1398563761166861218"", ""resource_project_id"": ""proyecto-2-cloud-509714"", ""resource_type"": ""gce_instance"", ""resource_zone"": ""us-central1-a"", ""vm"": ""mooc-web""}",0
2026-09-27T02:49:15.937967Z,"{""command"": ""scsi_tmf_0"", ""command_line"": """", ""owner"": ""root"", ""pid"": ""134"", ""process"": ""all"", ""resource_instance_id"": ""1398563761166861218"", ""resource_project_id"": ""proyecto-2-cloud-509714"", ""resource_type"": ""gce_instance"", ""resource_zone"": ""us-central1-a"", ""vm"": ""mooc-web""}",0
2026-09-27T02:48:45.938464Z,"{""command"": ""scsi_tmf_0"", ""command_line"": """", ""owner"": ""root"", ""pid"": ""134"", ""process"": ""all"", ""resource_instance_id"": ""1398563761166861218"", ""resource_project_id"": ""proyecto-2-cloud-509714"", ""resource_type"": ""gce_instance"", ""resource_zone"": ""us-central1-a"", ""vm"": ""mooc-web""}",0
2026-09-27T02:48:15.950287Z,"{""command"": ""scsi_tmf_0"", ""command_line"": """", ""owner"": ""root"", ""pid"": ""134"", ""process"": ""all"", ""resource_instance_id"": ""1398563761166861218"", ""resource_project_id"": ""proyecto-2-cloud-509714"", ""resource_type"": ""gce_instance"", ""resource_zone"": ""us-central1-a"", ""vm"": ""mooc-web""}",0
2026-09-27T02:47:45.939079Z,"{""command"": ""scsi_tmf_0"", ""command_line"": """", ""owner"": ""root"", ""pid"": ""134"", ""process"": ""all"", ""resource_instance_id"": ""1398563761166861218"", ""resource_project_id"": ""proyecto-2-cloud-509714"", ""resource_type"": ""gce_instance"", ""resource_zone"": ""us-central1-a"", ""vm"": ""mooc-web""}",0
2026-09-27T02:47:15.938085Z,"{""command"": ""scsi_tmf_0"", ""command_line"": """", ""owner"": ""root"", ""pid"": ""134"", ""process"": ""all"", ""resource_instance_id"": ""1398563761166861218"", ""resource_project_id"": ""proyecto-2-cloud-509714"", ""resource_type"": ""gce_instance"", ""resource_zone"": ""us-central1-a"", ""vm"": ""mooc-web""}",0
2026-09-27T02:46:45.940907Z,"{""command"": ""scsi_tmf_0"", ""command_line"": """", ""owner"": ""root"", ""pid"": ""134"", ""process"": ""all"", ""resource_instance_id"": ""1398563761166861218"", ""resource_project_id"": ""proyecto-2-cloud-509714"", ""resource_type"": ""gce_instance"", ""resource_zone"": ""us-central1-a"", ""vm"": ""mooc-web""}",0
2026-09-27T02:46:15.937902Z,"{""command"": ""scsi_tmf_0"", ""command_line"": """", ""owner"": ""root"", ""pid"": ""134"", ""process"": ""all"", ""resource_instance_id"": ""1398563761166861218"", ""resource_project_id"": ""proyecto-2-cloud-509714"", ""resource_type"": ""gce_instance"", ""resource_zone"": ""us-central1-a"", ""vm"": ""mooc-web""}",0
2026-09-27T02:45:45.944877Z,"{""command"": ""scsi_tmf_0"", ""command_line"": """", ""owner"": ""root"", ""pid"": ""134"", ""process"": ""all"", ""resource_instance_id"": ""1398563761166861218"", ""resource_project_id"": ""proyecto-2-cloud-509714"", ""resource_type"": ""gce_instance"", ""resource_zone"": ""us-central1-a"", ""vm"": ""mooc-web""}",0
2026-09-27T02:45:15.943484Z,"{""command"": ""scsi_tmf_0"", ""command_line"": """", ""owner"": ""root"", ""pid"": ""134"", ""process"": ""all"", ""resource_instance_id"": ""1398563761166861218"", ""resource_project_id"": ""proyecto-2-cloud-509714"", ""resource_type"": ""gce_instance"", ""resource_zone"": ""us-central1-a"", ""vm"": ""mooc-web""}",0
2026-09-27T02:44:45.940112Z,"{""command"": ""scsi_tmf_0"", ""command_line"": """", ""owner"": ""root"", ""pid"": ""134"", ""process"": ""all"", ""resource_instance_id"": ""1398563761166861218"", ""resource_project_id"": ""proyecto-2-cloud-509714"", ""resource_type"": ""gce_instance"", ""resource_zone"": ""us-central1-a"", ""vm"": ""mooc-web""}",0
2026-09-27T02:44:15.940007Z,"{""command"": ""scsi_tmf_0"", ""command_line"": """", ""owner"": ""root"", ""pid"": ""134"", ""process"": ""all"", ""resource_instance_id"": ""1398563761166861218"", ""resource_project_id"": ""proyecto-2-cloud-509714"", ""resource_type"": ""gce_instance"", ""resource_zone"": ""us-central1-a"", ""vm"": ""mooc-web""}",0
2026-09-27T02:43:45.938294Z,"{""command"": ""scsi_tmf_0"", ""command_line"": """", ""owner"": ""root"", ""pid"": ""134"", ""process"": ""all"", ""resource_instance_id"": ""1398563761166861218"", ""resource_project_id"": ""proyecto-2-cloud-509714"", ""resource_type"": ""gce_instance"", ""resource_zone"": ""us-central1-a"", ""vm"": ""mooc-web""}",0
2026-09-27T02:43:15.938496Z,"{""command"": ""scsi_tmf_0"", ""command_line"": """", ""owner"": ""root"", ""pid"": ""134"", ""process"": ""all"", ""resource_instance_id"": ""1398563761166861218"", ""resource_project_id"": ""proyecto-2-cloud-509714"", ""resource_type"": ""gce_instance"", ""resource_zone"": ""us-central1-a"", ""vm"": ""mooc-web""}",0
2026-09-27T02:42:45.946107Z,"{""command"": ""scsi_tmf_0"", ""command_line"": """", ""owner"": ""root"", ""pid"": ""134"", ""process"": ""all"", ""resource_instance_id"": ""1398563761166861218"", ""resource_project_id"": ""proyecto-2-cloud-509714"", ""resource_type"": ""gce_instance"", ""resource_zone"": ""us-central1-a"", ""vm"": ""mooc-web""}",0
2026-09-27T02:42:15.939312Z,"{""command"": ""scsi_tmf_0"", ""command_line"": """", ""owner"": ""root"", ""pid"": ""134"", ""process"": ""all"", ""resource_instance_id"": ""1398563761166861218"", ""resource_project_id"": ""proyecto-2-cloud-509714"", ""resource_type"": ""gce_instance"", ""resource_zone"": ""us-central1-a"", ""vm"": ""mooc-web""}",0
2026-09-27T02:41:45.940492Z,"{""command"": ""scsi_tmf_0"", ""command_line"": """", ""owner"": ""root"", ""pid"": ""134"", ""process"": ""all"", ""resource_instance_id"": ""1398563761166861218"", ""resource_project_id"": ""proyecto-2-cloud-509714"", ""resource_type"": ""gce_instance"", ""resource_zone"": ""us-central1-a"", ""vm"": ""mooc-web""}",0
2026-09-27T02:41:15.940301Z,"{""command"": ""scsi_tmf_0"", ""command_line"": """", ""owner"": ""root"", ""pid"": ""134"", ""process"": ""all"", ""resource_instance_id"": ""1398563761166861218"", ""resource_project_id"": ""proyecto-2-cloud-509714"", ""resource_type"": ""gce_instance"", ""resource_zone"": ""us-central1-a"", ""vm"": ""mooc-web""}",0
2026-09-27T02:40:45.940971Z,"{""command"": ""scsi_tmf_0"", ""command_line"": """", ""owner"": ""root"", ""pid"": ""134"", ""process"": ""all"", ""resource_instance_id"": ""1398563761166861218"", ""resource_project_id"": ""proyecto-2-cloud-509714"", ""resource_type"": ""gce_instance"", ""resource_zone"": ""us-central1-a"", ""vm"": ""mooc-web""}",0
2026-09-27T02:40:15.939180Z,"{""command"": ""scsi_tmf_0"", ""command_line"": """", ""owner"": ""root"", ""pid"": ""134"", ""process"": ""all"", ""resource_instance_id"": ""1398563761166861218"", ""resource_project_id"": ""proyecto-2-cloud-509714"", ""resource_type"": ""gce_instance"", ""resource_zone"": ""us-central1-a"", ""vm"": ""mooc-web""}",0
2026-09-27T02:39:45.940348Z,"{""command"": ""scsi_tmf_0"", ""command_line"": """", ""owner"": ""root"", ""pid"": ""134"", ""process"": ""all"", ""resource_instance_id"": ""1398563761166861218"", ""resource_project_id"": ""proyecto-2-cloud-509714"", ""resource_type"": ""gce_instance"", ""resource_zone"": ""us-central1-a"", ""vm"": ""mooc-web""}",0
2026-09-27T02:39:15.955451Z,"{""command"": ""scsi_tmf_0"", ""command_line"": """", ""owner"": ""root"", ""pid"": ""134"", ""process"": ""all"", ""resource_instance_id"": ""1398563761166861218"", ""resource_project_id"": ""proyecto-2-cloud-509714"", ""resource_type"": ""gce_instance"", ""resource_zone"": ""us-central1-a"", ""vm"": ""mooc-web""}",0
2026-09-27T02:49:45.939982Z,"{""command"": ""slub_flushwq"", ""command_line"": """", ""owner"": ""root"", ""pid"": ""5"", ""process"": ""all"", ""resource_instance_id"": ""1398563761166861218"", ""resource_project_id"": ""proyecto-2-cloud-509714"", ""resource_type"": ""gce_instance"", ""resource_zone"": ""us-central1-a"", ""vm"": ""mooc-web""}",0
2026-09-27T02:49:15.935725Z,"{""command"": ""slub_flushwq"", ""command_line"": """", ""owner"": ""root"", ""pid"": ""5"", ""process"": ""all"", ""resource_instance_id"": ""1398563761166861218"", ""resource_project_id"": ""proyecto-2-cloud-509714"", ""resource_type"": ""gce_instance"", ""resource_zone"": ""us-central1-a"", ""vm"": ""mooc-web""}",0
2026-09-27T02:48:45.935798Z,"{""command"": ""slub_flushwq"", ""command_line"": """", ""owner"": ""root"", ""pid"": ""5"", ""process"": ""all"", ""resource_instance_id"": ""1398563761166861218"", ""resource_project_id"": ""proyecto-2-cloud-509714"", ""resource_type"": ""gce_instance"", ""resource_zone"": ""us-central1-a"", ""vm"": ""mooc-web""}",0
2026-09-27T02:48:15.944489Z,"{""command"": ""slub_flushwq"", ""command_line"": """", ""owner"": ""root"", ""pid"": ""5"", ""process"": ""all"", ""resource_instance_id"": ""1398563761166861218"", ""resource_project_id"": ""proyecto-2-cloud-509714"", ""resource_type"": ""gce_instance"", ""resource_zone"": ""us-central1-a"", ""vm"": ""mooc-web""}",0
2026-09-27T02:47:45.936207Z,"{""command"": ""slub_flushwq"", ""command_line"": """", ""owner"": ""root"", ""pid"": ""5"", ""process"": ""all"", ""resource_instance_id"": ""1398563761166861218"", ""resource_project_id"": ""proyecto-2-cloud-509714"", ""resource_type"": ""gce_instance"", ""resource_zone"": ""us-central1-a"", ""vm"": ""mooc-web""}",0
2026-09-27T02:47:15.935912Z,"{""command"": ""slub_flushwq"", ""command_line"": """", ""owner"": ""root"", ""pid"": ""5"", ""process"": ""all"", ""resource_instance_id"": ""1398563761166861218"", ""resource_project_id"": ""proyecto-2-cloud-509714"", ""resource_type"": ""gce_instance"", ""resource_zone"": ""us-central1-a"", ""vm"": ""mooc-web""}",0
2026-09-27T02:46:45.938483Z,"{""command"": ""slub_flushwq"", ""command_line"": """", ""owner"": ""root"", ""pid"": ""5"", ""process"": ""all"", ""resource_instance_id"": ""1398563761166861218"", ""resource_project_id"": ""proyecto-2-cloud-509714"", ""resource_type"": ""gce_instance"", ""resource_zone"": ""us-central1-a"", ""vm"": ""mooc-web""}",0
2026-09-27T02:46:15.935553Z,"{""command"": ""slub_flushwq"", ""command_line"": """", ""owner"": ""root"", ""pid"": ""5"", ""process"": ""all"", ""resource_instance_id"": ""1398563761166861218"", ""resource_project_id"": ""proyecto-2-cloud-509714"", ""resource_type"": ""gce_instance"", ""resource_zone"": ""us-central1-a"", ""vm"": ""mooc-web""}",0
2026-09-27T02:45:45.941020Z,"{""command"": ""slub_flushwq"", ""command_line"": """", ""owner"": ""root"", ""pid"": ""5"", ""process"": ""all"", ""resource_instance_id"": ""1398563761166861218"", ""resource_project_id"": ""proyecto-2-cloud-509714"", ""resource_type"": ""gce_instance"", ""resource_zone"": ""us-central1-a"", ""vm"": ""mooc-web""}",0
2026-09-27T02:45:15.940982Z,"{""command"": ""slub_flushwq"", ""command_line"": """", ""owner"": ""root"", ""pid"": ""5"", ""process"": ""all"", ""resource_instance_id"": ""1398563761166861218"", ""resource_project_id"": ""proyecto-2-cloud-509714"", ""resource_type"": ""gce_instance"", ""resource_zone"": ""us-central1-a"", ""vm"": ""mooc-web""}",0
2026-09-27T02:44:45.936633Z,"{""command"": ""slub_flushwq"", ""command_line"": """", ""owner"": ""root"", ""pid"": ""5"", ""process"": ""all"", ""resource_instance_id"": ""1398563761166861218"", ""resource_project_id"": ""proyecto-2-cloud-509714"", ""resource_type"": ""gce_instance"", ""resource_zone"": ""us-central1-a"", ""vm"": ""mooc-web""}",0
2026-09-27T02:44:15.937642Z,"{""command"": ""slub_flushwq"", ""command_line"": """", ""owner"": ""root"", ""pid"": ""5"", ""process"": ""all"", ""resource_instance_id"": ""1398563761166861218"", ""resource_project_id"": ""proyecto-2-cloud-509714"", ""resource_type"": ""gce_instance"", ""resource_zone"": ""us-central1-a"", ""vm"": ""mooc-web""}",0
2026-09-27T02:43:45.936031Z,"{""command"": ""slub_flushwq"", ""command_line"": """", ""owner"": ""root"", ""pid"": ""5"", ""process"": ""all"", ""resource_instance_id"": ""1398563761166861218"", ""resource_project_id"": ""proyecto-2-cloud-509714"", ""resource_type"": ""gce_instance"", ""resource_zone"": ""us-central1-a"", ""vm"": ""mooc-web""}",0
2026-09-27T02:43:15.936270Z,"{""command"": ""slub_flushwq"", ""command_line"": """", ""owner"": ""root"", ""pid"": ""5"", ""process"": ""all"", ""resource_instance_id"": ""1398563761166861218"", ""resource_project_id"": ""proyecto-2-cloud-509714"", ""resource_type"": ""gce_instance"", ""resource_zone"": ""us-central1-a"", ""vm"": ""mooc-web""}",0
2026-09-27T02:42:45.943803Z,"{""command"": ""slub_flushwq"", ""command_line"": """", ""owner"": ""root"", ""pid"": ""5"", ""process"": ""all"", ""resource_instance_id"": ""1398563761166861218"", ""resource_project_id"": ""proyecto-2-cloud-509714"", ""resource_type"": ""gce_instance"", ""resource_zone"": ""us-central1-a"", ""vm"": ""mooc-web""}",0
2026-09-27T02:42:15.936213Z,"{""command"": ""slub_flushwq"", ""command_line"": """", ""owner"": ""root"", ""pid"": ""5"", ""process"": ""all"", ""resource_instance_id"": ""1398563761166861218"", ""resource_project_id"": ""proyecto-2-cloud-509714"", ""resource_type"": ""gce_instance"", ""resource_zone"": ""us-central1-a"", ""vm"": ""mooc-web""}",0
2026-09-27T02:41:45.938086Z,"{""command"": ""slub_flushwq"", ""command_line"": """", ""owner"": ""root"", ""pid"": ""5"", ""process"": ""all"", ""resource_instance_id"": ""1398563761166861218"", ""resource_project_id"": ""proyecto-2-cloud-509714"", ""resource_type"": ""gce_instance"", ""resource_zone"": ""us-central1-a"", ""vm"": ""mooc-web""}",0
2026-09-27T02:41:15.937879Z,"{""command"": ""slub_flushwq"", ""command_line"": """", ""owner"": ""root"", ""pid"": ""5"", ""process"": ""all"", ""resource_instance_id"": ""1398563761166861218"", ""resource_project_id"": ""proyecto-2-cloud-509714"", ""resource_type"": ""gce_instance"", ""resource_zone"": ""us-central1-a"", ""vm"": ""mooc-web""}",0
2026-09-27T02:40:45.938610Z,"{""command"": ""slub_flushwq"", ""command_line"": """", ""owner"": ""root"", ""pid"": ""5"", ""process"": ""all"", ""resource_instance_id"": ""1398563761166861218"", ""resource_project_id"": ""proyecto-2-cloud-509714"", ""resource_type"": ""gce_instance"", ""resource_zone"": ""us-central1-a"", ""vm"": ""mooc-web""}",0
2026-09-27T02:40:15.936234Z,"{""command"": ""slub_flushwq"", ""command_line"": """", ""owner"": ""root"", ""pid"": ""5"", ""process"": ""all"", ""resource_instance_id"": ""1398563761166861218"", ""resource_project_id"": ""proyecto-2-cloud-509714"", ""resource_type"": ""gce_instance"", ""resource_zone"": ""us-central1-a"", ""vm"": ""mooc-web""}",0
2026-09-27T02:39:45.937074Z,"{""command"": ""slub_flushwq"", ""command_line"": """", ""owner"": ""root"", ""pid"": ""5"", ""process"": ""all"", ""resource_instance_id"": ""1398563761166861218"", ""resource_project_id"": ""proyecto-2-cloud-509714"", ""resource_type"": ""gce_instance"", ""resource_zone"": ""us-central1-a"", ""vm"": ""mooc-web""}",0
2026-09-27T02:39:15.952501Z,"{""command"": ""slub_flushwq"", ""command_line"": """", ""owner"": ""root"", ""pid"": ""5"", ""process"": ""all"", ""resource_instance_id"": ""1398563761166861218"", ""resource_project_id"": ""proyecto-2-cloud-509714"", ""resource_type"": ""gce_instance"", ""resource_zone"": ""us-central1-a"", ""vm"": ""mooc-web""}",0
2026-09-27T02:49:45.944906Z,"{""command"": ""sshd"", ""command_line"": ""sshd: /usr/sbin/sshd -D [listener] 0 of 10-100 startups"", ""owner"": ""root"", ""pid"": ""946"", ""process"": ""all"", ""resource_instance_id"": ""1398563761166861218"", ""resource_project_id"": ""proyecto-2-cloud-509714"", ""resource_type"": ""gce_instance"", ""resource_zone"": ""us-central1-a"", ""vm"": ""mooc-web""}",15822848
2026-09-27T02:49:15.939565Z,"{""command"": ""sshd"", ""command_line"": ""sshd: /usr/sbin/sshd -D [listener] 0 of 10-100 startups"", ""owner"": ""root"", ""pid"": ""946"", ""process"": ""all"", ""resource_instance_id"": ""1398563761166861218"", ""resource_project_id"": ""proyecto-2-cloud-509714"", ""resource_type"": ""gce_instance"", ""resource_zone"": ""us-central1-a"", ""vm"": ""mooc-web""}",15822848
2026-09-27T02:48:45.940109Z,"{""command"": ""sshd"", ""command_line"": ""sshd: /usr/sbin/sshd -D [listener] 0 of 10-100 startups"", ""owner"": ""root"", ""pid"": ""946"", ""process"": ""all"", ""resource_instance_id"": ""1398563761166861218"", ""resource_project_id"": ""proyecto-2-cloud-509714"", ""resource_type"": ""gce_instance"", ""resource_zone"": ""us-central1-a"", ""vm"": ""mooc-web""}",15822848
2026-09-27T02:48:15.952006Z,"{""command"": ""sshd"", ""command_line"": ""sshd: /usr/sbin/sshd -D [listener] 0 of 10-100 startups"", ""owner"": ""root"", ""pid"": ""946"", ""process"": ""all"", ""resource_instance_id"": ""1398563761166861218"", ""resource_project_id"": ""proyecto-2-cloud-509714"", ""resource_type"": ""gce_instance"", ""resource_zone"": ""us-central1-a"", ""vm"": ""mooc-web""}",15822848
2026-09-27T02:47:45.941106Z,"{""command"": ""sshd"", ""command_line"": ""sshd: /usr/sbin/sshd -D [listener] 0 of 10-100 startups"", ""owner"": ""root"", ""pid"": ""946"", ""process"": ""all"", ""resource_instance_id"": ""1398563761166861218"", ""resource_project_id"": ""proyecto-2-cloud-509714"", ""resource_type"": ""gce_instance"", ""resource_zone"": ""us-central1-a"", ""vm"": ""mooc-web""}",15822848
2026-09-27T02:47:15.939430Z,"{""command"": ""sshd"", ""command_line"": ""sshd: /usr/sbin/sshd -D [listener] 0 of 10-100 startups"", ""owner"": ""root"", ""pid"": ""946"", ""process"": ""all"", ""resource_instance_id"": ""1398563761166861218"", ""resource_project_id"": ""proyecto-2-cloud-509714"", ""resource_type"": ""gce_instance"", ""resource_zone"": ""us-central1-a"", ""vm"": ""mooc-web""}",15822848
2026-09-27T02:46:45.942332Z,"{""command"": ""sshd"", ""command_line"": ""sshd: /usr/sbin/sshd -D [listener] 0 of 10-100 startups"", ""owner"": ""root"", ""pid"": ""946"", ""process"": ""all"", ""resource_instance_id"": ""1398563761166861218"", ""resource_project_id"": ""proyecto-2-cloud-509714"", ""resource_type"": ""gce_instance"", ""resource_zone"": ""us-central1-a"", ""vm"": ""mooc-web""}",15822848
2026-09-27T02:46:15.940163Z,"{""command"": ""sshd"", ""command_line"": ""sshd: /usr/sbin/sshd -D [listener] 0 of 10-100 startups"", ""owner"": ""root"", ""pid"": ""946"", ""process"": ""all"", ""resource_instance_id"": ""1398563761166861218"", ""resource_project_id"": ""proyecto-2-cloud-509714"", ""resource_type"": ""gce_instance"", ""resource_zone"": ""us-central1-a"", ""vm"": ""mooc-web""}",15822848
2026-09-27T02:45:45.946915Z,"{""command"": ""sshd"", ""command_line"": ""sshd: /usr/sbin/sshd -D [listener] 0 of 10-100 startups"", ""owner"": ""root"", ""pid"": ""946"", ""process"": ""all"", ""resource_instance_id"": ""1398563761166861218"", ""resource_project_id"": ""proyecto-2-cloud-509714"", ""resource_type"": ""gce_instance"", ""resource_zone"": ""us-central1-a"", ""vm"": ""mooc-web""}",15822848
2026-09-27T02:45:15.945041Z,"{""command"": ""sshd"", ""command_line"": ""sshd: /usr/sbin/sshd -D [listener] 0 of 10-100 startups"", ""owner"": ""root"", ""pid"": ""946"", ""process"": ""all"", ""resource_instance_id"": ""1398563761166861218"", ""resource_project_id"": ""proyecto-2-cloud-509714"", ""resource_type"": ""gce_instance"", ""resource_zone"": ""us-central1-a"", ""vm"": ""mooc-web""}",15822848
2026-09-27T02:44:45.942217Z,"{""command"": ""sshd"", ""command_line"": ""sshd: /usr/sbin/sshd -D [listener] 0 of 10-100 startups"", ""owner"": ""root"", ""pid"": ""946"", ""process"": ""all"", ""resource_instance_id"": ""1398563761166861218"", ""resource_project_id"": ""proyecto-2-cloud-509714"", ""resource_type"": ""gce_instance"", ""resource_zone"": ""us-central1-a"", ""vm"": ""mooc-web""}",15822848
2026-09-27T02:44:15.941297Z,"{""command"": ""sshd"", ""command_line"": ""sshd: /usr/sbin/sshd -D [listener] 0 of 10-100 startups"", ""owner"": ""root"", ""pid"": ""946"", ""process"": ""all"", ""resource_instance_id"": ""1398563761166861218"", ""resource_project_id"": ""proyecto-2-cloud-509714"", ""resource_type"": ""gce_instance"", ""resource_zone"": ""us-central1-a"", ""vm"": ""mooc-web""}",15822848
2026-09-27T02:43:45.939866Z,"{""command"": ""sshd"", ""command_line"": ""sshd: /usr/sbin/sshd -D [listener] 0 of 10-100 startups"", ""owner"": ""root"", ""pid"": ""946"", ""process"": ""all"", ""resource_instance_id"": ""1398563761166861218"", ""resource_project_id"": ""proyecto-2-cloud-509714"", ""resource_type"": ""gce_instance"", ""resource_zone"": ""us-central1-a"", ""vm"": ""mooc-web""}",15822848
2026-09-27T02:43:15.940226Z,"{""command"": ""sshd"", ""command_line"": ""sshd: /usr/sbin/sshd -D [listener] 0 of 10-100 startups"", ""owner"": ""root"", ""pid"": ""946"", ""process"": ""all"", ""resource_instance_id"": ""1398563761166861218"", ""resource_project_id"": ""proyecto-2-cloud-509714"", ""resource_type"": ""gce_instance"", ""resource_zone"": ""us-central1-a"", ""vm"": ""mooc-web""}",15822848
2026-09-27T02:42:45.947783Z,"{""command"": ""sshd"", ""command_line"": ""sshd: /usr/sbin/sshd -D [listener] 0 of 10-100 startups"", ""owner"": ""root"", ""pid"": ""946"", ""process"": ""all"", ""resource_instance_id"": ""1398563761166861218"", ""resource_project_id"": ""proyecto-2-cloud-509714"", ""resource_type"": ""gce_instance"", ""resource_zone"": ""us-central1-a"", ""vm"": ""mooc-web""}",15822848
2026-09-27T02:42:15.940951Z,"{""command"": ""sshd"", ""command_line"": ""sshd: /usr/sbin/sshd -D [listener] 0 of 10-100 startups"", ""owner"": ""root"", ""pid"": ""946"", ""process"": ""all"", ""resource_instance_id"": ""1398563761166861218"", ""resource_project_id"": ""proyecto-2-cloud-509714"", ""resource_type"": ""gce_instance"", ""resource_zone"": ""us-central1-a"", ""vm"": ""mooc-web""}",15822848
2026-09-27T02:41:45.941782Z,"{""command"": ""sshd"", ""command_line"": ""sshd: /usr/sbin/sshd -D [listener] 0 of 10-100 startups"", ""owner"": ""root"", ""pid"": ""946"", ""process"": ""all"", ""resource_instance_id"": ""1398563761166861218"", ""resource_project_id"": ""proyecto-2-cloud-509714"", ""resource_type"": ""gce_instance"", ""resource_zone"": ""us-central1-a"", ""vm"": ""mooc-web""}",15822848
2026-09-27T02:41:15.941684Z,"{""command"": ""sshd"", ""command_line"": ""sshd: /usr/sbin/sshd -D [listener] 0 of 10-100 startups"", ""owner"": ""root"", ""pid"": ""946"", ""process"": ""all"", ""resource_instance_id"": ""1398563761166861218"", ""resource_project_id"": ""proyecto-2-cloud-509714"", ""resource_type"": ""gce_instance"", ""resource_zone"": ""us-central1-a"", ""vm"": ""mooc-web""}",15822848
2026-09-27T02:40:45.942256Z,"{""command"": ""sshd"", ""command_line"": ""sshd: /usr/sbin/sshd -D [listener] 0 of 10-100 startups"", ""owner"": ""root"", ""pid"": ""946"", ""process"": ""all"", ""resource_instance_id"": ""1398563761166861218"", ""resource_project_id"": ""proyecto-2-cloud-509714"", ""resource_type"": ""gce_instance"", ""resource_zone"": ""us-central1-a"", ""vm"": ""mooc-web""}",15822848
2026-09-27T02:40:15.940512Z,"{""command"": ""sshd"", ""command_line"": ""sshd: /usr/sbin/sshd -D [listener] 0 of 10-100 startups"", ""owner"": ""root"", ""pid"": ""946"", ""process"": ""all"", ""resource_instance_id"": ""1398563761166861218"", ""resource_project_id"": ""proyecto-2-cloud-509714"", ""resource_type"": ""gce_instance"", ""resource_zone"": ""us-central1-a"", ""vm"": ""mooc-web""}",15822848
2026-09-27T02:39:45.942276Z,"{""command"": ""sshd"", ""command_line"": ""sshd: /usr/sbin/sshd -D [listener] 0 of 10-100 startups"", ""owner"": ""root"", ""pid"": ""946"", ""process"": ""all"", ""resource_instance_id"": ""1398563761166861218"", ""resource_project_id"": ""proyecto-2-cloud-509714"", ""resource_type"": ""gce_instance"", ""resource_zone"": ""us-central1-a"", ""vm"": ""mooc-web""}",15822848
2026-09-27T02:39:15.957376Z,"{""command"": ""sshd"", ""command_line"": ""sshd: /usr/sbin/sshd -D [listener] 0 of 10-100 startups"", ""owner"": ""root"", ""pid"": ""946"", ""process"": ""all"", ""resource_instance_id"": ""1398563761166861218"", ""resource_project_id"": ""proyecto-2-cloud-509714"", ""resource_type"": ""gce_instance"", ""resource_zone"": ""us-central1-a"", ""vm"": ""mooc-web""}",15822848
2026-09-27T02:49:45.945432Z,"{""command"": ""sshd"", ""command_line"": ""sshd: dialmupe [priv]"", ""owner"": ""root"", ""pid"": ""6539"", ""process"": ""all"", ""resource_instance_id"": ""1398563761166861218"", ""resource_project_id"": ""proyecto-2-cloud-509714"", ""resource_type"": ""gce_instance"", ""resource_zone"": ""us-central1-a"", ""vm"": ""mooc-web""}",18124800
2026-09-27T02:49:15.940154Z,"{""command"": ""sshd"", ""command_line"": ""sshd: dialmupe [priv]"", ""owner"": ""root"", ""pid"": ""6539"", ""process"": ""all"", ""resource_instance_id"": ""1398563761166861218"", ""resource_project_id"": ""proyecto-2-cloud-509714"", ""resource_type"": ""gce_instance"", ""resource_zone"": ""us-central1-a"", ""vm"": ""mooc-web""}",18124800
2026-09-27T02:48:45.940751Z,"{""command"": ""sshd"", ""command_line"": ""sshd: dialmupe [priv]"", ""owner"": ""root"", ""pid"": ""6539"", ""process"": ""all"", ""resource_instance_id"": ""1398563761166861218"", ""resource_project_id"": ""proyecto-2-cloud-509714"", ""resource_type"": ""gce_instance"", ""resource_zone"": ""us-central1-a"", ""vm"": ""mooc-web""}",18124800
2026-09-27T02:48:15.952693Z,"{""command"": ""sshd"", ""command_line"": ""sshd: dialmupe [priv]"", ""owner"": ""root"", ""pid"": ""6539"", ""process"": ""all"", ""resource_instance_id"": ""1398563761166861218"", ""resource_project_id"": ""proyecto-2-cloud-509714"", ""resource_type"": ""gce_instance"", ""resource_zone"": ""us-central1-a"", ""vm"": ""mooc-web""}",18124800
2026-09-27T02:47:45.942058Z,"{""command"": ""sshd"", ""command_line"": ""sshd: dialmupe [priv]"", ""owner"": ""root"", ""pid"": ""6539"", ""process"": ""all"", ""resource_instance_id"": ""1398563761166861218"", ""resource_project_id"": ""proyecto-2-cloud-509714"", ""resource_type"": ""gce_instance"", ""resource_zone"": ""us-central1-a"", ""vm"": ""mooc-web""}",18124800
2026-09-27T02:47:15.940186Z,"{""command"": ""sshd"", ""command_line"": ""sshd: dialmupe [priv]"", ""owner"": ""root"", ""pid"": ""6539"", ""process"": ""all"", ""resource_instance_id"": ""1398563761166861218"", ""resource_project_id"": ""proyecto-2-cloud-509714"", ""resource_type"": ""gce_instance"", ""resource_zone"": ""us-central1-a"", ""vm"": ""mooc-web""}",18124800
2026-09-27T02:46:45.943474Z,"{""command"": ""sshd"", ""command_line"": ""sshd: dialmupe [priv]"", ""owner"": ""root"", ""pid"": ""6539"", ""process"": ""all"", ""resource_instance_id"": ""1398563761166861218"", ""resource_project_id"": ""proyecto-2-cloud-509714"", ""resource_type"": ""gce_instance"", ""resource_zone"": ""us-central1-a"", ""vm"": ""mooc-web""}",18124800
2026-09-27T02:46:15.940960Z,"{""command"": ""sshd"", ""command_line"": ""sshd: dialmupe [priv]"", ""owner"": ""root"", ""pid"": ""6539"", ""process"": ""all"", ""resource_instance_id"": ""1398563761166861218"", ""resource_project_id"": ""proyecto-2-cloud-509714"", ""resource_type"": ""gce_instance"", ""resource_zone"": ""us-central1-a"", ""vm"": ""mooc-web""}",18124800
2026-09-27T02:45:45.947914Z,"{""command"": ""sshd"", ""command_line"": ""sshd: dialmupe [priv]"", ""owner"": ""root"", ""pid"": ""6539"", ""process"": ""all"", ""resource_instance_id"": ""1398563761166861218"", ""resource_project_id"": ""proyecto-2-cloud-509714"", ""resource_type"": ""gce_instance"", ""resource_zone"": ""us-central1-a"", ""vm"": ""mooc-web""}",18124800
2026-09-27T02:45:15.945602Z,"{""command"": ""sshd"", ""command_line"": ""sshd: dialmupe [priv]"", ""owner"": ""root"", ""pid"": ""6539"", ""process"": ""all"", ""resource_instance_id"": ""1398563761166861218"", ""resource_project_id"": ""proyecto-2-cloud-509714"", ""resource_type"": ""gce_instance"", ""resource_zone"": ""us-central1-a"", ""vm"": ""mooc-web""}",18124800
2026-09-27T02:44:45.943310Z,"{""command"": ""sshd"", ""command_line"": ""sshd: dialmupe [priv]"", ""owner"": ""root"", ""pid"": ""6539"", ""process"": ""all"", ""resource_instance_id"": ""1398563761166861218"", ""resource_project_id"": ""proyecto-2-cloud-509714"", ""resource_type"": ""gce_instance"", ""resource_zone"": ""us-central1-a"", ""vm"": ""mooc-web""}",18124800
2026-09-27T02:44:15.941945Z,"{""command"": ""sshd"", ""command_line"": ""sshd: dialmupe [priv]"", ""owner"": ""root"", ""pid"": ""6539"", ""process"": ""all"", ""resource_instance_id"": ""1398563761166861218"", ""resource_project_id"": ""proyecto-2-cloud-509714"", ""resource_type"": ""gce_instance"", ""resource_zone"": ""us-central1-a"", ""vm"": ""mooc-web""}",18124800
2026-09-27T02:43:45.941045Z,"{""command"": ""sshd"", ""command_line"": ""sshd: dialmupe [priv]"", ""owner"": ""root"", ""pid"": ""6539"", ""process"": ""all"", ""resource_instance_id"": ""1398563761166861218"", ""resource_project_id"": ""proyecto-2-cloud-509714"", ""resource_type"": ""gce_instance"", ""resource_zone"": ""us-central1-a"", ""vm"": ""mooc-web""}",18124800
2026-09-27T02:43:15.941004Z,"{""command"": ""sshd"", ""command_line"": ""sshd: dialmupe [priv]"", ""owner"": ""root"", ""pid"": ""6539"", ""process"": ""all"", ""resource_instance_id"": ""1398563761166861218"", ""resource_project_id"": ""proyecto-2-cloud-509714"", ""resource_type"": ""gce_instance"", ""resource_zone"": ""us-central1-a"", ""vm"": ""mooc-web""}",18124800
2026-09-27T02:42:45.948603Z,"{""command"": ""sshd"", ""command_line"": ""sshd: dialmupe [priv]"", ""owner"": ""root"", ""pid"": ""6539"", ""process"": ""all"", ""resource_instance_id"": ""1398563761166861218"", ""resource_project_id"": ""proyecto-2-cloud-509714"", ""resource_type"": ""gce_instance"", ""resource_zone"": ""us-central1-a"", ""vm"": ""mooc-web""}",18124800
2026-09-27T02:42:15.942172Z,"{""command"": ""sshd"", ""command_line"": ""sshd: dialmupe [priv]"", ""owner"": ""root"", ""pid"": ""6539"", ""process"": ""all"", ""resource_instance_id"": ""1398563761166861218"", ""resource_project_id"": ""proyecto-2-cloud-509714"", ""resource_type"": ""gce_instance"", ""resource_zone"": ""us-central1-a"", ""vm"": ""mooc-web""}",18124800
2026-09-27T02:41:45.942596Z,"{""command"": ""sshd"", ""command_line"": ""sshd: dialmupe [priv]"", ""owner"": ""root"", ""pid"": ""6539"", ""process"": ""all"", ""resource_instance_id"": ""1398563761166861218"", ""resource_project_id"": ""proyecto-2-cloud-509714"", ""resource_type"": ""gce_instance"", ""resource_zone"": ""us-central1-a"", ""vm"": ""mooc-web""}",18124800
2026-09-27T02:41:15.942520Z,"{""command"": ""sshd"", ""command_line"": ""sshd: dialmupe [priv]"", ""owner"": ""root"", ""pid"": ""6539"", ""process"": ""all"", ""resource_instance_id"": ""1398563761166861218"", ""resource_project_id"": ""proyecto-2-cloud-509714"", ""resource_type"": ""gce_instance"", ""resource_zone"": ""us-central1-a"", ""vm"": ""mooc-web""}",18124800
2026-09-27T02:40:45.943157Z,"{""command"": ""sshd"", ""command_line"": ""sshd: dialmupe [priv]"", ""owner"": ""root"", ""pid"": ""6539"", ""process"": ""all"", ""resource_instance_id"": ""1398563761166861218"", ""resource_project_id"": ""proyecto-2-cloud-509714"", ""resource_type"": ""gce_instance"", ""resource_zone"": ""us-central1-a"", ""vm"": ""mooc-web""}",18124800
2026-09-27T02:40:15.941328Z,"{""command"": ""sshd"", ""command_line"": ""sshd: dialmupe [priv]"", ""owner"": ""root"", ""pid"": ""6539"", ""process"": ""all"", ""resource_instance_id"": ""1398563761166861218"", ""resource_project_id"": ""proyecto-2-cloud-509714"", ""resource_type"": ""gce_instance"", ""resource_zone"": ""us-central1-a"", ""vm"": ""mooc-web""}",18124800
2026-09-27T02:39:45.943578Z,"{""command"": ""sshd"", ""command_line"": ""sshd: dialmupe [priv]"", ""owner"": ""root"", ""pid"": ""6539"", ""process"": ""all"", ""resource_instance_id"": ""1398563761166861218"", ""resource_project_id"": ""proyecto-2-cloud-509714"", ""resource_type"": ""gce_instance"", ""resource_zone"": ""us-central1-a"", ""vm"": ""mooc-web""}",18124800
2026-09-27T02:39:15.958663Z,"{""command"": ""sshd"", ""command_line"": ""sshd: dialmupe [priv]"", ""owner"": ""root"", ""pid"": ""6539"", ""process"": ""all"", ""resource_instance_id"": ""1398563761166861218"", ""resource_project_id"": ""proyecto-2-cloud-509714"", ""resource_type"": ""gce_instance"", ""resource_zone"": ""us-central1-a"", ""vm"": ""mooc-web""}",18124800
2026-09-27T02:49:45.945484Z,"{""command"": ""sshd"", ""command_line"": ""sshd: dialmupe@pts/1"", ""owner"": ""dialmupe"", ""pid"": ""6568"", ""process"": ""all"", ""resource_instance_id"": ""1398563761166861218"", ""resource_project_id"": ""proyecto-2-cloud-509714"", ""resource_type"": ""gce_instance"", ""resource_zone"": ""us-central1-a"", ""vm"": ""mooc-web""}",18288640
2026-09-27T02:49:15.940221Z,"{""command"": ""sshd"", ""command_line"": ""sshd: dialmupe@pts/1"", ""owner"": ""dialmupe"", ""pid"": ""6568"", ""process"": ""all"", ""resource_instance_id"": ""1398563761166861218"", ""resource_project_id"": ""proyecto-2-cloud-509714"", ""resource_type"": ""gce_instance"", ""resource_zone"": ""us-central1-a"", ""vm"": ""mooc-web""}",18288640
2026-09-27T02:48:45.940803Z,"{""command"": ""sshd"", ""command_line"": ""sshd: dialmupe@pts/1"", ""owner"": ""dialmupe"", ""pid"": ""6568"", ""process"": ""all"", ""resource_instance_id"": ""1398563761166861218"", ""resource_project_id"": ""proyecto-2-cloud-509714"", ""resource_type"": ""gce_instance"", ""resource_zone"": ""us-central1-a"", ""vm"": ""mooc-web""}",18288640
2026-09-27T02:48:15.952747Z,"{""command"": ""sshd"", ""command_line"": ""sshd: dialmupe@pts/1"", ""owner"": ""dialmupe"", ""pid"": ""6568"", ""process"": ""all"", ""resource_instance_id"": ""1398563761166861218"", ""resource_project_id"": ""proyecto-2-cloud-509714"", ""resource_type"": ""gce_instance"", ""resource_zone"": ""us-central1-a"", ""vm"": ""mooc-web""}",18288640
2026-09-27T02:47:45.942156Z,"{""command"": ""sshd"", ""command_line"": ""sshd: dialmupe@pts/1"", ""owner"": ""dialmupe"", ""pid"": ""6568"", ""process"": ""all"", ""resource_instance_id"": ""1398563761166861218"", ""resource_project_id"": ""proyecto-2-cloud-509714"", ""resource_type"": ""gce_instance"", ""resource_zone"": ""us-central1-a"", ""vm"": ""mooc-web""}",18288640
2026-09-27T02:47:15.940260Z,"{""command"": ""sshd"", ""command_line"": ""sshd: dialmupe@pts/1"", ""owner"": ""dialmupe"", ""pid"": ""6568"", ""process"": ""all"", ""resource_instance_id"": ""1398563761166861218"", ""resource_project_id"": ""proyecto-2-cloud-509714"", ""resource_type"": ""gce_instance"", ""resource_zone"": ""us-central1-a"", ""vm"": ""mooc-web""}",18288640
2026-09-27T02:46:45.943570Z,"{""command"": ""sshd"", ""command_line"": ""sshd: dialmupe@pts/1"", ""owner"": ""dialmupe"", ""pid"": ""6568"", ""process"": ""all"", ""resource_instance_id"": ""1398563761166861218"", ""resource_project_id"": ""proyecto-2-cloud-509714"", ""resource_type"": ""gce_instance"", ""resource_zone"": ""us-central1-a"", ""vm"": ""mooc-web""}",18288640
2026-09-27T02:46:15.941042Z,"{""command"": ""sshd"", ""command_line"": ""sshd: dialmupe@pts/1"", ""owner"": ""dialmupe"", ""pid"": ""6568"", ""process"": ""all"", ""resource_instance_id"": ""1398563761166861218"", ""resource_project_id"": ""proyecto-2-cloud-509714"", ""resource_type"": ""gce_instance"", ""resource_zone"": ""us-central1-a"", ""vm"": ""mooc-web""}",18288640
2026-09-27T02:45:45.947999Z,"{""command"": ""sshd"", ""command_line"": ""sshd: dialmupe@pts/1"", ""owner"": ""dialmupe"", ""pid"": ""6568"", ""process"": ""all"", ""resource_instance_id"": ""1398563761166861218"", ""resource_project_id"": ""proyecto-2-cloud-509714"", ""resource_type"": ""gce_instance"", ""resource_zone"": ""us-central1-a"", ""vm"": ""mooc-web""}",18288640
2026-09-27T02:45:15.945655Z,"{""command"": ""sshd"", ""command_line"": ""sshd: dialmupe@pts/1"", ""owner"": ""dialmupe"", ""pid"": ""6568"", ""process"": ""all"", ""resource_instance_id"": ""1398563761166861218"", ""resource_project_id"": ""proyecto-2-cloud-509714"", ""resource_type"": ""gce_instance"", ""resource_zone"": ""us-central1-a"", ""vm"": ""mooc-web""}",18288640
2026-09-27T02:44:45.943385Z,"{""command"": ""sshd"", ""command_line"": ""sshd: dialmupe@pts/1"", ""owner"": ""dialmupe"", ""pid"": ""6568"", ""process"": ""all"", ""resource_instance_id"": ""1398563761166861218"", ""resource_project_id"": ""proyecto-2-cloud-509714"", ""resource_type"": ""gce_instance"", ""resource_zone"": ""us-central1-a"", ""vm"": ""mooc-web""}",18288640
2026-09-27T02:44:15.941994Z,"{""command"": ""sshd"", ""command_line"": ""sshd: dialmupe@pts/1"", ""owner"": ""dialmupe"", ""pid"": ""6568"", ""process"": ""all"", ""resource_instance_id"": ""1398563761166861218"", ""resource_project_id"": ""proyecto-2-cloud-509714"", ""resource_type"": ""gce_instance"", ""resource_zone"": ""us-central1-a"", ""vm"": ""mooc-web""}",18288640
2026-09-27T02:43:45.941125Z,"{""command"": ""sshd"", ""command_line"": ""sshd: dialmupe@pts/1"", ""owner"": ""dialmupe"", ""pid"": ""6568"", ""process"": ""all"", ""resource_instance_id"": ""1398563761166861218"", ""resource_project_id"": ""proyecto-2-cloud-509714"", ""resource_type"": ""gce_instance"", ""resource_zone"": ""us-central1-a"", ""vm"": ""mooc-web""}",18288640
2026-09-27T02:43:15.941066Z,"{""command"": ""sshd"", ""command_line"": ""sshd: dialmupe@pts/1"", ""owner"": ""dialmupe"", ""pid"": ""6568"", ""process"": ""all"", ""resource_instance_id"": ""1398563761166861218"", ""resource_project_id"": ""proyecto-2-cloud-509714"", ""resource_type"": ""gce_instance"", ""resource_zone"": ""us-central1-a"", ""vm"": ""mooc-web""}",18288640
2026-09-27T02:42:45.948656Z,"{""command"": ""sshd"", ""command_line"": ""sshd: dialmupe@pts/1"", ""owner"": ""dialmupe"", ""pid"": ""6568"", ""process"": ""all"", ""resource_instance_id"": ""1398563761166861218"", ""resource_project_id"": ""proyecto-2-cloud-509714"", ""resource_type"": ""gce_instance"", ""resource_zone"": ""us-central1-a"", ""vm"": ""mooc-web""}",18288640
2026-09-27T02:42:15.942252Z,"{""command"": ""sshd"", ""command_line"": ""sshd: dialmupe@pts/1"", ""owner"": ""dialmupe"", ""pid"": ""6568"", ""process"": ""all"", ""resource_instance_id"": ""1398563761166861218"", ""resource_project_id"": ""proyecto-2-cloud-509714"", ""resource_type"": ""gce_instance"", ""resource_zone"": ""us-central1-a"", ""vm"": ""mooc-web""}",18288640
2026-09-27T02:41:45.942646Z,"{""command"": ""sshd"", ""command_line"": ""sshd: dialmupe@pts/1"", ""owner"": ""dialmupe"", ""pid"": ""6568"", ""process"": ""all"", ""resource_instance_id"": ""1398563761166861218"", ""resource_project_id"": ""proyecto-2-cloud-509714"", ""resource_type"": ""gce_instance"", ""resource_zone"": ""us-central1-a"", ""vm"": ""mooc-web""}",18288640
2026-09-27T02:41:15.942571Z,"{""command"": ""sshd"", ""command_line"": ""sshd: dialmupe@pts/1"", ""owner"": ""dialmupe"", ""pid"": ""6568"", ""process"": ""all"", ""resource_instance_id"": ""1398563761166861218"", ""resource_project_id"": ""proyecto-2-cloud-509714"", ""resource_type"": ""gce_instance"", ""resource_zone"": ""us-central1-a"", ""vm"": ""mooc-web""}",18288640
2026-09-27T02:40:45.943209Z,"{""command"": ""sshd"", ""command_line"": ""sshd: dialmupe@pts/1"", ""owner"": ""dialmupe"", ""pid"": ""6568"", ""process"": ""all"", ""resource_instance_id"": ""1398563761166861218"", ""resource_project_id"": ""proyecto-2-cloud-509714"", ""resource_type"": ""gce_instance"", ""resource_zone"": ""us-central1-a"", ""vm"": ""mooc-web""}",18288640
2026-09-27T02:40:15.941385Z,"{""command"": ""sshd"", ""command_line"": ""sshd: dialmupe@pts/1"", ""owner"": ""dialmupe"", ""pid"": ""6568"", ""process"": ""all"", ""resource_instance_id"": ""1398563761166861218"", ""resource_project_id"": ""proyecto-2-cloud-509714"", ""resource_type"": ""gce_instance"", ""resource_zone"": ""us-central1-a"", ""vm"": ""mooc-web""}",18288640
2026-09-27T02:39:45.943635Z,"{""command"": ""sshd"", ""command_line"": ""sshd: dialmupe@pts/1"", ""owner"": ""dialmupe"", ""pid"": ""6568"", ""process"": ""all"", ""resource_instance_id"": ""1398563761166861218"", ""resource_project_id"": ""proyecto-2-cloud-509714"", ""resource_type"": ""gce_instance"", ""resource_zone"": ""us-central1-a"", ""vm"": ""mooc-web""}",18288640
2026-09-27T02:39:15.958723Z,"{""command"": ""sshd"", ""command_line"": ""sshd: dialmupe@pts/1"", ""owner"": ""dialmupe"", ""pid"": ""6568"", ""process"": ""all"", ""resource_instance_id"": ""1398563761166861218"", ""resource_project_id"": ""proyecto-2-cloud-509714"", ""resource_type"": ""gce_instance"", ""resource_zone"": ""us-central1-a"", ""vm"": ""mooc-web""}",18288640
2026-09-27T02:39:45.943754Z,"{""command"": ""sudo"", ""command_line"": ""sudo tail -f /var/log/mooc-startup.log"", ""owner"": ""dialmupe"", ""pid"": ""6850"", ""process"": ""all"", ""resource_instance_id"": ""1398563761166861218"", ""resource_project_id"": ""proyecto-2-cloud-509714"", ""resource_type"": ""gce_instance"", ""resource_zone"": ""us-central1-a"", ""vm"": ""mooc-web""}",7675904
2026-09-27T02:39:15.958883Z,"{""command"": ""sudo"", ""command_line"": ""sudo tail -f /var/log/mooc-startup.log"", ""owner"": ""dialmupe"", ""pid"": ""6850"", ""process"": ""all"", ""resource_instance_id"": ""1398563761166861218"", ""resource_project_id"": ""proyecto-2-cloud-509714"", ""resource_type"": ""gce_instance"", ""resource_zone"": ""us-central1-a"", ""vm"": ""mooc-web""}",7675904
2026-09-27T02:39:45.943829Z,"{""command"": ""sudo"", ""command_line"": ""sudo tail -f /var/log/mooc-startup.log"", ""owner"": ""dialmupe"", ""pid"": ""6851"", ""process"": ""all"", ""resource_instance_id"": ""1398563761166861218"", ""resource_project_id"": ""proyecto-2-cloud-509714"", ""resource_type"": ""gce_instance"", ""resource_zone"": ""us-central1-a"", ""vm"": ""mooc-web""}",7675904
2026-09-27T02:39:15.958986Z,"{""command"": ""sudo"", ""command_line"": ""sudo tail -f /var/log/mooc-startup.log"", ""owner"": ""dialmupe"", ""pid"": ""6851"", ""process"": ""all"", ""resource_instance_id"": ""1398563761166861218"", ""resource_project_id"": ""proyecto-2-cloud-509714"", ""resource_type"": ""gce_instance"", ""resource_zone"": ""us-central1-a"", ""vm"": ""mooc-web""}",7675904
2026-09-27T02:49:45.945078Z,"{""command"": ""systemd"", ""command_line"": ""/lib/systemd/systemd --user"", ""owner"": ""dialmupe"", ""pid"": ""5365"", ""process"": ""all"", ""resource_instance_id"": ""1398563761166861218"", ""resource_project_id"": ""proyecto-2-cloud-509714"", ""resource_type"": ""gce_instance"", ""resource_zone"": ""us-central1-a"", ""vm"": ""mooc-web""}",19378176
2026-09-27T02:49:15.939736Z,"{""command"": ""systemd"", ""command_line"": ""/lib/systemd/systemd --user"", ""owner"": ""dialmupe"", ""pid"": ""5365"", ""process"": ""all"", ""resource_instance_id"": ""1398563761166861218"", ""resource_project_id"": ""proyecto-2-cloud-509714"", ""resource_type"": ""gce_instance"", ""resource_zone"": ""us-central1-a"", ""vm"": ""mooc-web""}",19378176
2026-09-27T02:48:45.940366Z,"{""command"": ""systemd"", ""command_line"": ""/lib/systemd/systemd --user"", ""owner"": ""dialmupe"", ""pid"": ""5365"", ""process"": ""all"", ""resource_instance_id"": ""1398563761166861218"", ""resource_project_id"": ""proyecto-2-cloud-509714"", ""resource_type"": ""gce_instance"", ""resource_zone"": ""us-central1-a"", ""vm"": ""mooc-web""}",19378176
2026-09-27T02:48:15.952206Z,"{""command"": ""systemd"", ""command_line"": ""/lib/systemd/systemd --user"", ""owner"": ""dialmupe"", ""pid"": ""5365"", ""process"": ""all"", ""resource_instance_id"": ""1398563761166861218"", ""resource_project_id"": ""proyecto-2-cloud-509714"", ""resource_type"": ""gce_instance"", ""resource_zone"": ""us-central1-a"", ""vm"": ""mooc-web""}",19378176
2026-09-27T02:47:45.941371Z,"{""command"": ""systemd"", ""command_line"": ""/lib/systemd/systemd --user"", ""owner"": ""dialmupe"", ""pid"": ""5365"", ""process"": ""all"", ""resource_instance_id"": ""1398563761166861218"", ""resource_project_id"": ""proyecto-2-cloud-509714"", ""resource_type"": ""gce_instance"", ""resource_zone"": ""us-central1-a"", ""vm"": ""mooc-web""}",19378176
2026-09-27T02:47:15.939595Z,"{""command"": ""systemd"", ""command_line"": ""/lib/systemd/systemd --user"", ""owner"": ""dialmupe"", ""pid"": ""5365"", ""process"": ""all"", ""resource_instance_id"": ""1398563761166861218"", ""resource_project_id"": ""proyecto-2-cloud-509714"", ""resource_type"": ""gce_instance"", ""resource_zone"": ""us-central1-a"", ""vm"": ""mooc-web""}",19378176
2026-09-27T02:46:45.942496Z,"{""command"": ""systemd"", ""command_line"": ""/lib/systemd/systemd --user"", ""owner"": ""dialmupe"", ""pid"": ""5365"", ""process"": ""all"", ""resource_instance_id"": ""1398563761166861218"", ""resource_project_id"": ""proyecto-2-cloud-509714"", ""resource_type"": ""gce_instance"", ""resource_zone"": ""us-central1-a"", ""vm"": ""mooc-web""}",19378176
2026-09-27T02:46:15.940405Z,"{""command"": ""systemd"", ""command_line"": ""/lib/systemd/systemd --user"", ""owner"": ""dialmupe"", ""pid"": ""5365"", ""process"": ""all"", ""resource_instance_id"": ""1398563761166861218"", ""resource_project_id"": ""proyecto-2-cloud-509714"", ""resource_type"": ""gce_instance"", ""resource_zone"": ""us-central1-a"", ""vm"": ""mooc-web""}",19378176
2026-09-27T02:45:45.947203Z,"{""command"": ""systemd"", ""command_line"": ""/lib/systemd/systemd --user"", ""owner"": ""dialmupe"", ""pid"": ""5365"", ""process"": ""all"", ""resource_instance_id"": ""1398563761166861218"", ""resource_project_id"": ""proyecto-2-cloud-509714"", ""resource_type"": ""gce_instance"", ""resource_zone"": ""us-central1-a"", ""vm"": ""mooc-web""}",19378176
2026-09-27T02:45:15.945222Z,"{""command"": ""systemd"", ""command_line"": ""/lib/systemd/systemd --user"", ""owner"": ""dialmupe"", ""pid"": ""5365"", ""process"": ""all"", ""resource_instance_id"": ""1398563761166861218"", ""resource_project_id"": ""proyecto-2-cloud-509714"", ""resource_type"": ""gce_instance"", ""resource_zone"": ""us-central1-a"", ""vm"": ""mooc-web""}",19378176
2026-09-27T02:44:45.942479Z,"{""command"": ""systemd"", ""command_line"": ""/lib/systemd/systemd --user"", ""owner"": ""dialmupe"", ""pid"": ""5365"", ""process"": ""all"", ""resource_instance_id"": ""1398563761166861218"", ""resource_project_id"": ""proyecto-2-cloud-509714"", ""resource_type"": ""gce_instance"", ""resource_zone"": ""us-central1-a"", ""vm"": ""mooc-web""}",19378176
2026-09-27T02:44:15.941527Z,"{""command"": ""systemd"", ""command_line"": ""/lib/systemd/systemd --user"", ""owner"": ""dialmupe"", ""pid"": ""5365"", ""process"": ""all"", ""resource_instance_id"": ""1398563761166861218"", ""resource_project_id"": ""proyecto-2-cloud-509714"", ""resource_type"": ""gce_instance"", ""resource_zone"": ""us-central1-a"", ""vm"": ""mooc-web""}",19378176
2026-09-27T02:43:45.940126Z,"{""command"": ""systemd"", ""command_line"": ""/lib/systemd/systemd --user"", ""owner"": ""dialmupe"", ""pid"": ""5365"", ""process"": ""all"", ""resource_instance_id"": ""1398563761166861218"", ""resource_project_id"": ""proyecto-2-cloud-509714"", ""resource_type"": ""gce_instance"", ""resource_zone"": ""us-central1-a"", ""vm"": ""mooc-web""}",19378176
2026-09-27T02:43:15.940444Z,"{""command"": ""systemd"", ""command_line"": ""/lib/systemd/systemd --user"", ""owner"": ""dialmupe"", ""pid"": ""5365"", ""process"": ""all"", ""resource_instance_id"": ""1398563761166861218"", ""resource_project_id"": ""proyecto-2-cloud-509714"", ""resource_type"": ""gce_instance"", ""resource_zone"": ""us-central1-a"", ""vm"": ""mooc-web""}",19378176
2026-09-27T02:42:45.948010Z,"{""command"": ""systemd"", ""command_line"": ""/lib/systemd/systemd --user"", ""owner"": ""dialmupe"", ""pid"": ""5365"", ""process"": ""all"", ""resource_instance_id"": ""1398563761166861218"", ""resource_project_id"": ""proyecto-2-cloud-509714"", ""resource_type"": ""gce_instance"", ""resource_zone"": ""us-central1-a"", ""vm"": ""mooc-web""}",19378176
2026-09-27T02:42:15.941281Z,"{""command"": ""systemd"", ""command_line"": ""/lib/systemd/systemd --user"", ""owner"": ""dialmupe"", ""pid"": ""5365"", ""process"": ""all"", ""resource_instance_id"": ""1398563761166861218"", ""resource_project_id"": ""proyecto-2-cloud-509714"", ""resource_type"": ""gce_instance"", ""resource_zone"": ""us-central1-a"", ""vm"": ""mooc-web""}",19378176
2026-09-27T02:41:45.942011Z,"{""command"": ""systemd"", ""command_line"": ""/lib/systemd/systemd --user"", ""owner"": ""dialmupe"", ""pid"": ""5365"", ""process"": ""all"", ""resource_instance_id"": ""1398563761166861218"", ""resource_project_id"": ""proyecto-2-cloud-509714"", ""resource_type"": ""gce_instance"", ""resource_zone"": ""us-central1-a"", ""vm"": ""mooc-web""}",19378176
2026-09-27T02:41:15.941900Z,"{""command"": ""systemd"", ""command_line"": ""/lib/systemd/systemd --user"", ""owner"": ""dialmupe"", ""pid"": ""5365"", ""process"": ""all"", ""resource_instance_id"": ""1398563761166861218"", ""resource_project_id"": ""proyecto-2-cloud-509714"", ""resource_type"": ""gce_instance"", ""resource_zone"": ""us-central1-a"", ""vm"": ""mooc-web""}",19378176
2026-09-27T02:40:45.942514Z,"{""command"": ""systemd"", ""command_line"": ""/lib/systemd/systemd --user"", ""owner"": ""dialmupe"", ""pid"": ""5365"", ""process"": ""all"", ""resource_instance_id"": ""1398563761166861218"", ""resource_project_id"": ""proyecto-2-cloud-509714"", ""resource_type"": ""gce_instance"", ""resource_zone"": ""us-central1-a"", ""vm"": ""mooc-web""}",19378176
2026-09-27T02:40:15.940736Z,"{""command"": ""systemd"", ""command_line"": ""/lib/systemd/systemd --user"", ""owner"": ""dialmupe"", ""pid"": ""5365"", ""process"": ""all"", ""resource_instance_id"": ""1398563761166861218"", ""resource_project_id"": ""proyecto-2-cloud-509714"", ""resource_type"": ""gce_instance"", ""resource_zone"": ""us-central1-a"", ""vm"": ""mooc-web""}",19378176
2026-09-27T02:39:45.942602Z,"{""command"": ""systemd"", ""command_line"": ""/lib/systemd/systemd --user"", ""owner"": ""dialmupe"", ""pid"": ""5365"", ""process"": ""all"", ""resource_instance_id"": ""1398563761166861218"", ""resource_project_id"": ""proyecto-2-cloud-509714"", ""resource_type"": ""gce_instance"", ""resource_zone"": ""us-central1-a"", ""vm"": ""mooc-web""}",19378176
2026-09-27T02:39:15.957738Z,"{""command"": ""systemd"", ""command_line"": ""/lib/systemd/systemd --user"", ""owner"": ""dialmupe"", ""pid"": ""5365"", ""process"": ""all"", ""resource_instance_id"": ""1398563761166861218"", ""resource_project_id"": ""proyecto-2-cloud-509714"", ""resource_type"": ""gce_instance"", ""resource_zone"": ""us-central1-a"", ""vm"": ""mooc-web""}",19378176
2026-09-27T02:49:45.939610Z,"{""command"": ""systemd"", ""command_line"": ""/sbin/init"", ""owner"": ""root"", ""pid"": ""1"", ""process"": ""all"", ""resource_instance_id"": ""1398563761166861218"", ""resource_project_id"": ""proyecto-2-cloud-509714"", ""resource_type"": ""gce_instance"", ""resource_zone"": ""us-central1-a"", ""vm"": ""mooc-web""}",172224512
2026-09-27T02:49:15.935471Z,"{""command"": ""systemd"", ""command_line"": ""/sbin/init"", ""owner"": ""root"", ""pid"": ""1"", ""process"": ""all"", ""resource_instance_id"": ""1398563761166861218"", ""resource_project_id"": ""proyecto-2-cloud-509714"", ""resource_type"": ""gce_instance"", ""resource_zone"": ""us-central1-a"", ""vm"": ""mooc-web""}",172224512
2026-09-27T02:48:45.935556Z,"{""command"": ""systemd"", ""command_line"": ""/sbin/init"", ""owner"": ""root"", ""pid"": ""1"", ""process"": ""all"", ""resource_instance_id"": ""1398563761166861218"", ""resource_project_id"": ""proyecto-2-cloud-509714"", ""resource_type"": ""gce_instance"", ""resource_zone"": ""us-central1-a"", ""vm"": ""mooc-web""}",172224512
2026-09-27T02:48:15.943572Z,"{""command"": ""systemd"", ""command_line"": ""/sbin/init"", ""owner"": ""root"", ""pid"": ""1"", ""process"": ""all"", ""resource_instance_id"": ""1398563761166861218"", ""resource_project_id"": ""proyecto-2-cloud-509714"", ""resource_type"": ""gce_instance"", ""resource_zone"": ""us-central1-a"", ""vm"": ""mooc-web""}",172224512
2026-09-27T02:47:45.935970Z,"{""command"": ""systemd"", ""command_line"": ""/sbin/init"", ""owner"": ""root"", ""pid"": ""1"", ""process"": ""all"", ""resource_instance_id"": ""1398563761166861218"", ""resource_project_id"": ""proyecto-2-cloud-509714"", ""resource_type"": ""gce_instance"", ""resource_zone"": ""us-central1-a"", ""vm"": ""mooc-web""}",172224512
2026-09-27T02:47:15.935671Z,"{""command"": ""systemd"", ""command_line"": ""/sbin/init"", ""owner"": ""root"", ""pid"": ""1"", ""process"": ""all"", ""resource_instance_id"": ""1398563761166861218"", ""resource_project_id"": ""proyecto-2-cloud-509714"", ""resource_type"": ""gce_instance"", ""resource_zone"": ""us-central1-a"", ""vm"": ""mooc-web""}",172224512
2026-09-27T02:46:45.938247Z,"{""command"": ""systemd"", ""command_line"": ""/sbin/init"", ""owner"": ""root"", ""pid"": ""1"", ""process"": ""all"", ""resource_instance_id"": ""1398563761166861218"", ""resource_project_id"": ""proyecto-2-cloud-509714"", ""resource_type"": ""gce_instance"", ""resource_zone"": ""us-central1-a"", ""vm"": ""mooc-web""}",172224512
2026-09-27T02:46:15.935324Z,"{""command"": ""systemd"", ""command_line"": ""/sbin/init"", ""owner"": ""root"", ""pid"": ""1"", ""process"": ""all"", ""resource_instance_id"": ""1398563761166861218"", ""resource_project_id"": ""proyecto-2-cloud-509714"", ""resource_type"": ""gce_instance"", ""resource_zone"": ""us-central1-a"", ""vm"": ""mooc-web""}",172224512
2026-09-27T02:45:45.940620Z,"{""command"": ""systemd"", ""command_line"": ""/sbin/init"", ""owner"": ""root"", ""pid"": ""1"", ""process"": ""all"", ""resource_instance_id"": ""1398563761166861218"", ""resource_project_id"": ""proyecto-2-cloud-509714"", ""resource_type"": ""gce_instance"", ""resource_zone"": ""us-central1-a"", ""vm"": ""mooc-web""}",172224512
2026-09-27T02:45:15.940697Z,"{""command"": ""systemd"", ""command_line"": ""/sbin/init"", ""owner"": ""root"", ""pid"": ""1"", ""process"": ""all"", ""resource_instance_id"": ""1398563761166861218"", ""resource_project_id"": ""proyecto-2-cloud-509714"", ""resource_type"": ""gce_instance"", ""resource_zone"": ""us-central1-a"", ""vm"": ""mooc-web""}",172224512
2026-09-27T02:44:45.936354Z,"{""command"": ""systemd"", ""command_line"": ""/sbin/init"", ""owner"": ""root"", ""pid"": ""1"", ""process"": ""all"", ""resource_instance_id"": ""1398563761166861218"", ""resource_project_id"": ""proyecto-2-cloud-509714"", ""resource_type"": ""gce_instance"", ""resource_zone"": ""us-central1-a"", ""vm"": ""mooc-web""}",172224512
2026-09-27T02:44:15.937412Z,"{""command"": ""systemd"", ""command_line"": ""/sbin/init"", ""owner"": ""root"", ""pid"": ""1"", ""process"": ""all"", ""resource_instance_id"": ""1398563761166861218"", ""resource_project_id"": ""proyecto-2-cloud-509714"", ""resource_type"": ""gce_instance"", ""resource_zone"": ""us-central1-a"", ""vm"": ""mooc-web""}",172224512
2026-09-27T02:43:45.935794Z,"{""command"": ""systemd"", ""command_line"": ""/sbin/init"", ""owner"": ""root"", ""pid"": ""1"", ""process"": ""all"", ""resource_instance_id"": ""1398563761166861218"", ""resource_project_id"": ""proyecto-2-cloud-509714"", ""resource_type"": ""gce_instance"", ""resource_zone"": ""us-central1-a"", ""vm"": ""mooc-web""}",172224512
2026-09-27T02:43:15.936018Z,"{""command"": ""systemd"", ""command_line"": ""/sbin/init"", ""owner"": ""root"", ""pid"": ""1"", ""process"": ""all"", ""resource_instance_id"": ""1398563761166861218"", ""resource_project_id"": ""proyecto-2-cloud-509714"", ""resource_type"": ""gce_instance"", ""resource_zone"": ""us-central1-a"", ""vm"": ""mooc-web""}",172224512
2026-09-27T02:42:45.943571Z,"{""command"": ""systemd"", ""command_line"": ""/sbin/init"", ""owner"": ""root"", ""pid"": ""1"", ""process"": ""all"", ""resource_instance_id"": ""1398563761166861218"", ""resource_project_id"": ""proyecto-2-cloud-509714"", ""resource_type"": ""gce_instance"", ""resource_zone"": ""us-central1-a"", ""vm"": ""mooc-web""}",172224512
2026-09-27T02:42:15.935925Z,"{""command"": ""systemd"", ""command_line"": ""/sbin/init"", ""owner"": ""root"", ""pid"": ""1"", ""process"": ""all"", ""resource_instance_id"": ""1398563761166861218"", ""resource_project_id"": ""proyecto-2-cloud-509714"", ""resource_type"": ""gce_instance"", ""resource_zone"": ""us-central1-a"", ""vm"": ""mooc-web""}",172224512
2026-09-27T02:41:45.937853Z,"{""command"": ""systemd"", ""command_line"": ""/sbin/init"", ""owner"": ""root"", ""pid"": ""1"", ""process"": ""all"", ""resource_instance_id"": ""1398563761166861218"", ""resource_project_id"": ""proyecto-2-cloud-509714"", ""resource_type"": ""gce_instance"", ""resource_zone"": ""us-central1-a"", ""vm"": ""mooc-web""}",172224512
2026-09-27T02:41:15.937599Z,"{""command"": ""systemd"", ""command_line"": ""/sbin/init"", ""owner"": ""root"", ""pid"": ""1"", ""process"": ""all"", ""resource_instance_id"": ""1398563761166861218"", ""resource_project_id"": ""proyecto-2-cloud-509714"", ""resource_type"": ""gce_instance"", ""resource_zone"": ""us-central1-a"", ""vm"": ""mooc-web""}",172224512
2026-09-27T02:40:45.938373Z,"{""command"": ""systemd"", ""command_line"": ""/sbin/init"", ""owner"": ""root"", ""pid"": ""1"", ""process"": ""all"", ""resource_instance_id"": ""1398563761166861218"", ""resource_project_id"": ""proyecto-2-cloud-509714"", ""resource_type"": ""gce_instance"", ""resource_zone"": ""us-central1-a"", ""vm"": ""mooc-web""}",172224512
2026-09-27T02:40:15.935999Z,"{""command"": ""systemd"", ""command_line"": ""/sbin/init"", ""owner"": ""root"", ""pid"": ""1"", ""process"": ""all"", ""resource_instance_id"": ""1398563761166861218"", ""resource_project_id"": ""proyecto-2-cloud-509714"", ""resource_type"": ""gce_instance"", ""resource_zone"": ""us-central1-a"", ""vm"": ""mooc-web""}",172224512
2026-09-27T02:39:45.936845Z,"{""command"": ""systemd"", ""command_line"": ""/sbin/init"", ""owner"": ""root"", ""pid"": ""1"", ""process"": ""all"", ""resource_instance_id"": ""1398563761166861218"", ""resource_project_id"": ""proyecto-2-cloud-509714"", ""resource_type"": ""gce_instance"", ""resource_zone"": ""us-central1-a"", ""vm"": ""mooc-web""}",172224512
2026-09-27T02:39:15.952033Z,"{""command"": ""systemd"", ""command_line"": ""/sbin/init"", ""owner"": ""root"", ""pid"": ""1"", ""process"": ""all"", ""resource_instance_id"": ""1398563761166861218"", ""resource_project_id"": ""proyecto-2-cloud-509714"", ""resource_type"": ""gce_instance"", ""resource_zone"": ""us-central1-a"", ""vm"": ""mooc-web""}",172224512
2026-09-27T02:49:45.943735Z,"{""command"": ""systemd-journald"", ""command_line"": ""/lib/systemd/systemd-journald"", ""owner"": ""root"", ""pid"": ""229"", ""process"": ""all"", ""resource_instance_id"": ""1398563761166861218"", ""resource_project_id"": ""proyecto-2-cloud-509714"", ""resource_type"": ""gce_instance"", ""resource_zone"": ""us-central1-a"", ""vm"": ""mooc-web""}",67940352
2026-09-27T02:49:15.938176Z,"{""command"": ""systemd-journald"", ""command_line"": ""/lib/systemd/systemd-journald"", ""owner"": ""root"", ""pid"": ""229"", ""process"": ""all"", ""resource_instance_id"": ""1398563761166861218"", ""resource_project_id"": ""proyecto-2-cloud-509714"", ""resource_type"": ""gce_instance"", ""resource_zone"": ""us-central1-a"", ""vm"": ""mooc-web""}",67940352
2026-09-27T02:48:45.938677Z,"{""command"": ""systemd-journald"", ""command_line"": ""/lib/systemd/systemd-journald"", ""owner"": ""root"", ""pid"": ""229"", ""process"": ""all"", ""resource_instance_id"": ""1398563761166861218"", ""resource_project_id"": ""proyecto-2-cloud-509714"", ""resource_type"": ""gce_instance"", ""resource_zone"": ""us-central1-a"", ""vm"": ""mooc-web""}",67940352
2026-09-27T02:48:15.950561Z,"{""command"": ""systemd-journald"", ""command_line"": ""/lib/systemd/systemd-journald"", ""owner"": ""root"", ""pid"": ""229"", ""process"": ""all"", ""resource_instance_id"": ""1398563761166861218"", ""resource_project_id"": ""proyecto-2-cloud-509714"", ""resource_type"": ""gce_instance"", ""resource_zone"": ""us-central1-a"", ""vm"": ""mooc-web""}",67940352
2026-09-27T02:47:45.939381Z,"{""command"": ""systemd-journald"", ""command_line"": ""/lib/systemd/systemd-journald"", ""owner"": ""root"", ""pid"": ""229"", ""process"": ""all"", ""resource_instance_id"": ""1398563761166861218"", ""resource_project_id"": ""proyecto-2-cloud-509714"", ""resource_type"": ""gce_instance"", ""resource_zone"": ""us-central1-a"", ""vm"": ""mooc-web""}",67940352
2026-09-27T02:47:15.938288Z,"{""command"": ""systemd-journald"", ""command_line"": ""/lib/systemd/systemd-journald"", ""owner"": ""root"", ""pid"": ""229"", ""process"": ""all"", ""resource_instance_id"": ""1398563761166861218"", ""resource_project_id"": ""proyecto-2-cloud-509714"", ""resource_type"": ""gce_instance"", ""resource_zone"": ""us-central1-a"", ""vm"": ""mooc-web""}",67940352
2026-09-27T02:46:45.941122Z,"{""command"": ""systemd-journald"", ""command_line"": ""/lib/systemd/systemd-journald"", ""owner"": ""root"", ""pid"": ""229"", ""process"": ""all"", ""resource_instance_id"": ""1398563761166861218"", ""resource_project_id"": ""proyecto-2-cloud-509714"", ""resource_type"": ""gce_instance"", ""resource_zone"": ""us-central1-a"", ""vm"": ""mooc-web""}",67940352
2026-09-27T02:46:15.938241Z,"{""command"": ""systemd-journald"", ""command_line"": ""/lib/systemd/systemd-journald"", ""owner"": ""root"", ""pid"": ""229"", ""process"": ""all"", ""resource_instance_id"": ""1398563761166861218"", ""resource_project_id"": ""proyecto-2-cloud-509714"", ""resource_type"": ""gce_instance"", ""resource_zone"": ""us-central1-a"", ""vm"": ""mooc-web""}",67940352
2026-09-27T02:45:45.945208Z,"{""command"": ""systemd-journald"", ""command_line"": ""/lib/systemd/systemd-journald"", ""owner"": ""root"", ""pid"": ""229"", ""process"": ""all"", ""resource_instance_id"": ""1398563761166861218"", ""resource_project_id"": ""proyecto-2-cloud-509714"", ""resource_type"": ""gce_instance"", ""resource_zone"": ""us-central1-a"", ""vm"": ""mooc-web""}",67940352
2026-09-27T02:45:15.943749Z,"{""command"": ""systemd-journald"", ""command_line"": ""/lib/systemd/systemd-journald"", ""owner"": ""root"", ""pid"": ""229"", ""process"": ""all"", ""resource_instance_id"": ""1398563761166861218"", ""resource_project_id"": ""proyecto-2-cloud-509714"", ""resource_type"": ""gce_instance"", ""resource_zone"": ""us-central1-a"", ""vm"": ""mooc-web""}",67940352
2026-09-27T02:44:45.940448Z,"{""command"": ""systemd-journald"", ""command_line"": ""/lib/systemd/systemd-journald"", ""owner"": ""root"", ""pid"": ""229"", ""process"": ""all"", ""resource_instance_id"": ""1398563761166861218"", ""resource_project_id"": ""proyecto-2-cloud-509714"", ""resource_type"": ""gce_instance"", ""resource_zone"": ""us-central1-a"", ""vm"": ""mooc-web""}",67940352
2026-09-27T02:44:15.940215Z,"{""command"": ""systemd-journald"", ""command_line"": ""/lib/systemd/systemd-journald"", ""owner"": ""root"", ""pid"": ""229"", ""process"": ""all"", ""resource_instance_id"": ""1398563761166861218"", ""resource_project_id"": ""proyecto-2-cloud-509714"", ""resource_type"": ""gce_instance"", ""resource_zone"": ""us-central1-a"", ""vm"": ""mooc-web""}",67940352
2026-09-27T02:43:45.938521Z,"{""command"": ""systemd-journald"", ""command_line"": ""/lib/systemd/systemd-journald"", ""owner"": ""root"", ""pid"": ""229"", ""process"": ""all"", ""resource_instance_id"": ""1398563761166861218"", ""resource_project_id"": ""proyecto-2-cloud-509714"", ""resource_type"": ""gce_instance"", ""resource_zone"": ""us-central1-a"", ""vm"": ""mooc-web""}",67940352
2026-09-27T02:43:15.938698Z,"{""command"": ""systemd-journald"", ""command_line"": ""/lib/systemd/systemd-journald"", ""owner"": ""root"", ""pid"": ""229"", ""process"": ""all"", ""resource_instance_id"": ""1398563761166861218"", ""resource_project_id"": ""proyecto-2-cloud-509714"", ""resource_type"": ""gce_instance"", ""resource_zone"": ""us-central1-a"", ""vm"": ""mooc-web""}",67940352
2026-09-27T02:42:45.946442Z,"{""command"": ""systemd-journald"", ""command_line"": ""/lib/systemd/systemd-journald"", ""owner"": ""root"", ""pid"": ""229"", ""process"": ""all"", ""resource_instance_id"": ""1398563761166861218"", ""resource_project_id"": ""proyecto-2-cloud-509714"", ""resource_type"": ""gce_instance"", ""resource_zone"": ""us-central1-a"", ""vm"": ""mooc-web""}",67940352
2026-09-27T02:42:15.939526Z,"{""command"": ""systemd-journald"", ""command_line"": ""/lib/systemd/systemd-journald"", ""owner"": ""root"", ""pid"": ""229"", ""process"": ""all"", ""resource_instance_id"": ""1398563761166861218"", ""resource_project_id"": ""proyecto-2-cloud-509714"", ""resource_type"": ""gce_instance"", ""resource_zone"": ""us-central1-a"", ""vm"": ""mooc-web""}",67940352
2026-09-27T02:41:45.940686Z,"{""command"": ""systemd-journald"", ""command_line"": ""/lib/systemd/systemd-journald"", ""owner"": ""root"", ""pid"": ""229"", ""process"": ""all"", ""resource_instance_id"": ""1398563761166861218"", ""resource_project_id"": ""proyecto-2-cloud-509714"", ""resource_type"": ""gce_instance"", ""resource_zone"": ""us-central1-a"", ""vm"": ""mooc-web""}",67940352
2026-09-27T02:41:15.940517Z,"{""command"": ""systemd-journald"", ""command_line"": ""/lib/systemd/systemd-journald"", ""owner"": ""root"", ""pid"": ""229"", ""process"": ""all"", ""resource_instance_id"": ""1398563761166861218"", ""resource_project_id"": ""proyecto-2-cloud-509714"", ""resource_type"": ""gce_instance"", ""resource_zone"": ""us-central1-a"", ""vm"": ""mooc-web""}",67940352
2026-09-27T02:40:45.941170Z,"{""command"": ""systemd-journald"", ""command_line"": ""/lib/systemd/systemd-journald"", ""owner"": ""root"", ""pid"": ""229"", ""process"": ""all"", ""resource_instance_id"": ""1398563761166861218"", ""resource_project_id"": ""proyecto-2-cloud-509714"", ""resource_type"": ""gce_instance"", ""resource_zone"": ""us-central1-a"", ""vm"": ""mooc-web""}",67940352
2026-09-27T02:40:15.939423Z,"{""command"": ""systemd-journald"", ""command_line"": ""/lib/systemd/systemd-journald"", ""owner"": ""root"", ""pid"": ""229"", ""process"": ""all"", ""resource_instance_id"": ""1398563761166861218"", ""resource_project_id"": ""proyecto-2-cloud-509714"", ""resource_type"": ""gce_instance"", ""resource_zone"": ""us-central1-a"", ""vm"": ""mooc-web""}",67940352
2026-09-27T02:39:45.940651Z,"{""command"": ""systemd-journald"", ""command_line"": ""/lib/systemd/systemd-journald"", ""owner"": ""root"", ""pid"": ""229"", ""process"": ""all"", ""resource_instance_id"": ""1398563761166861218"", ""resource_project_id"": ""proyecto-2-cloud-509714"", ""resource_type"": ""gce_instance"", ""resource_zone"": ""us-central1-a"", ""vm"": ""mooc-web""}",67940352
2026-09-27T02:39:15.955734Z,"{""command"": ""systemd-journald"", ""command_line"": ""/lib/systemd/systemd-journald"", ""owner"": ""root"", ""pid"": ""229"", ""process"": ""all"", ""resource_instance_id"": ""1398563761166861218"", ""resource_project_id"": ""proyecto-2-cloud-509714"", ""resource_type"": ""gce_instance"", ""resource_zone"": ""us-central1-a"", ""vm"": ""mooc-web""}",67940352
2026-09-27T02:49:45.944346Z,"{""command"": ""systemd-logind"", ""command_line"": ""/lib/systemd/systemd-logind"", ""owner"": ""root"", ""pid"": ""400"", ""process"": ""all"", ""resource_instance_id"": ""1398563761166861218"", ""resource_project_id"": ""proyecto-2-cloud-509714"", ""resource_type"": ""gce_instance"", ""resource_zone"": ""us-central1-a"", ""vm"": ""mooc-web""}",17297408
2026-09-27T02:49:15.938710Z,"{""command"": ""systemd-logind"", ""command_line"": ""/lib/systemd/systemd-logind"", ""owner"": ""root"", ""pid"": ""400"", ""process"": ""all"", ""resource_instance_id"": ""1398563761166861218"", ""resource_project_id"": ""proyecto-2-cloud-509714"", ""resource_type"": ""gce_instance"", ""resource_zone"": ""us-central1-a"", ""vm"": ""mooc-web""}",17297408
2026-09-27T02:48:45.939477Z,"{""command"": ""systemd-logind"", ""command_line"": ""/lib/systemd/systemd-logind"", ""owner"": ""root"", ""pid"": ""400"", ""process"": ""all"", ""resource_instance_id"": ""1398563761166861218"", ""resource_project_id"": ""proyecto-2-cloud-509714"", ""resource_type"": ""gce_instance"", ""resource_zone"": ""us-central1-a"", ""vm"": ""mooc-web""}",17297408
2026-09-27T02:48:15.951398Z,"{""command"": ""systemd-logind"", ""command_line"": ""/lib/systemd/systemd-logind"", ""owner"": ""root"", ""pid"": ""400"", ""process"": ""all"", ""resource_instance_id"": ""1398563761166861218"", ""resource_project_id"": ""proyecto-2-cloud-509714"", ""resource_type"": ""gce_instance"", ""resource_zone"": ""us-central1-a"", ""vm"": ""mooc-web""}",17297408
2026-09-27T02:47:45.940281Z,"{""command"": ""systemd-logind"", ""command_line"": ""/lib/systemd/systemd-logind"", ""owner"": ""root"", ""pid"": ""400"", ""process"": ""all"", ""resource_instance_id"": ""1398563761166861218"", ""resource_project_id"": ""proyecto-2-cloud-509714"", ""resource_type"": ""gce_instance"", ""resource_zone"": ""us-central1-a"", ""vm"": ""mooc-web""}",17297408
2026-09-27T02:47:15.938829Z,"{""command"": ""systemd-logind"", ""command_line"": ""/lib/systemd/systemd-logind"", ""owner"": ""root"", ""pid"": ""400"", ""process"": ""all"", ""resource_instance_id"": ""1398563761166861218"", ""resource_project_id"": ""proyecto-2-cloud-509714"", ""resource_type"": ""gce_instance"", ""resource_zone"": ""us-central1-a"", ""vm"": ""mooc-web""}",17297408
2026-09-27T02:46:45.941687Z,"{""command"": ""systemd-logind"", ""command_line"": ""/lib/systemd/systemd-logind"", ""owner"": ""root"", ""pid"": ""400"", ""process"": ""all"", ""resource_instance_id"": ""1398563761166861218"", ""resource_project_id"": ""proyecto-2-cloud-509714"", ""resource_type"": ""gce_instance"", ""resource_zone"": ""us-central1-a"", ""vm"": ""mooc-web""}",17297408
2026-09-27T02:46:15.939374Z,"{""command"": ""systemd-logind"", ""command_line"": ""/lib/systemd/systemd-logind"", ""owner"": ""root"", ""pid"": ""400"", ""process"": ""all"", ""resource_instance_id"": ""1398563761166861218"", ""resource_project_id"": ""proyecto-2-cloud-509714"", ""resource_type"": ""gce_instance"", ""resource_zone"": ""us-central1-a"", ""vm"": ""mooc-web""}",17297408
2026-09-27T02:45:45.946081Z,"{""command"": ""systemd-logind"", ""command_line"": ""/lib/systemd/systemd-logind"", ""owner"": ""root"", ""pid"": ""400"", ""process"": ""all"", ""resource_instance_id"": ""1398563761166861218"", ""resource_project_id"": ""proyecto-2-cloud-509714"", ""resource_type"": ""gce_instance"", ""resource_zone"": ""us-central1-a"", ""vm"": ""mooc-web""}",17297408
2026-09-27T02:45:15.944433Z,"{""command"": ""systemd-logind"", ""command_line"": ""/lib/systemd/systemd-logind"", ""owner"": ""root"", ""pid"": ""400"", ""process"": ""all"", ""resource_instance_id"": ""1398563761166861218"", ""resource_project_id"": ""proyecto-2-cloud-509714"", ""resource_type"": ""gce_instance"", ""resource_zone"": ""us-central1-a"", ""vm"": ""mooc-web""}",17297408
2026-09-27T02:44:45.941314Z,"{""command"": ""systemd-logind"", ""command_line"": ""/lib/systemd/systemd-logind"", ""owner"": ""root"", ""pid"": ""400"", ""process"": ""all"", ""resource_instance_id"": ""1398563761166861218"", ""resource_project_id"": ""proyecto-2-cloud-509714"", ""resource_type"": ""gce_instance"", ""resource_zone"": ""us-central1-a"", ""vm"": ""mooc-web""}",17297408
2026-09-27T02:44:15.940749Z,"{""command"": ""systemd-logind"", ""command_line"": ""/lib/systemd/systemd-logind"", ""owner"": ""root"", ""pid"": ""400"", ""process"": ""all"", ""resource_instance_id"": ""1398563761166861218"", ""resource_project_id"": ""proyecto-2-cloud-509714"", ""resource_type"": ""gce_instance"", ""resource_zone"": ""us-central1-a"", ""vm"": ""mooc-web""}",17297408
2026-09-27T02:43:45.939310Z,"{""command"": ""systemd-logind"", ""command_line"": ""/lib/systemd/systemd-logind"", ""owner"": ""root"", ""pid"": ""400"", ""process"": ""all"", ""resource_instance_id"": ""1398563761166861218"", ""resource_project_id"": ""proyecto-2-cloud-509714"", ""resource_type"": ""gce_instance"", ""resource_zone"": ""us-central1-a"", ""vm"": ""mooc-web""}",17297408
2026-09-27T02:43:15.939628Z,"{""command"": ""systemd-logind"", ""command_line"": ""/lib/systemd/systemd-logind"", ""owner"": ""root"", ""pid"": ""400"", ""process"": ""all"", ""resource_instance_id"": ""1398563761166861218"", ""resource_project_id"": ""proyecto-2-cloud-509714"", ""resource_type"": ""gce_instance"", ""resource_zone"": ""us-central1-a"", ""vm"": ""mooc-web""}",17297408
2026-09-27T02:42:45.947170Z,"{""command"": ""systemd-logind"", ""command_line"": ""/lib/systemd/systemd-logind"", ""owner"": ""root"", ""pid"": ""400"", ""process"": ""all"", ""resource_instance_id"": ""1398563761166861218"", ""resource_project_id"": ""proyecto-2-cloud-509714"", ""resource_type"": ""gce_instance"", ""resource_zone"": ""us-central1-a"", ""vm"": ""mooc-web""}",17297408
2026-09-27T02:42:15.940150Z,"{""command"": ""systemd-logind"", ""command_line"": ""/lib/systemd/systemd-logind"", ""owner"": ""root"", ""pid"": ""400"", ""process"": ""all"", ""resource_instance_id"": ""1398563761166861218"", ""resource_project_id"": ""proyecto-2-cloud-509714"", ""resource_type"": ""gce_instance"", ""resource_zone"": ""us-central1-a"", ""vm"": ""mooc-web""}",17297408
2026-09-27T02:41:45.941226Z,"{""command"": ""systemd-logind"", ""command_line"": ""/lib/systemd/systemd-logind"", ""owner"": ""root"", ""pid"": ""400"", ""process"": ""all"", ""resource_instance_id"": ""1398563761166861218"", ""resource_project_id"": ""proyecto-2-cloud-509714"", ""resource_type"": ""gce_instance"", ""resource_zone"": ""us-central1-a"", ""vm"": ""mooc-web""}",17297408
2026-09-27T02:41:15.941129Z,"{""command"": ""systemd-logind"", ""command_line"": ""/lib/systemd/systemd-logind"", ""owner"": ""root"", ""pid"": ""400"", ""process"": ""all"", ""resource_instance_id"": ""1398563761166861218"", ""resource_project_id"": ""proyecto-2-cloud-509714"", ""resource_type"": ""gce_instance"", ""resource_zone"": ""us-central1-a"", ""vm"": ""mooc-web""}",17297408
2026-09-27T02:40:45.941712Z,"{""command"": ""systemd-logind"", ""command_line"": ""/lib/systemd/systemd-logind"", ""owner"": ""root"", ""pid"": ""400"", ""process"": ""all"", ""resource_instance_id"": ""1398563761166861218"", ""resource_project_id"": ""proyecto-2-cloud-509714"", ""resource_type"": ""gce_instance"", ""resource_zone"": ""us-central1-a"", ""vm"": ""mooc-web""}",17297408
2026-09-27T02:40:15.939965Z,"{""command"": ""systemd-logind"", ""command_line"": ""/lib/systemd/systemd-logind"", ""owner"": ""root"", ""pid"": ""400"", ""process"": ""all"", ""resource_instance_id"": ""1398563761166861218"", ""resource_project_id"": ""proyecto-2-cloud-509714"", ""resource_type"": ""gce_instance"", ""resource_zone"": ""us-central1-a"", ""vm"": ""mooc-web""}",17297408
2026-09-27T02:39:45.941469Z,"{""command"": ""systemd-logind"", ""command_line"": ""/lib/systemd/systemd-logind"", ""owner"": ""root"", ""pid"": ""400"", ""process"": ""all"", ""resource_instance_id"": ""1398563761166861218"", ""resource_project_id"": ""proyecto-2-cloud-509714"", ""resource_type"": ""gce_instance"", ""resource_zone"": ""us-central1-a"", ""vm"": ""mooc-web""}",17297408
2026-09-27T02:39:15.956490Z,"{""command"": ""systemd-logind"", ""command_line"": ""/lib/systemd/systemd-logind"", ""owner"": ""root"", ""pid"": ""400"", ""process"": ""all"", ""resource_instance_id"": ""1398563761166861218"", ""resource_project_id"": ""proyecto-2-cloud-509714"", ""resource_type"": ""gce_instance"", ""resource_zone"": ""us-central1-a"", ""vm"": ""mooc-web""}",17297408
2026-09-27T02:49:45.943887Z,"{""command"": ""systemd-networkd"", ""command_line"": ""/lib/systemd/systemd-networkd"", ""owner"": ""systemd-network"", ""pid"": ""265"", ""process"": ""all"", ""resource_instance_id"": ""1398563761166861218"", ""resource_project_id"": ""proyecto-2-cloud-509714"", ""resource_type"": ""gce_instance"", ""resource_zone"": ""us-central1-a"", ""vm"": ""mooc-web""}",19050496
2026-09-27T02:49:15.938284Z,"{""command"": ""systemd-networkd"", ""command_line"": ""/lib/systemd/systemd-networkd"", ""owner"": ""systemd-network"", ""pid"": ""265"", ""process"": ""all"", ""resource_instance_id"": ""1398563761166861218"", ""resource_project_id"": ""proyecto-2-cloud-509714"", ""resource_type"": ""gce_instance"", ""resource_zone"": ""us-central1-a"", ""vm"": ""mooc-web""}",19050496
2026-09-27T02:48:45.938797Z,"{""command"": ""systemd-networkd"", ""command_line"": ""/lib/systemd/systemd-networkd"", ""owner"": ""systemd-network"", ""pid"": ""265"", ""process"": ""all"", ""resource_instance_id"": ""1398563761166861218"", ""resource_project_id"": ""proyecto-2-cloud-509714"", ""resource_type"": ""gce_instance"", ""resource_zone"": ""us-central1-a"", ""vm"": ""mooc-web""}",19050496
2026-09-27T02:48:15.950705Z,"{""command"": ""systemd-networkd"", ""command_line"": ""/lib/systemd/systemd-networkd"", ""owner"": ""systemd-network"", ""pid"": ""265"", ""process"": ""all"", ""resource_instance_id"": ""1398563761166861218"", ""resource_project_id"": ""proyecto-2-cloud-509714"", ""resource_type"": ""gce_instance"", ""resource_zone"": ""us-central1-a"", ""vm"": ""mooc-web""}",19050496
2026-09-27T02:47:45.939547Z,"{""command"": ""systemd-networkd"", ""command_line"": ""/lib/systemd/systemd-networkd"", ""owner"": ""systemd-network"", ""pid"": ""265"", ""process"": ""all"", ""resource_instance_id"": ""1398563761166861218"", ""resource_project_id"": ""proyecto-2-cloud-509714"", ""resource_type"": ""gce_instance"", ""resource_zone"": ""us-central1-a"", ""vm"": ""mooc-web""}",19050496
2026-09-27T02:47:15.938395Z,"{""command"": ""systemd-networkd"", ""command_line"": ""/lib/systemd/systemd-networkd"", ""owner"": ""systemd-network"", ""pid"": ""265"", ""process"": ""all"", ""resource_instance_id"": ""1398563761166861218"", ""resource_project_id"": ""proyecto-2-cloud-509714"", ""resource_type"": ""gce_instance"", ""resource_zone"": ""us-central1-a"", ""vm"": ""mooc-web""}",19050496
2026-09-27T02:46:45.941249Z,"{""command"": ""systemd-networkd"", ""command_line"": ""/lib/systemd/systemd-networkd"", ""owner"": ""systemd-network"", ""pid"": ""265"", ""process"": ""all"", ""resource_instance_id"": ""1398563761166861218"", ""resource_project_id"": ""proyecto-2-cloud-509714"", ""resource_type"": ""gce_instance"", ""resource_zone"": ""us-central1-a"", ""vm"": ""mooc-web""}",19050496
2026-09-27T02:46:15.938401Z,"{""command"": ""systemd-networkd"", ""command_line"": ""/lib/systemd/systemd-networkd"", ""owner"": ""systemd-network"", ""pid"": ""265"", ""process"": ""all"", ""resource_instance_id"": ""1398563761166861218"", ""resource_project_id"": ""proyecto-2-cloud-509714"", ""resource_type"": ""gce_instance"", ""resource_zone"": ""us-central1-a"", ""vm"": ""mooc-web""}",19050496
2026-09-27T02:45:45.945351Z,"{""command"": ""systemd-networkd"", ""command_line"": ""/lib/systemd/systemd-networkd"", ""owner"": ""systemd-network"", ""pid"": ""265"", ""process"": ""all"", ""resource_instance_id"": ""1398563761166861218"", ""resource_project_id"": ""proyecto-2-cloud-509714"", ""resource_type"": ""gce_instance"", ""resource_zone"": ""us-central1-a"", ""vm"": ""mooc-web""}",19050496
2026-09-27T02:45:15.943886Z,"{""command"": ""systemd-networkd"", ""command_line"": ""/lib/systemd/systemd-networkd"", ""owner"": ""systemd-network"", ""pid"": ""265"", ""process"": ""all"", ""resource_instance_id"": ""1398563761166861218"", ""resource_project_id"": ""proyecto-2-cloud-509714"", ""resource_type"": ""gce_instance"", ""resource_zone"": ""us-central1-a"", ""vm"": ""mooc-web""}",19050496
2026-09-27T02:44:45.940628Z,"{""command"": ""systemd-networkd"", ""command_line"": ""/lib/systemd/systemd-networkd"", ""owner"": ""systemd-network"", ""pid"": ""265"", ""process"": ""all"", ""resource_instance_id"": ""1398563761166861218"", ""resource_project_id"": ""proyecto-2-cloud-509714"", ""resource_type"": ""gce_instance"", ""resource_zone"": ""us-central1-a"", ""vm"": ""mooc-web""}",19050496
2026-09-27T02:44:15.940327Z,"{""command"": ""systemd-networkd"", ""command_line"": ""/lib/systemd/systemd-networkd"", ""owner"": ""systemd-network"", ""pid"": ""265"", ""process"": ""all"", ""resource_instance_id"": ""1398563761166861218"", ""resource_project_id"": ""proyecto-2-cloud-509714"", ""resource_type"": ""gce_instance"", ""resource_zone"": ""us-central1-a"", ""vm"": ""mooc-web""}",19050496
2026-09-27T02:43:45.938621Z,"{""command"": ""systemd-networkd"", ""command_line"": ""/lib/systemd/systemd-networkd"", ""owner"": ""systemd-network"", ""pid"": ""265"", ""process"": ""all"", ""resource_instance_id"": ""1398563761166861218"", ""resource_project_id"": ""proyecto-2-cloud-509714"", ""resource_type"": ""gce_instance"", ""resource_zone"": ""us-central1-a"", ""vm"": ""mooc-web""}",19050496
2026-09-27T02:43:15.938813Z,"{""command"": ""systemd-networkd"", ""command_line"": ""/lib/systemd/systemd-networkd"", ""owner"": ""systemd-network"", ""pid"": ""265"", ""process"": ""all"", ""resource_instance_id"": ""1398563761166861218"", ""resource_project_id"": ""proyecto-2-cloud-509714"", ""resource_type"": ""gce_instance"", ""resource_zone"": ""us-central1-a"", ""vm"": ""mooc-web""}",19050496
2026-09-27T02:42:45.946565Z,"{""command"": ""systemd-networkd"", ""command_line"": ""/lib/systemd/systemd-networkd"", ""owner"": ""systemd-network"", ""pid"": ""265"", ""process"": ""all"", ""resource_instance_id"": ""1398563761166861218"", ""resource_project_id"": ""proyecto-2-cloud-509714"", ""resource_type"": ""gce_instance"", ""resource_zone"": ""us-central1-a"", ""vm"": ""mooc-web""}",19050496
2026-09-27T02:42:15.939636Z,"{""command"": ""systemd-networkd"", ""command_line"": ""/lib/systemd/systemd-networkd"", ""owner"": ""systemd-network"", ""pid"": ""265"", ""process"": ""all"", ""resource_instance_id"": ""1398563761166861218"", ""resource_project_id"": ""proyecto-2-cloud-509714"", ""resource_type"": ""gce_instance"", ""resource_zone"": ""us-central1-a"", ""vm"": ""mooc-web""}",19050496
2026-09-27T02:41:45.940792Z,"{""command"": ""systemd-networkd"", ""command_line"": ""/lib/systemd/systemd-networkd"", ""owner"": ""systemd-network"", ""pid"": ""265"", ""process"": ""all"", ""resource_instance_id"": ""1398563761166861218"", ""resource_project_id"": ""proyecto-2-cloud-509714"", ""resource_type"": ""gce_instance"", ""resource_zone"": ""us-central1-a"", ""vm"": ""mooc-web""}",19050496
2026-09-27T02:41:15.940628Z,"{""command"": ""systemd-networkd"", ""command_line"": ""/lib/systemd/systemd-networkd"", ""owner"": ""systemd-network"", ""pid"": ""265"", ""process"": ""all"", ""resource_instance_id"": ""1398563761166861218"", ""resource_project_id"": ""proyecto-2-cloud-509714"", ""resource_type"": ""gce_instance"", ""resource_zone"": ""us-central1-a"", ""vm"": ""mooc-web""}",19050496
2026-09-27T02:40:45.941291Z,"{""command"": ""systemd-networkd"", ""command_line"": ""/lib/systemd/systemd-networkd"", ""owner"": ""systemd-network"", ""pid"": ""265"", ""process"": ""all"", ""resource_instance_id"": ""1398563761166861218"", ""resource_project_id"": ""proyecto-2-cloud-509714"", ""resource_type"": ""gce_instance"", ""resource_zone"": ""us-central1-a"", ""vm"": ""mooc-web""}",19050496
2026-09-27T02:40:15.939529Z,"{""command"": ""systemd-networkd"", ""command_line"": ""/lib/systemd/systemd-networkd"", ""owner"": ""systemd-network"", ""pid"": ""265"", ""process"": ""all"", ""resource_instance_id"": ""1398563761166861218"", ""resource_project_id"": ""proyecto-2-cloud-509714"", ""resource_type"": ""gce_instance"", ""resource_zone"": ""us-central1-a"", ""vm"": ""mooc-web""}",19050496
2026-09-27T02:39:45.940831Z,"{""command"": ""systemd-networkd"", ""command_line"": ""/lib/systemd/systemd-networkd"", ""owner"": ""systemd-network"", ""pid"": ""265"", ""process"": ""all"", ""resource_instance_id"": ""1398563761166861218"", ""resource_project_id"": ""proyecto-2-cloud-509714"", ""resource_type"": ""gce_instance"", ""resource_zone"": ""us-central1-a"", ""vm"": ""mooc-web""}",19050496
2026-09-27T02:39:15.955973Z,"{""command"": ""systemd-networkd"", ""command_line"": ""/lib/systemd/systemd-networkd"", ""owner"": ""systemd-network"", ""pid"": ""265"", ""process"": ""all"", ""resource_instance_id"": ""1398563761166861218"", ""resource_project_id"": ""proyecto-2-cloud-509714"", ""resource_type"": ""gce_instance"", ""resource_zone"": ""us-central1-a"", ""vm"": ""mooc-web""}",19050496
2026-09-27T02:49:45.943993Z,"{""command"": ""systemd-resolved"", ""command_line"": ""/lib/systemd/systemd-resolved"", ""owner"": ""systemd-resolve"", ""pid"": ""380"", ""process"": ""all"", ""resource_instance_id"": ""1398563761166861218"", ""resource_project_id"": ""proyecto-2-cloud-509714"", ""resource_type"": ""gce_instance"", ""resource_zone"": ""us-central1-a"", ""vm"": ""mooc-web""}",21241856
2026-09-27T02:49:15.938391Z,"{""command"": ""systemd-resolved"", ""command_line"": ""/lib/systemd/systemd-resolved"", ""owner"": ""systemd-resolve"", ""pid"": ""380"", ""process"": ""all"", ""resource_instance_id"": ""1398563761166861218"", ""resource_project_id"": ""proyecto-2-cloud-509714"", ""resource_type"": ""gce_instance"", ""resource_zone"": ""us-central1-a"", ""vm"": ""mooc-web""}",21241856
2026-09-27T02:48:45.939113Z,"{""command"": ""systemd-resolved"", ""command_line"": ""/lib/systemd/systemd-resolved"", ""owner"": ""systemd-resolve"", ""pid"": ""380"", ""process"": ""all"", ""resource_instance_id"": ""1398563761166861218"", ""resource_project_id"": ""proyecto-2-cloud-509714"", ""resource_type"": ""gce_instance"", ""resource_zone"": ""us-central1-a"", ""vm"": ""mooc-web""}",21241856
2026-09-27T02:48:15.950884Z,"{""command"": ""systemd-resolved"", ""command_line"": ""/lib/systemd/systemd-resolved"", ""owner"": ""systemd-resolve"", ""pid"": ""380"", ""process"": ""all"", ""resource_instance_id"": ""1398563761166861218"", ""resource_project_id"": ""proyecto-2-cloud-509714"", ""resource_type"": ""gce_instance"", ""resource_zone"": ""us-central1-a"", ""vm"": ""mooc-web""}",21241856
2026-09-27T02:47:45.939708Z,"{""command"": ""systemd-resolved"", ""command_line"": ""/lib/systemd/systemd-resolved"", ""owner"": ""systemd-resolve"", ""pid"": ""380"", ""process"": ""all"", ""resource_instance_id"": ""1398563761166861218"", ""resource_project_id"": ""proyecto-2-cloud-509714"", ""resource_type"": ""gce_instance"", ""resource_zone"": ""us-central1-a"", ""vm"": ""mooc-web""}",21241856
2026-09-27T02:47:15.938511Z,"{""command"": ""systemd-resolved"", ""command_line"": ""/lib/systemd/systemd-resolved"", ""owner"": ""systemd-resolve"", ""pid"": ""380"", ""process"": ""all"", ""resource_instance_id"": ""1398563761166861218"", ""resource_project_id"": ""proyecto-2-cloud-509714"", ""resource_type"": ""gce_instance"", ""resource_zone"": ""us-central1-a"", ""vm"": ""mooc-web""}",21241856
2026-09-27T02:46:45.941359Z,"{""command"": ""systemd-resolved"", ""command_line"": ""/lib/systemd/systemd-resolved"", ""owner"": ""systemd-resolve"", ""pid"": ""380"", ""process"": ""all"", ""resource_instance_id"": ""1398563761166861218"", ""resource_project_id"": ""proyecto-2-cloud-509714"", ""resource_type"": ""gce_instance"", ""resource_zone"": ""us-central1-a"", ""vm"": ""mooc-web""}",21241856
2026-09-27T02:46:15.938559Z,"{""command"": ""systemd-resolved"", ""command_line"": ""/lib/systemd/systemd-resolved"", ""owner"": ""systemd-resolve"", ""pid"": ""380"", ""process"": ""all"", ""resource_instance_id"": ""1398563761166861218"", ""resource_project_id"": ""proyecto-2-cloud-509714"", ""resource_type"": ""gce_instance"", ""resource_zone"": ""us-central1-a"", ""vm"": ""mooc-web""}",21241856
2026-09-27T02:45:45.945567Z,"{""command"": ""systemd-resolved"", ""command_line"": ""/lib/systemd/systemd-resolved"", ""owner"": ""systemd-resolve"", ""pid"": ""380"", ""process"": ""all"", ""resource_instance_id"": ""1398563761166861218"", ""resource_project_id"": ""proyecto-2-cloud-509714"", ""resource_type"": ""gce_instance"", ""resource_zone"": ""us-central1-a"", ""vm"": ""mooc-web""}",21241856
2026-09-27T02:45:15.944005Z,"{""command"": ""systemd-resolved"", ""command_line"": ""/lib/systemd/systemd-resolved"", ""owner"": ""systemd-resolve"", ""pid"": ""380"", ""process"": ""all"", ""resource_instance_id"": ""1398563761166861218"", ""resource_project_id"": ""proyecto-2-cloud-509714"", ""resource_type"": ""gce_instance"", ""resource_zone"": ""us-central1-a"", ""vm"": ""mooc-web""}",21241856
2026-09-27T02:44:45.940806Z,"{""command"": ""systemd-resolved"", ""command_line"": ""/lib/systemd/systemd-resolved"", ""owner"": ""systemd-resolve"", ""pid"": ""380"", ""process"": ""all"", ""resource_instance_id"": ""1398563761166861218"", ""resource_project_id"": ""proyecto-2-cloud-509714"", ""resource_type"": ""gce_instance"", ""resource_zone"": ""us-central1-a"", ""vm"": ""mooc-web""}",21241856
2026-09-27T02:44:15.940427Z,"{""command"": ""systemd-resolved"", ""command_line"": ""/lib/systemd/systemd-resolved"", ""owner"": ""systemd-resolve"", ""pid"": ""380"", ""process"": ""all"", ""resource_instance_id"": ""1398563761166861218"", ""resource_project_id"": ""proyecto-2-cloud-509714"", ""resource_type"": ""gce_instance"", ""resource_zone"": ""us-central1-a"", ""vm"": ""mooc-web""}",21241856
2026-09-27T02:43:45.938719Z,"{""command"": ""systemd-resolved"", ""command_line"": ""/lib/systemd/systemd-resolved"", ""owner"": ""systemd-resolve"", ""pid"": ""380"", ""process"": ""all"", ""resource_instance_id"": ""1398563761166861218"", ""resource_project_id"": ""proyecto-2-cloud-509714"", ""resource_type"": ""gce_instance"", ""resource_zone"": ""us-central1-a"", ""vm"": ""mooc-web""}",21241856
2026-09-27T02:43:15.938926Z,"{""command"": ""systemd-resolved"", ""command_line"": ""/lib/systemd/systemd-resolved"", ""owner"": ""systemd-resolve"", ""pid"": ""380"", ""process"": ""all"", ""resource_instance_id"": ""1398563761166861218"", ""resource_project_id"": ""proyecto-2-cloud-509714"", ""resource_type"": ""gce_instance"", ""resource_zone"": ""us-central1-a"", ""vm"": ""mooc-web""}",21241856
2026-09-27T02:42:45.946677Z,"{""command"": ""systemd-resolved"", ""command_line"": ""/lib/systemd/systemd-resolved"", ""owner"": ""systemd-resolve"", ""pid"": ""380"", ""process"": ""all"", ""resource_instance_id"": ""1398563761166861218"", ""resource_project_id"": ""proyecto-2-cloud-509714"", ""resource_type"": ""gce_instance"", ""resource_zone"": ""us-central1-a"", ""vm"": ""mooc-web""}",21241856
2026-09-27T02:42:15.939753Z,"{""command"": ""systemd-resolved"", ""command_line"": ""/lib/systemd/systemd-resolved"", ""owner"": ""systemd-resolve"", ""pid"": ""380"", ""process"": ""all"", ""resource_instance_id"": ""1398563761166861218"", ""resource_project_id"": ""proyecto-2-cloud-509714"", ""resource_type"": ""gce_instance"", ""resource_zone"": ""us-central1-a"", ""vm"": ""mooc-web""}",21241856
2026-09-27T02:41:45.940896Z,"{""command"": ""systemd-resolved"", ""command_line"": ""/lib/systemd/systemd-resolved"", ""owner"": ""systemd-resolve"", ""pid"": ""380"", ""process"": ""all"", ""resource_instance_id"": ""1398563761166861218"", ""resource_project_id"": ""proyecto-2-cloud-509714"", ""resource_type"": ""gce_instance"", ""resource_zone"": ""us-central1-a"", ""vm"": ""mooc-web""}",21241856
2026-09-27T02:41:15.940731Z,"{""command"": ""systemd-resolved"", ""command_line"": ""/lib/systemd/systemd-resolved"", ""owner"": ""systemd-resolve"", ""pid"": ""380"", ""process"": ""all"", ""resource_instance_id"": ""1398563761166861218"", ""resource_project_id"": ""proyecto-2-cloud-509714"", ""resource_type"": ""gce_instance"", ""resource_zone"": ""us-central1-a"", ""vm"": ""mooc-web""}",21241856
2026-09-27T02:40:45.941397Z,"{""command"": ""systemd-resolved"", ""command_line"": ""/lib/systemd/systemd-resolved"", ""owner"": ""systemd-resolve"", ""pid"": ""380"", ""process"": ""all"", ""resource_instance_id"": ""1398563761166861218"", ""resource_project_id"": ""proyecto-2-cloud-509714"", ""resource_type"": ""gce_instance"", ""resource_zone"": ""us-central1-a"", ""vm"": ""mooc-web""}",21241856
2026-09-27T02:40:15.939644Z,"{""command"": ""systemd-resolved"", ""command_line"": ""/lib/systemd/systemd-resolved"", ""owner"": ""systemd-resolve"", ""pid"": ""380"", ""process"": ""all"", ""resource_instance_id"": ""1398563761166861218"", ""resource_project_id"": ""proyecto-2-cloud-509714"", ""resource_type"": ""gce_instance"", ""resource_zone"": ""us-central1-a"", ""vm"": ""mooc-web""}",21241856
2026-09-27T02:39:45.940986Z,"{""command"": ""systemd-resolved"", ""command_line"": ""/lib/systemd/systemd-resolved"", ""owner"": ""systemd-resolve"", ""pid"": ""380"", ""process"": ""all"", ""resource_instance_id"": ""1398563761166861218"", ""resource_project_id"": ""proyecto-2-cloud-509714"", ""resource_type"": ""gce_instance"", ""resource_zone"": ""us-central1-a"", ""vm"": ""mooc-web""}",21241856
2026-09-27T02:39:15.956128Z,"{""command"": ""systemd-resolved"", ""command_line"": ""/lib/systemd/systemd-resolved"", ""owner"": ""systemd-resolve"", ""pid"": ""380"", ""process"": ""all"", ""resource_instance_id"": ""1398563761166861218"", ""resource_project_id"": ""proyecto-2-cloud-509714"", ""resource_type"": ""gce_instance"", ""resource_zone"": ""us-central1-a"", ""vm"": ""mooc-web""}",21241856
2026-09-27T02:49:45.944070Z,"{""command"": ""systemd-timesyncd"", ""command_line"": ""/lib/systemd/systemd-timesyncd"", ""owner"": ""systemd-timesync"", ""pid"": ""381"", ""process"": ""all"", ""resource_instance_id"": ""1398563761166861218"", ""resource_project_id"": ""proyecto-2-cloud-509714"", ""resource_type"": ""gce_instance"", ""resource_zone"": ""us-central1-a"", ""vm"": ""mooc-web""}",92266496
2026-09-27T02:49:15.938445Z,"{""command"": ""systemd-timesyncd"", ""command_line"": ""/lib/systemd/systemd-timesyncd"", ""owner"": ""systemd-timesync"", ""pid"": ""381"", ""process"": ""all"", ""resource_instance_id"": ""1398563761166861218"", ""resource_project_id"": ""proyecto-2-cloud-509714"", ""resource_type"": ""gce_instance"", ""resource_zone"": ""us-central1-a"", ""vm"": ""mooc-web""}",92266496
2026-09-27T02:48:45.939185Z,"{""command"": ""systemd-timesyncd"", ""command_line"": ""/lib/systemd/systemd-timesyncd"", ""owner"": ""systemd-timesync"", ""pid"": ""381"", ""process"": ""all"", ""resource_instance_id"": ""1398563761166861218"", ""resource_project_id"": ""proyecto-2-cloud-509714"", ""resource_type"": ""gce_instance"", ""resource_zone"": ""us-central1-a"", ""vm"": ""mooc-web""}",92266496
2026-09-27T02:48:15.950983Z,"{""command"": ""systemd-timesyncd"", ""command_line"": ""/lib/systemd/systemd-timesyncd"", ""owner"": ""systemd-timesync"", ""pid"": ""381"", ""process"": ""all"", ""resource_instance_id"": ""1398563761166861218"", ""resource_project_id"": ""proyecto-2-cloud-509714"", ""resource_type"": ""gce_instance"", ""resource_zone"": ""us-central1-a"", ""vm"": ""mooc-web""}",92266496
2026-09-27T02:47:45.939790Z,"{""command"": ""systemd-timesyncd"", ""command_line"": ""/lib/systemd/systemd-timesyncd"", ""owner"": ""systemd-timesync"", ""pid"": ""381"", ""process"": ""all"", ""resource_instance_id"": ""1398563761166861218"", ""resource_project_id"": ""proyecto-2-cloud-509714"", ""resource_type"": ""gce_instance"", ""resource_zone"": ""us-central1-a"", ""vm"": ""mooc-web""}",92266496
2026-09-27T02:47:15.938568Z,"{""command"": ""systemd-timesyncd"", ""command_line"": ""/lib/systemd/systemd-timesyncd"", ""owner"": ""systemd-timesync"", ""pid"": ""381"", ""process"": ""all"", ""resource_instance_id"": ""1398563761166861218"", ""resource_project_id"": ""proyecto-2-cloud-509714"", ""resource_type"": ""gce_instance"", ""resource_zone"": ""us-central1-a"", ""vm"": ""mooc-web""}",92266496
2026-09-27T02:46:45.941413Z,"{""command"": ""systemd-timesyncd"", ""command_line"": ""/lib/systemd/systemd-timesyncd"", ""owner"": ""systemd-timesync"", ""pid"": ""381"", ""process"": ""all"", ""resource_instance_id"": ""1398563761166861218"", ""resource_project_id"": ""proyecto-2-cloud-509714"", ""resource_type"": ""gce_instance"", ""resource_zone"": ""us-central1-a"", ""vm"": ""mooc-web""}",92266496
2026-09-27T02:46:15.938636Z,"{""command"": ""systemd-timesyncd"", ""command_line"": ""/lib/systemd/systemd-timesyncd"", ""owner"": ""systemd-timesync"", ""pid"": ""381"", ""process"": ""all"", ""resource_instance_id"": ""1398563761166861218"", ""resource_project_id"": ""proyecto-2-cloud-509714"", ""resource_type"": ""gce_instance"", ""resource_zone"": ""us-central1-a"", ""vm"": ""mooc-web""}",92266496
2026-09-27T02:45:45.945625Z,"{""command"": ""systemd-timesyncd"", ""command_line"": ""/lib/systemd/systemd-timesyncd"", ""owner"": ""systemd-timesync"", ""pid"": ""381"", ""process"": ""all"", ""resource_instance_id"": ""1398563761166861218"", ""resource_project_id"": ""proyecto-2-cloud-509714"", ""resource_type"": ""gce_instance"", ""resource_zone"": ""us-central1-a"", ""vm"": ""mooc-web""}",92266496
2026-09-27T02:45:15.944058Z,"{""command"": ""systemd-timesyncd"", ""command_line"": ""/lib/systemd/systemd-timesyncd"", ""owner"": ""systemd-timesync"", ""pid"": ""381"", ""process"": ""all"", ""resource_instance_id"": ""1398563761166861218"", ""resource_project_id"": ""proyecto-2-cloud-509714"", ""resource_type"": ""gce_instance"", ""resource_zone"": ""us-central1-a"", ""vm"": ""mooc-web""}",92266496
2026-09-27T02:44:45.940888Z,"{""command"": ""systemd-timesyncd"", ""command_line"": ""/lib/systemd/systemd-timesyncd"", ""owner"": ""systemd-timesync"", ""pid"": ""381"", ""process"": ""all"", ""resource_instance_id"": ""1398563761166861218"", ""resource_project_id"": ""proyecto-2-cloud-509714"", ""resource_type"": ""gce_instance"", ""resource_zone"": ""us-central1-a"", ""vm"": ""mooc-web""}",92266496
2026-09-27T02:44:15.940489Z,"{""command"": ""systemd-timesyncd"", ""command_line"": ""/lib/systemd/systemd-timesyncd"", ""owner"": ""systemd-timesync"", ""pid"": ""381"", ""process"": ""all"", ""resource_instance_id"": ""1398563761166861218"", ""resource_project_id"": ""proyecto-2-cloud-509714"", ""resource_type"": ""gce_instance"", ""resource_zone"": ""us-central1-a"", ""vm"": ""mooc-web""}",92266496
2026-09-27T02:43:45.938773Z,"{""command"": ""systemd-timesyncd"", ""command_line"": ""/lib/systemd/systemd-timesyncd"", ""owner"": ""systemd-timesync"", ""pid"": ""381"", ""process"": ""all"", ""resource_instance_id"": ""1398563761166861218"", ""resource_project_id"": ""proyecto-2-cloud-509714"", ""resource_type"": ""gce_instance"", ""resource_zone"": ""us-central1-a"", ""vm"": ""mooc-web""}",92266496
2026-09-27T02:43:15.939342Z,"{""command"": ""systemd-timesyncd"", ""command_line"": ""/lib/systemd/systemd-timesyncd"", ""owner"": ""systemd-timesync"", ""pid"": ""381"", ""process"": ""all"", ""resource_instance_id"": ""1398563761166861218"", ""resource_project_id"": ""proyecto-2-cloud-509714"", ""resource_type"": ""gce_instance"", ""resource_zone"": ""us-central1-a"", ""vm"": ""mooc-web""}",92266496
2026-09-27T02:42:45.946730Z,"{""command"": ""systemd-timesyncd"", ""command_line"": ""/lib/systemd/systemd-timesyncd"", ""owner"": ""systemd-timesync"", ""pid"": ""381"", ""process"": ""all"", ""resource_instance_id"": ""1398563761166861218"", ""resource_project_id"": ""proyecto-2-cloud-509714"", ""resource_type"": ""gce_instance"", ""resource_zone"": ""us-central1-a"", ""vm"": ""mooc-web""}",92266496
2026-09-27T02:42:15.939810Z,"{""command"": ""systemd-timesyncd"", ""command_line"": ""/lib/systemd/systemd-timesyncd"", ""owner"": ""systemd-timesync"", ""pid"": ""381"", ""process"": ""all"", ""resource_instance_id"": ""1398563761166861218"", ""resource_project_id"": ""proyecto-2-cloud-509714"", ""resource_type"": ""gce_instance"", ""resource_zone"": ""us-central1-a"", ""vm"": ""mooc-web""}",92266496
2026-09-27T02:41:45.940958Z,"{""command"": ""systemd-timesyncd"", ""command_line"": ""/lib/systemd/systemd-timesyncd"", ""owner"": ""systemd-timesync"", ""pid"": ""381"", ""process"": ""all"", ""resource_instance_id"": ""1398563761166861218"", ""resource_project_id"": ""proyecto-2-cloud-509714"", ""resource_type"": ""gce_instance"", ""resource_zone"": ""us-central1-a"", ""vm"": ""mooc-web""}",92266496
2026-09-27T02:41:15.940782Z,"{""command"": ""systemd-timesyncd"", ""command_line"": ""/lib/systemd/systemd-timesyncd"", ""owner"": ""systemd-timesync"", ""pid"": ""381"", ""process"": ""all"", ""resource_instance_id"": ""1398563761166861218"", ""resource_project_id"": ""proyecto-2-cloud-509714"", ""resource_type"": ""gce_instance"", ""resource_zone"": ""us-central1-a"", ""vm"": ""mooc-web""}",92266496
2026-09-27T02:40:45.941450Z,"{""command"": ""systemd-timesyncd"", ""command_line"": ""/lib/systemd/systemd-timesyncd"", ""owner"": ""systemd-timesync"", ""pid"": ""381"", ""process"": ""all"", ""resource_instance_id"": ""1398563761166861218"", ""resource_project_id"": ""proyecto-2-cloud-509714"", ""resource_type"": ""gce_instance"", ""resource_zone"": ""us-central1-a"", ""vm"": ""mooc-web""}",92266496
2026-09-27T02:40:15.939696Z,"{""command"": ""systemd-timesyncd"", ""command_line"": ""/lib/systemd/systemd-timesyncd"", ""owner"": ""systemd-timesync"", ""pid"": ""381"", ""process"": ""all"", ""resource_instance_id"": ""1398563761166861218"", ""resource_project_id"": ""proyecto-2-cloud-509714"", ""resource_type"": ""gce_instance"", ""resource_zone"": ""us-central1-a"", ""vm"": ""mooc-web""}",92266496
2026-09-27T02:39:45.941060Z,"{""command"": ""systemd-timesyncd"", ""command_line"": ""/lib/systemd/systemd-timesyncd"", ""owner"": ""systemd-timesync"", ""pid"": ""381"", ""process"": ""all"", ""resource_instance_id"": ""1398563761166861218"", ""resource_project_id"": ""proyecto-2-cloud-509714"", ""resource_type"": ""gce_instance"", ""resource_zone"": ""us-central1-a"", ""vm"": ""mooc-web""}",92266496
2026-09-27T02:39:15.956203Z,"{""command"": ""systemd-timesyncd"", ""command_line"": ""/lib/systemd/systemd-timesyncd"", ""owner"": ""systemd-timesync"", ""pid"": ""381"", ""process"": ""all"", ""resource_instance_id"": ""1398563761166861218"", ""resource_project_id"": ""proyecto-2-cloud-509714"", ""resource_type"": ""gce_instance"", ""resource_zone"": ""us-central1-a"", ""vm"": ""mooc-web""}",92266496
2026-09-27T02:49:45.943822Z,"{""command"": ""systemd-udevd"", ""command_line"": ""/lib/systemd/systemd-udevd"", ""owner"": ""root"", ""pid"": ""253"", ""process"": ""all"", ""resource_instance_id"": ""1398563761166861218"", ""resource_project_id"": ""proyecto-2-cloud-509714"", ""resource_type"": ""gce_instance"", ""resource_zone"": ""us-central1-a"", ""vm"": ""mooc-web""}",25088000
2026-09-27T02:49:15.938231Z,"{""command"": ""systemd-udevd"", ""command_line"": ""/lib/systemd/systemd-udevd"", ""owner"": ""root"", ""pid"": ""253"", ""process"": ""all"", ""resource_instance_id"": ""1398563761166861218"", ""resource_project_id"": ""proyecto-2-cloud-509714"", ""resource_type"": ""gce_instance"", ""resource_zone"": ""us-central1-a"", ""vm"": ""mooc-web""}",25088000
2026-09-27T02:48:45.938734Z,"{""command"": ""systemd-udevd"", ""command_line"": ""/lib/systemd/systemd-udevd"", ""owner"": ""root"", ""pid"": ""253"", ""process"": ""all"", ""resource_instance_id"": ""1398563761166861218"", ""resource_project_id"": ""proyecto-2-cloud-509714"", ""resource_type"": ""gce_instance"", ""resource_zone"": ""us-central1-a"", ""vm"": ""mooc-web""}",25088000
2026-09-27T02:48:15.950634Z,"{""command"": ""systemd-udevd"", ""command_line"": ""/lib/systemd/systemd-udevd"", ""owner"": ""root"", ""pid"": ""253"", ""process"": ""all"", ""resource_instance_id"": ""1398563761166861218"", ""resource_project_id"": ""proyecto-2-cloud-509714"", ""resource_type"": ""gce_instance"", ""resource_zone"": ""us-central1-a"", ""vm"": ""mooc-web""}",25088000
2026-09-27T02:47:45.939463Z,"{""command"": ""systemd-udevd"", ""command_line"": ""/lib/systemd/systemd-udevd"", ""owner"": ""root"", ""pid"": ""253"", ""process"": ""all"", ""resource_instance_id"": ""1398563761166861218"", ""resource_project_id"": ""proyecto-2-cloud-509714"", ""resource_type"": ""gce_instance"", ""resource_zone"": ""us-central1-a"", ""vm"": ""mooc-web""}",25088000
2026-09-27T02:47:15.938341Z,"{""command"": ""systemd-udevd"", ""command_line"": ""/lib/systemd/systemd-udevd"", ""owner"": ""root"", ""pid"": ""253"", ""process"": ""all"", ""resource_instance_id"": ""1398563761166861218"", ""resource_project_id"": ""proyecto-2-cloud-509714"", ""resource_type"": ""gce_instance"", ""resource_zone"": ""us-central1-a"", ""vm"": ""mooc-web""}",25088000
2026-09-27T02:46:45.941177Z,"{""command"": ""systemd-udevd"", ""command_line"": ""/lib/systemd/systemd-udevd"", ""owner"": ""root"", ""pid"": ""253"", ""process"": ""all"", ""resource_instance_id"": ""1398563761166861218"", ""resource_project_id"": ""proyecto-2-cloud-509714"", ""resource_type"": ""gce_instance"", ""resource_zone"": ""us-central1-a"", ""vm"": ""mooc-web""}",25088000
2026-09-27T02:46:15.938323Z,"{""command"": ""systemd-udevd"", ""command_line"": ""/lib/systemd/systemd-udevd"", ""owner"": ""root"", ""pid"": ""253"", ""process"": ""all"", ""resource_instance_id"": ""1398563761166861218"", ""resource_project_id"": ""proyecto-2-cloud-509714"", ""resource_type"": ""gce_instance"", ""resource_zone"": ""us-central1-a"", ""vm"": ""mooc-web""}",25088000
2026-09-27T02:45:45.945294Z,"{""command"": ""systemd-udevd"", ""command_line"": ""/lib/systemd/systemd-udevd"", ""owner"": ""root"", ""pid"": ""253"", ""process"": ""all"", ""resource_instance_id"": ""1398563761166861218"", ""resource_project_id"": ""proyecto-2-cloud-509714"", ""resource_type"": ""gce_instance"", ""resource_zone"": ""us-central1-a"", ""vm"": ""mooc-web""}",25088000
2026-09-27T02:45:15.943802Z,"{""command"": ""systemd-udevd"", ""command_line"": ""/lib/systemd/systemd-udevd"", ""owner"": ""root"", ""pid"": ""253"", ""process"": ""all"", ""resource_instance_id"": ""1398563761166861218"", ""resource_project_id"": ""proyecto-2-cloud-509714"", ""resource_type"": ""gce_instance"", ""resource_zone"": ""us-central1-a"", ""vm"": ""mooc-web""}",25088000
2026-09-27T02:44:45.940532Z,"{""command"": ""systemd-udevd"", ""command_line"": ""/lib/systemd/systemd-udevd"", ""owner"": ""root"", ""pid"": ""253"", ""process"": ""all"", ""resource_instance_id"": ""1398563761166861218"", ""resource_project_id"": ""proyecto-2-cloud-509714"", ""resource_type"": ""gce_instance"", ""resource_zone"": ""us-central1-a"", ""vm"": ""mooc-web""}",25088000
2026-09-27T02:44:15.940277Z,"{""command"": ""systemd-udevd"", ""command_line"": ""/lib/systemd/systemd-udevd"", ""owner"": ""root"", ""pid"": ""253"", ""process"": ""all"", ""resource_instance_id"": ""1398563761166861218"", ""resource_project_id"": ""proyecto-2-cloud-509714"", ""resource_type"": ""gce_instance"", ""resource_zone"": ""us-central1-a"", ""vm"": ""mooc-web""}",25088000
2026-09-27T02:43:45.938572Z,"{""command"": ""systemd-udevd"", ""command_line"": ""/lib/systemd/systemd-udevd"", ""owner"": ""root"", ""pid"": ""253"", ""process"": ""all"", ""resource_instance_id"": ""1398563761166861218"", ""resource_project_id"": ""proyecto-2-cloud-509714"", ""resource_type"": ""gce_instance"", ""resource_zone"": ""us-central1-a"", ""vm"": ""mooc-web""}",25088000
2026-09-27T02:43:15.938750Z,"{""command"": ""systemd-udevd"", ""command_line"": ""/lib/systemd/systemd-udevd"", ""owner"": ""root"", ""pid"": ""253"", ""process"": ""all"", ""resource_instance_id"": ""1398563761166861218"", ""resource_project_id"": ""proyecto-2-cloud-509714"", ""resource_type"": ""gce_instance"", ""resource_zone"": ""us-central1-a"", ""vm"": ""mooc-web""}",25088000
2026-09-27T02:42:45.946503Z,"{""command"": ""systemd-udevd"", ""command_line"": ""/lib/systemd/systemd-udevd"", ""owner"": ""root"", ""pid"": ""253"", ""process"": ""all"", ""resource_instance_id"": ""1398563761166861218"", ""resource_project_id"": ""proyecto-2-cloud-509714"", ""resource_type"": ""gce_instance"", ""resource_zone"": ""us-central1-a"", ""vm"": ""mooc-web""}",25088000
2026-09-27T02:42:15.939579Z,"{""command"": ""systemd-udevd"", ""command_line"": ""/lib/systemd/systemd-udevd"", ""owner"": ""root"", ""pid"": ""253"", ""process"": ""all"", ""resource_instance_id"": ""1398563761166861218"", ""resource_project_id"": ""proyecto-2-cloud-509714"", ""resource_type"": ""gce_instance"", ""resource_zone"": ""us-central1-a"", ""vm"": ""mooc-web""}",25088000
2026-09-27T02:41:45.940739Z,"{""command"": ""systemd-udevd"", ""command_line"": ""/lib/systemd/systemd-udevd"", ""owner"": ""root"", ""pid"": ""253"", ""process"": ""all"", ""resource_instance_id"": ""1398563761166861218"", ""resource_project_id"": ""proyecto-2-cloud-509714"", ""resource_type"": ""gce_instance"", ""resource_zone"": ""us-central1-a"", ""vm"": ""mooc-web""}",25088000
2026-09-27T02:41:15.940570Z,"{""command"": ""systemd-udevd"", ""command_line"": ""/lib/systemd/systemd-udevd"", ""owner"": ""root"", ""pid"": ""253"", ""process"": ""all"", ""resource_instance_id"": ""1398563761166861218"", ""resource_project_id"": ""proyecto-2-cloud-509714"", ""resource_type"": ""gce_instance"", ""resource_zone"": ""us-central1-a"", ""vm"": ""mooc-web""}",25088000
2026-09-27T02:40:45.941223Z,"{""command"": ""systemd-udevd"", ""command_line"": ""/lib/systemd/systemd-udevd"", ""owner"": ""root"", ""pid"": ""253"", ""process"": ""all"", ""resource_instance_id"": ""1398563761166861218"", ""resource_project_id"": ""proyecto-2-cloud-509714"", ""resource_type"": ""gce_instance"", ""resource_zone"": ""us-central1-a"", ""vm"": ""mooc-web""}",25088000
2026-09-27T02:40:15.939477Z,"{""command"": ""systemd-udevd"", ""command_line"": ""/lib/systemd/systemd-udevd"", ""owner"": ""root"", ""pid"": ""253"", ""process"": ""all"", ""resource_instance_id"": ""1398563761166861218"", ""resource_project_id"": ""proyecto-2-cloud-509714"", ""resource_type"": ""gce_instance"", ""resource_zone"": ""us-central1-a"", ""vm"": ""mooc-web""}",25088000
2026-09-27T02:39:45.940752Z,"{""command"": ""systemd-udevd"", ""command_line"": ""/lib/systemd/systemd-udevd"", ""owner"": ""root"", ""pid"": ""253"", ""process"": ""all"", ""resource_instance_id"": ""1398563761166861218"", ""resource_project_id"": ""proyecto-2-cloud-509714"", ""resource_type"": ""gce_instance"", ""resource_zone"": ""us-central1-a"", ""vm"": ""mooc-web""}",25088000
2026-09-27T02:39:15.955831Z,"{""command"": ""systemd-udevd"", ""command_line"": ""/lib/systemd/systemd-udevd"", ""owner"": ""root"", ""pid"": ""253"", ""process"": ""all"", ""resource_instance_id"": ""1398563761166861218"", ""resource_project_id"": ""proyecto-2-cloud-509714"", ""resource_type"": ""gce_instance"", ""resource_zone"": ""us-central1-a"", ""vm"": ""mooc-web""}",25088000
2026-09-27T02:39:45.943884Z,"{""command"": ""tail"", ""command_line"": ""tail -f /var/log/mooc-startup.log"", ""owner"": ""root"", ""pid"": ""6852"", ""process"": ""all"", ""resource_instance_id"": ""1398563761166861218"", ""resource_project_id"": ""proyecto-2-cloud-509714"", ""resource_type"": ""gce_instance"", ""resource_zone"": ""us-central1-a"", ""vm"": ""mooc-web""}",3014656
2026-09-27T02:39:15.959060Z,"{""command"": ""tail"", ""command_line"": ""tail -f /var/log/mooc-startup.log"", ""owner"": ""root"", ""pid"": ""6852"", ""process"": ""all"", ""resource_instance_id"": ""1398563761166861218"", ""resource_project_id"": ""proyecto-2-cloud-509714"", ""resource_type"": ""gce_instance"", ""resource_zone"": ""us-central1-a"", ""vm"": ""mooc-web""}",3014656
2026-09-27T02:49:45.942037Z,"{""command"": ""tpm_dev_wq"", ""command_line"": """", ""owner"": ""root"", ""pid"": ""40"", ""process"": ""all"", ""resource_instance_id"": ""1398563761166861218"", ""resource_project_id"": ""proyecto-2-cloud-509714"", ""resource_type"": ""gce_instance"", ""resource_zone"": ""us-central1-a"", ""vm"": ""mooc-web""}",0
2026-09-27T02:49:15.937145Z,"{""command"": ""tpm_dev_wq"", ""command_line"": """", ""owner"": ""root"", ""pid"": ""40"", ""process"": ""all"", ""resource_instance_id"": ""1398563761166861218"", ""resource_project_id"": ""proyecto-2-cloud-509714"", ""resource_type"": ""gce_instance"", ""resource_zone"": ""us-central1-a"", ""vm"": ""mooc-web""}",0
2026-09-27T02:48:45.937246Z,"{""command"": ""tpm_dev_wq"", ""command_line"": """", ""owner"": ""root"", ""pid"": ""40"", ""process"": ""all"", ""resource_instance_id"": ""1398563761166861218"", ""resource_project_id"": ""proyecto-2-cloud-509714"", ""resource_type"": ""gce_instance"", ""resource_zone"": ""us-central1-a"", ""vm"": ""mooc-web""}",0
2026-09-27T02:48:15.947689Z,"{""command"": ""tpm_dev_wq"", ""command_line"": """", ""owner"": ""root"", ""pid"": ""40"", ""process"": ""all"", ""resource_instance_id"": ""1398563761166861218"", ""resource_project_id"": ""proyecto-2-cloud-509714"", ""resource_type"": ""gce_instance"", ""resource_zone"": ""us-central1-a"", ""vm"": ""mooc-web""}",0
2026-09-27T02:47:45.937781Z,"{""command"": ""tpm_dev_wq"", ""command_line"": """", ""owner"": ""root"", ""pid"": ""40"", ""process"": ""all"", ""resource_instance_id"": ""1398563761166861218"", ""resource_project_id"": ""proyecto-2-cloud-509714"", ""resource_type"": ""gce_instance"", ""resource_zone"": ""us-central1-a"", ""vm"": ""mooc-web""}",0
2026-09-27T02:47:15.937315Z,"{""command"": ""tpm_dev_wq"", ""command_line"": """", ""owner"": ""root"", ""pid"": ""40"", ""process"": ""all"", ""resource_instance_id"": ""1398563761166861218"", ""resource_project_id"": ""proyecto-2-cloud-509714"", ""resource_type"": ""gce_instance"", ""resource_zone"": ""us-central1-a"", ""vm"": ""mooc-web""}",0
2026-09-27T02:46:45.940019Z,"{""command"": ""tpm_dev_wq"", ""command_line"": """", ""owner"": ""root"", ""pid"": ""40"", ""process"": ""all"", ""resource_instance_id"": ""1398563761166861218"", ""resource_project_id"": ""proyecto-2-cloud-509714"", ""resource_type"": ""gce_instance"", ""resource_zone"": ""us-central1-a"", ""vm"": ""mooc-web""}",0
2026-09-27T02:46:15.936954Z,"{""command"": ""tpm_dev_wq"", ""command_line"": """", ""owner"": ""root"", ""pid"": ""40"", ""process"": ""all"", ""resource_instance_id"": ""1398563761166861218"", ""resource_project_id"": ""proyecto-2-cloud-509714"", ""resource_type"": ""gce_instance"", ""resource_zone"": ""us-central1-a"", ""vm"": ""mooc-web""}",0
2026-09-27T02:45:45.943671Z,"{""command"": ""tpm_dev_wq"", ""command_line"": """", ""owner"": ""root"", ""pid"": ""40"", ""process"": ""all"", ""resource_instance_id"": ""1398563761166861218"", ""resource_project_id"": ""proyecto-2-cloud-509714"", ""resource_type"": ""gce_instance"", ""resource_zone"": ""us-central1-a"", ""vm"": ""mooc-web""}",0
2026-09-27T02:45:15.942526Z,"{""command"": ""tpm_dev_wq"", ""command_line"": """", ""owner"": ""root"", ""pid"": ""40"", ""process"": ""all"", ""resource_instance_id"": ""1398563761166861218"", ""resource_project_id"": ""proyecto-2-cloud-509714"", ""resource_type"": ""gce_instance"", ""resource_zone"": ""us-central1-a"", ""vm"": ""mooc-web""}",0
2026-09-27T02:44:45.938672Z,"{""command"": ""tpm_dev_wq"", ""command_line"": """", ""owner"": ""root"", ""pid"": ""40"", ""process"": ""all"", ""resource_instance_id"": ""1398563761166861218"", ""resource_project_id"": ""proyecto-2-cloud-509714"", ""resource_type"": ""gce_instance"", ""resource_zone"": ""us-central1-a"", ""vm"": ""mooc-web""}",0
2026-09-27T02:44:15.939209Z,"{""command"": ""tpm_dev_wq"", ""command_line"": """", ""owner"": ""root"", ""pid"": ""40"", ""process"": ""all"", ""resource_instance_id"": ""1398563761166861218"", ""resource_project_id"": ""proyecto-2-cloud-509714"", ""resource_type"": ""gce_instance"", ""resource_zone"": ""us-central1-a"", ""vm"": ""mooc-web""}",0
2026-09-27T02:43:45.937471Z,"{""command"": ""tpm_dev_wq"", ""command_line"": """", ""owner"": ""root"", ""pid"": ""40"", ""process"": ""all"", ""resource_instance_id"": ""1398563761166861218"", ""resource_project_id"": ""proyecto-2-cloud-509714"", ""resource_type"": ""gce_instance"", ""resource_zone"": ""us-central1-a"", ""vm"": ""mooc-web""}",0
2026-09-27T02:43:15.937729Z,"{""command"": ""tpm_dev_wq"", ""command_line"": """", ""owner"": ""root"", ""pid"": ""40"", ""process"": ""all"", ""resource_instance_id"": ""1398563761166861218"", ""resource_project_id"": ""proyecto-2-cloud-509714"", ""resource_type"": ""gce_instance"", ""resource_zone"": ""us-central1-a"", ""vm"": ""mooc-web""}",0
2026-09-27T02:42:45.945315Z,"{""command"": ""tpm_dev_wq"", ""command_line"": """", ""owner"": ""root"", ""pid"": ""40"", ""process"": ""all"", ""resource_instance_id"": ""1398563761166861218"", ""resource_project_id"": ""proyecto-2-cloud-509714"", ""resource_type"": ""gce_instance"", ""resource_zone"": ""us-central1-a"", ""vm"": ""mooc-web""}",0
2026-09-27T02:42:15.937884Z,"{""command"": ""tpm_dev_wq"", ""command_line"": """", ""owner"": ""root"", ""pid"": ""40"", ""process"": ""all"", ""resource_instance_id"": ""1398563761166861218"", ""resource_project_id"": ""proyecto-2-cloud-509714"", ""resource_type"": ""gce_instance"", ""resource_zone"": ""us-central1-a"", ""vm"": ""mooc-web""}",0
2026-09-27T02:41:45.939667Z,"{""command"": ""tpm_dev_wq"", ""command_line"": """", ""owner"": ""root"", ""pid"": ""40"", ""process"": ""all"", ""resource_instance_id"": ""1398563761166861218"", ""resource_project_id"": ""proyecto-2-cloud-509714"", ""resource_type"": ""gce_instance"", ""resource_zone"": ""us-central1-a"", ""vm"": ""mooc-web""}",0
2026-09-27T02:41:15.939493Z,"{""command"": ""tpm_dev_wq"", ""command_line"": """", ""owner"": ""root"", ""pid"": ""40"", ""process"": ""all"", ""resource_instance_id"": ""1398563761166861218"", ""resource_project_id"": ""proyecto-2-cloud-509714"", ""resource_type"": ""gce_instance"", ""resource_zone"": ""us-central1-a"", ""vm"": ""mooc-web""}",0
2026-09-27T02:40:45.940221Z,"{""command"": ""tpm_dev_wq"", ""command_line"": """", ""owner"": ""root"", ""pid"": ""40"", ""process"": ""all"", ""resource_instance_id"": ""1398563761166861218"", ""resource_project_id"": ""proyecto-2-cloud-509714"", ""resource_type"": ""gce_instance"", ""resource_zone"": ""us-central1-a"", ""vm"": ""mooc-web""}",0
2026-09-27T02:40:15.937849Z,"{""command"": ""tpm_dev_wq"", ""command_line"": """", ""owner"": ""root"", ""pid"": ""40"", ""process"": ""all"", ""resource_instance_id"": ""1398563761166861218"", ""resource_project_id"": ""proyecto-2-cloud-509714"", ""resource_type"": ""gce_instance"", ""resource_zone"": ""us-central1-a"", ""vm"": ""mooc-web""}",0
2026-09-27T02:39:45.939148Z,"{""command"": ""tpm_dev_wq"", ""command_line"": """", ""owner"": ""root"", ""pid"": ""40"", ""process"": ""all"", ""resource_instance_id"": ""1398563761166861218"", ""resource_project_id"": ""proyecto-2-cloud-509714"", ""resource_type"": ""gce_instance"", ""resource_zone"": ""us-central1-a"", ""vm"": ""mooc-web""}",0
2026-09-27T02:39:15.954514Z,"{""command"": ""tpm_dev_wq"", ""command_line"": """", ""owner"": ""root"", ""pid"": ""40"", ""process"": ""all"", ""resource_instance_id"": ""1398563761166861218"", ""resource_project_id"": ""proyecto-2-cloud-509714"", ""resource_type"": ""gce_instance"", ""resource_zone"": ""us-central1-a"", ""vm"": ""mooc-web""}",0
2026-09-27T02:49:45.944694Z,"{""command"": ""unattended-upgr"", ""command_line"": ""/usr/bin/python3 /usr/share/unattended-upgrades/unattended-upgrade-shutdown --wait-for-signal"", ""owner"": ""root"", ""pid"": ""465"", ""process"": ""all"", ""resource_instance_id"": ""1398563761166861218"", ""resource_project_id"": ""proyecto-2-cloud-509714"", ""resource_type"": ""gce_instance"", ""resource_zone"": ""us-central1-a"", ""vm"": ""mooc-web""}",110706688
2026-09-27T02:49:15.939348Z,"{""command"": ""unattended-upgr"", ""command_line"": ""/usr/bin/python3 /usr/share/unattended-upgrades/unattended-upgrade-shutdown --wait-for-signal"", ""owner"": ""root"", ""pid"": ""465"", ""process"": ""all"", ""resource_instance_id"": ""1398563761166861218"", ""resource_project_id"": ""proyecto-2-cloud-509714"", ""resource_type"": ""gce_instance"", ""resource_zone"": ""us-central1-a"", ""vm"": ""mooc-web""}",110706688
2026-09-27T02:48:45.939816Z,"{""command"": ""unattended-upgr"", ""command_line"": ""/usr/bin/python3 /usr/share/unattended-upgrades/unattended-upgrade-shutdown --wait-for-signal"", ""owner"": ""root"", ""pid"": ""465"", ""process"": ""all"", ""resource_instance_id"": ""1398563761166861218"", ""resource_project_id"": ""proyecto-2-cloud-509714"", ""resource_type"": ""gce_instance"", ""resource_zone"": ""us-central1-a"", ""vm"": ""mooc-web""}",110706688
2026-09-27T02:48:15.951772Z,"{""command"": ""unattended-upgr"", ""command_line"": ""/usr/bin/python3 /usr/share/unattended-upgrades/unattended-upgrade-shutdown --wait-for-signal"", ""owner"": ""root"", ""pid"": ""465"", ""process"": ""all"", ""resource_instance_id"": ""1398563761166861218"", ""resource_project_id"": ""proyecto-2-cloud-509714"", ""resource_type"": ""gce_instance"", ""resource_zone"": ""us-central1-a"", ""vm"": ""mooc-web""}",110706688
2026-09-27T02:47:45.940779Z,"{""command"": ""unattended-upgr"", ""command_line"": ""/usr/bin/python3 /usr/share/unattended-upgrades/unattended-upgrade-shutdown --wait-for-signal"", ""owner"": ""root"", ""pid"": ""465"", ""process"": ""all"", ""resource_instance_id"": ""1398563761166861218"", ""resource_project_id"": ""proyecto-2-cloud-509714"", ""resource_type"": ""gce_instance"", ""resource_zone"": ""us-central1-a"", ""vm"": ""mooc-web""}",110706688
2026-09-27T02:47:15.939218Z,"{""command"": ""unattended-upgr"", ""command_line"": ""/usr/bin/python3 /usr/share/unattended-upgrades/unattended-upgrade-shutdown --wait-for-signal"", ""owner"": ""root"", ""pid"": ""465"", ""process"": ""all"", ""resource_instance_id"": ""1398563761166861218"", ""resource_project_id"": ""proyecto-2-cloud-509714"", ""resource_type"": ""gce_instance"", ""resource_zone"": ""us-central1-a"", ""vm"": ""mooc-web""}",110706688
2026-09-27T02:46:45.942110Z,"{""command"": ""unattended-upgr"", ""command_line"": ""/usr/bin/python3 /usr/share/unattended-upgrades/unattended-upgrade-shutdown --wait-for-signal"", ""owner"": ""root"", ""pid"": ""465"", ""process"": ""all"", ""resource_instance_id"": ""1398563761166861218"", ""resource_project_id"": ""proyecto-2-cloud-509714"", ""resource_type"": ""gce_instance"", ""resource_zone"": ""us-central1-a"", ""vm"": ""mooc-web""}",110706688
2026-09-27T02:46:15.939836Z,"{""command"": ""unattended-upgr"", ""command_line"": ""/usr/bin/python3 /usr/share/unattended-upgrades/unattended-upgrade-shutdown --wait-for-signal"", ""owner"": ""root"", ""pid"": ""465"", ""process"": ""all"", ""resource_instance_id"": ""1398563761166861218"", ""resource_project_id"": ""proyecto-2-cloud-509714"", ""resource_type"": ""gce_instance"", ""resource_zone"": ""us-central1-a"", ""vm"": ""mooc-web""}",110706688
2026-09-27T02:45:45.946575Z,"{""command"": ""unattended-upgr"", ""command_line"": ""/usr/bin/python3 /usr/share/unattended-upgrades/unattended-upgrade-shutdown --wait-for-signal"", ""owner"": ""root"", ""pid"": ""465"", ""process"": ""all"", ""resource_instance_id"": ""1398563761166861218"", ""resource_project_id"": ""proyecto-2-cloud-509714"", ""resource_type"": ""gce_instance"", ""resource_zone"": ""us-central1-a"", ""vm"": ""mooc-web""}",110706688
2026-09-27T02:45:15.944832Z,"{""command"": ""unattended-upgr"", ""command_line"": ""/usr/bin/python3 /usr/share/unattended-upgrades/unattended-upgrade-shutdown --wait-for-signal"", ""owner"": ""root"", ""pid"": ""465"", ""process"": ""all"", ""resource_instance_id"": ""1398563761166861218"", ""resource_project_id"": ""proyecto-2-cloud-509714"", ""resource_type"": ""gce_instance"", ""resource_zone"": ""us-central1-a"", ""vm"": ""mooc-web""}",110706688
2026-09-27T02:44:45.941851Z,"{""command"": ""unattended-upgr"", ""command_line"": ""/usr/bin/python3 /usr/share/unattended-upgrades/unattended-upgrade-shutdown --wait-for-signal"", ""owner"": ""root"", ""pid"": ""465"", ""process"": ""all"", ""resource_instance_id"": ""1398563761166861218"", ""resource_project_id"": ""proyecto-2-cloud-509714"", ""resource_type"": ""gce_instance"", ""resource_zone"": ""us-central1-a"", ""vm"": ""mooc-web""}",110706688
2026-09-27T02:44:15.941084Z,"{""command"": ""unattended-upgr"", ""command_line"": ""/usr/bin/python3 /usr/share/unattended-upgrades/unattended-upgrade-shutdown --wait-for-signal"", ""owner"": ""root"", ""pid"": ""465"", ""process"": ""all"", ""resource_instance_id"": ""1398563761166861218"", ""resource_project_id"": ""proyecto-2-cloud-509714"", ""resource_type"": ""gce_instance"", ""resource_zone"": ""us-central1-a"", ""vm"": ""mooc-web""}",110706688
2026-09-27T02:43:45.939633Z,"{""command"": ""unattended-upgr"", ""command_line"": ""/usr/bin/python3 /usr/share/unattended-upgrades/unattended-upgrade-shutdown --wait-for-signal"", ""owner"": ""root"", ""pid"": ""465"", ""process"": ""all"", ""resource_instance_id"": ""1398563761166861218"", ""resource_project_id"": ""proyecto-2-cloud-509714"", ""resource_type"": ""gce_instance"", ""resource_zone"": ""us-central1-a"", ""vm"": ""mooc-web""}",110706688
2026-09-27T02:43:15.939978Z,"{""command"": ""unattended-upgr"", ""command_line"": ""/usr/bin/python3 /usr/share/unattended-upgrades/unattended-upgrade-shutdown --wait-for-signal"", ""owner"": ""root"", ""pid"": ""465"", ""process"": ""all"", ""resource_instance_id"": ""1398563761166861218"", ""resource_project_id"": ""proyecto-2-cloud-509714"", ""resource_type"": ""gce_instance"", ""resource_zone"": ""us-central1-a"", ""vm"": ""mooc-web""}",110706688
2026-09-27T02:42:45.947558Z,"{""command"": ""unattended-upgr"", ""command_line"": ""/usr/bin/python3 /usr/share/unattended-upgrades/unattended-upgrade-shutdown --wait-for-signal"", ""owner"": ""root"", ""pid"": ""465"", ""process"": ""all"", ""resource_instance_id"": ""1398563761166861218"", ""resource_project_id"": ""proyecto-2-cloud-509714"", ""resource_type"": ""gce_instance"", ""resource_zone"": ""us-central1-a"", ""vm"": ""mooc-web""}",110706688
2026-09-27T02:42:15.940635Z,"{""command"": ""unattended-upgr"", ""command_line"": ""/usr/bin/python3 /usr/share/unattended-upgrades/unattended-upgrade-shutdown --wait-for-signal"", ""owner"": ""root"", ""pid"": ""465"", ""process"": ""all"", ""resource_instance_id"": ""1398563761166861218"", ""resource_project_id"": ""proyecto-2-cloud-509714"", ""resource_type"": ""gce_instance"", ""resource_zone"": ""us-central1-a"", ""vm"": ""mooc-web""}",110706688
2026-09-27T02:41:45.941553Z,"{""command"": ""unattended-upgr"", ""command_line"": ""/usr/bin/python3 /usr/share/unattended-upgrades/unattended-upgrade-shutdown --wait-for-signal"", ""owner"": ""root"", ""pid"": ""465"", ""process"": ""all"", ""resource_instance_id"": ""1398563761166861218"", ""resource_project_id"": ""proyecto-2-cloud-509714"", ""resource_type"": ""gce_instance"", ""resource_zone"": ""us-central1-a"", ""vm"": ""mooc-web""}",110706688
2026-09-27T02:41:15.941452Z,"{""command"": ""unattended-upgr"", ""command_line"": ""/usr/bin/python3 /usr/share/unattended-upgrades/unattended-upgrade-shutdown --wait-for-signal"", ""owner"": ""root"", ""pid"": ""465"", ""process"": ""all"", ""resource_instance_id"": ""1398563761166861218"", ""resource_project_id"": ""proyecto-2-cloud-509714"", ""resource_type"": ""gce_instance"", ""resource_zone"": ""us-central1-a"", ""vm"": ""mooc-web""}",110706688
2026-09-27T02:40:45.942038Z,"{""command"": ""unattended-upgr"", ""command_line"": ""/usr/bin/python3 /usr/share/unattended-upgrades/unattended-upgrade-shutdown --wait-for-signal"", ""owner"": ""root"", ""pid"": ""465"", ""process"": ""all"", ""resource_instance_id"": ""1398563761166861218"", ""resource_project_id"": ""proyecto-2-cloud-509714"", ""resource_type"": ""gce_instance"", ""resource_zone"": ""us-central1-a"", ""vm"": ""mooc-web""}",110706688
2026-09-27T02:40:15.940312Z,"{""command"": ""unattended-upgr"", ""command_line"": ""/usr/bin/python3 /usr/share/unattended-upgrades/unattended-upgrade-shutdown --wait-for-signal"", ""owner"": ""root"", ""pid"": ""465"", ""process"": ""all"", ""resource_instance_id"": ""1398563761166861218"", ""resource_project_id"": ""proyecto-2-cloud-509714"", ""resource_type"": ""gce_instance"", ""resource_zone"": ""us-central1-a"", ""vm"": ""mooc-web""}",110706688
2026-09-27T02:39:45.941952Z,"{""command"": ""unattended-upgr"", ""command_line"": ""/usr/bin/python3 /usr/share/unattended-upgrades/unattended-upgrade-shutdown --wait-for-signal"", ""owner"": ""root"", ""pid"": ""465"", ""process"": ""all"", ""resource_instance_id"": ""1398563761166861218"", ""resource_project_id"": ""proyecto-2-cloud-509714"", ""resource_type"": ""gce_instance"", ""resource_zone"": ""us-central1-a"", ""vm"": ""mooc-web""}",110706688
2026-09-27T02:39:15.956887Z,"{""command"": ""unattended-upgr"", ""command_line"": ""/usr/bin/python3 /usr/share/unattended-upgrades/unattended-upgrade-shutdown --wait-for-signal"", ""owner"": ""root"", ""pid"": ""465"", ""process"": ""all"", ""resource_instance_id"": ""1398563761166861218"", ""resource_project_id"": ""proyecto-2-cloud-509714"", ""resource_type"": ""gce_instance"", ""resource_zone"": ""us-central1-a"", ""vm"": ""mooc-web""}",110706688
2026-09-27T02:49:45.941514Z,"{""command"": ""writeback"", ""command_line"": """", ""owner"": ""root"", ""pid"": ""33"", ""process"": ""all"", ""resource_instance_id"": ""1398563761166861218"", ""resource_project_id"": ""proyecto-2-cloud-509714"", ""resource_type"": ""gce_instance"", ""resource_zone"": ""us-central1-a"", ""vm"": ""mooc-web""}",0
2026-09-27T02:49:15.936783Z,"{""command"": ""writeback"", ""command_line"": """", ""owner"": ""root"", ""pid"": ""33"", ""process"": ""all"", ""resource_instance_id"": ""1398563761166861218"", ""resource_project_id"": ""proyecto-2-cloud-509714"", ""resource_type"": ""gce_instance"", ""resource_zone"": ""us-central1-a"", ""vm"": ""mooc-web""}",0
2026-09-27T02:48:45.936875Z,"{""command"": ""writeback"", ""command_line"": """", ""owner"": ""root"", ""pid"": ""33"", ""process"": ""all"", ""resource_instance_id"": ""1398563761166861218"", ""resource_project_id"": ""proyecto-2-cloud-509714"", ""resource_type"": ""gce_instance"", ""resource_zone"": ""us-central1-a"", ""vm"": ""mooc-web""}",0
2026-09-27T02:48:15.947021Z,"{""command"": ""writeback"", ""command_line"": """", ""owner"": ""root"", ""pid"": ""33"", ""process"": ""all"", ""resource_instance_id"": ""1398563761166861218"", ""resource_project_id"": ""proyecto-2-cloud-509714"", ""resource_type"": ""gce_instance"", ""resource_zone"": ""us-central1-a"", ""vm"": ""mooc-web""}",0
2026-09-27T02:47:45.937307Z,"{""command"": ""writeback"", ""command_line"": """", ""owner"": ""root"", ""pid"": ""33"", ""process"": ""all"", ""resource_instance_id"": ""1398563761166861218"", ""resource_project_id"": ""proyecto-2-cloud-509714"", ""resource_type"": ""gce_instance"", ""resource_zone"": ""us-central1-a"", ""vm"": ""mooc-web""}",0
2026-09-27T02:47:15.936975Z,"{""command"": ""writeback"", ""command_line"": """", ""owner"": ""root"", ""pid"": ""33"", ""process"": ""all"", ""resource_instance_id"": ""1398563761166861218"", ""resource_project_id"": ""proyecto-2-cloud-509714"", ""resource_type"": ""gce_instance"", ""resource_zone"": ""us-central1-a"", ""vm"": ""mooc-web""}",0
2026-09-27T02:46:45.939620Z,"{""command"": ""writeback"", ""command_line"": """", ""owner"": ""root"", ""pid"": ""33"", ""process"": ""all"", ""resource_instance_id"": ""1398563761166861218"", ""resource_project_id"": ""proyecto-2-cloud-509714"", ""resource_type"": ""gce_instance"", ""resource_zone"": ""us-central1-a"", ""vm"": ""mooc-web""}",0
2026-09-27T02:46:15.936589Z,"{""command"": ""writeback"", ""command_line"": """", ""owner"": ""root"", ""pid"": ""33"", ""process"": ""all"", ""resource_instance_id"": ""1398563761166861218"", ""resource_project_id"": ""proyecto-2-cloud-509714"", ""resource_type"": ""gce_instance"", ""resource_zone"": ""us-central1-a"", ""vm"": ""mooc-web""}",0
2026-09-27T02:45:45.942800Z,"{""command"": ""writeback"", ""command_line"": """", ""owner"": ""root"", ""pid"": ""33"", ""process"": ""all"", ""resource_instance_id"": ""1398563761166861218"", ""resource_project_id"": ""proyecto-2-cloud-509714"", ""resource_type"": ""gce_instance"", ""resource_zone"": ""us-central1-a"", ""vm"": ""mooc-web""}",0
2026-09-27T02:45:15.942171Z,"{""command"": ""writeback"", ""command_line"": """", ""owner"": ""root"", ""pid"": ""33"", ""process"": ""all"", ""resource_instance_id"": ""1398563761166861218"", ""resource_project_id"": ""proyecto-2-cloud-509714"", ""resource_type"": ""gce_instance"", ""resource_zone"": ""us-central1-a"", ""vm"": ""mooc-web""}",0
2026-09-27T02:44:45.938072Z,"{""command"": ""writeback"", ""command_line"": """", ""owner"": ""root"", ""pid"": ""33"", ""process"": ""all"", ""resource_instance_id"": ""1398563761166861218"", ""resource_project_id"": ""proyecto-2-cloud-509714"", ""resource_type"": ""gce_instance"", ""resource_zone"": ""us-central1-a"", ""vm"": ""mooc-web""}",0
2026-09-27T02:44:15.938812Z,"{""command"": ""writeback"", ""command_line"": """", ""owner"": ""root"", ""pid"": ""33"", ""process"": ""all"", ""resource_instance_id"": ""1398563761166861218"", ""resource_project_id"": ""proyecto-2-cloud-509714"", ""resource_type"": ""gce_instance"", ""resource_zone"": ""us-central1-a"", ""vm"": ""mooc-web""}",0
2026-09-27T02:43:45.937086Z,"{""command"": ""writeback"", ""command_line"": """", ""owner"": ""root"", ""pid"": ""33"", ""process"": ""all"", ""resource_instance_id"": ""1398563761166861218"", ""resource_project_id"": ""proyecto-2-cloud-509714"", ""resource_type"": ""gce_instance"", ""resource_zone"": ""us-central1-a"", ""vm"": ""mooc-web""}",0
2026-09-27T02:43:15.937332Z,"{""command"": ""writeback"", ""command_line"": """", ""owner"": ""root"", ""pid"": ""33"", ""process"": ""all"", ""resource_instance_id"": ""1398563761166861218"", ""resource_project_id"": ""proyecto-2-cloud-509714"", ""resource_type"": ""gce_instance"", ""resource_zone"": ""us-central1-a"", ""vm"": ""mooc-web""}",0
2026-09-27T02:42:45.944965Z,"{""command"": ""writeback"", ""command_line"": """", ""owner"": ""root"", ""pid"": ""33"", ""process"": ""all"", ""resource_instance_id"": ""1398563761166861218"", ""resource_project_id"": ""proyecto-2-cloud-509714"", ""resource_type"": ""gce_instance"", ""resource_zone"": ""us-central1-a"", ""vm"": ""mooc-web""}",0
2026-09-27T02:42:15.937400Z,"{""command"": ""writeback"", ""command_line"": """", ""owner"": ""root"", ""pid"": ""33"", ""process"": ""all"", ""resource_instance_id"": ""1398563761166861218"", ""resource_project_id"": ""proyecto-2-cloud-509714"", ""resource_type"": ""gce_instance"", ""resource_zone"": ""us-central1-a"", ""vm"": ""mooc-web""}",0
2026-09-27T02:41:45.939307Z,"{""command"": ""writeback"", ""command_line"": """", ""owner"": ""root"", ""pid"": ""33"", ""process"": ""all"", ""resource_instance_id"": ""1398563761166861218"", ""resource_project_id"": ""proyecto-2-cloud-509714"", ""resource_type"": ""gce_instance"", ""resource_zone"": ""us-central1-a"", ""vm"": ""mooc-web""}",0
2026-09-27T02:41:15.939101Z,"{""command"": ""writeback"", ""command_line"": """", ""owner"": ""root"", ""pid"": ""33"", ""process"": ""all"", ""resource_instance_id"": ""1398563761166861218"", ""resource_project_id"": ""proyecto-2-cloud-509714"", ""resource_type"": ""gce_instance"", ""resource_zone"": ""us-central1-a"", ""vm"": ""mooc-web""}",0
2026-09-27T02:40:45.939833Z,"{""command"": ""writeback"", ""command_line"": """", ""owner"": ""root"", ""pid"": ""33"", ""process"": ""all"", ""resource_instance_id"": ""1398563761166861218"", ""resource_project_id"": ""proyecto-2-cloud-509714"", ""resource_type"": ""gce_instance"", ""resource_zone"": ""us-central1-a"", ""vm"": ""mooc-web""}",0
2026-09-27T02:40:15.937368Z,"{""command"": ""writeback"", ""command_line"": """", ""owner"": ""root"", ""pid"": ""33"", ""process"": ""all"", ""resource_instance_id"": ""1398563761166861218"", ""resource_project_id"": ""proyecto-2-cloud-509714"", ""resource_type"": ""gce_instance"", ""resource_zone"": ""us-central1-a"", ""vm"": ""mooc-web""}",0
2026-09-27T02:39:45.938614Z,"{""command"": ""writeback"", ""command_line"": """", ""owner"": ""root"", ""pid"": ""33"", ""process"": ""all"", ""resource_instance_id"": ""1398563761166861218"", ""resource_project_id"": ""proyecto-2-cloud-509714"", ""resource_type"": ""gce_instance"", ""resource_zone"": ""us-central1-a"", ""vm"": ""mooc-web""}",0
2026-09-27T02:39:15.953988Z,"{""command"": ""writeback"", ""command_line"": """", ""owner"": ""root"", ""pid"": ""33"", ""process"": ""all"", ""resource_instance_id"": ""1398563761166861218"", ""resource_project_id"": ""proyecto-2-cloud-509714"", ""resource_type"": ""gce_instance"", ""resource_zone"": ""us-central1-a"", ""vm"": ""mooc-web""}",0
2026-09-27T02:49:59.744110Z,"{""command"": ""(sd-pam)"", ""command_line"": ""(sd-pam)"", ""owner"": ""dialmupe"", ""pid"": ""10868"", ""process"": ""all"", ""resource_instance_id"": ""8057035535632679842"", ""resource_project_id"": ""proyecto-2-cloud-509714"", ""resource_type"": ""gce_instance"", ""resource_zone"": ""us-central1-a"", ""vm"": ""8057035535632679842""}",106115072
2026-09-27T02:49:29.738123Z,"{""command"": ""(sd-pam)"", ""command_line"": ""(sd-pam)"", ""owner"": ""dialmupe"", ""pid"": ""10868"", ""process"": ""all"", ""resource_instance_id"": ""8057035535632679842"", ""resource_project_id"": ""proyecto-2-cloud-509714"", ""resource_type"": ""gce_instance"", ""resource_zone"": ""us-central1-a"", ""vm"": ""8057035535632679842""}",106115072
2026-09-27T02:48:59.734686Z,"{""command"": ""(sd-pam)"", ""command_line"": ""(sd-pam)"", ""owner"": ""dialmupe"", ""pid"": ""10868"", ""process"": ""all"", ""resource_instance_id"": ""8057035535632679842"", ""resource_project_id"": ""proyecto-2-cloud-509714"", ""resource_type"": ""gce_instance"", ""resource_zone"": ""us-central1-a"", ""vm"": ""8057035535632679842""}",106115072
2026-09-27T02:48:29.741106Z,"{""command"": ""(sd-pam)"", ""command_line"": ""(sd-pam)"", ""owner"": ""dialmupe"", ""pid"": ""10868"", ""process"": ""all"", ""resource_instance_id"": ""8057035535632679842"", ""resource_project_id"": ""proyecto-2-cloud-509714"", ""resource_type"": ""gce_instance"", ""resource_zone"": ""us-central1-a"", ""vm"": ""8057035535632679842""}",106115072
2026-09-27T02:47:59.737630Z,"{""command"": ""(sd-pam)"", ""command_line"": ""(sd-pam)"", ""owner"": ""dialmupe"", ""pid"": ""10868"", ""process"": ""all"", ""resource_instance_id"": ""8057035535632679842"", ""resource_project_id"": ""proyecto-2-cloud-509714"", ""resource_type"": ""gce_instance"", ""resource_zone"": ""us-central1-a"", ""vm"": ""8057035535632679842""}",106115072
2026-09-27T02:47:29.734781Z,"{""command"": ""(sd-pam)"", ""command_line"": ""(sd-pam)"", ""owner"": ""dialmupe"", ""pid"": ""10868"", ""process"": ""all"", ""resource_instance_id"": ""8057035535632679842"", ""resource_project_id"": ""proyecto-2-cloud-509714"", ""resource_type"": ""gce_instance"", ""resource_zone"": ""us-central1-a"", ""vm"": ""8057035535632679842""}",106115072
2026-09-27T02:46:59.745580Z,"{""command"": ""(sd-pam)"", ""command_line"": ""(sd-pam)"", ""owner"": ""dialmupe"", ""pid"": ""10868"", ""process"": ""all"", ""resource_instance_id"": ""8057035535632679842"", ""resource_project_id"": ""proyecto-2-cloud-509714"", ""resource_type"": ""gce_instance"", ""resource_zone"": ""us-central1-a"", ""vm"": ""8057035535632679842""}",106115072
2026-09-27T02:46:29.742481Z,"{""command"": ""(sd-pam)"", ""command_line"": ""(sd-pam)"", ""owner"": ""dialmupe"", ""pid"": ""10868"", ""process"": ""all"", ""resource_instance_id"": ""8057035535632679842"", ""resource_project_id"": ""proyecto-2-cloud-509714"", ""resource_type"": ""gce_instance"", ""resource_zone"": ""us-central1-a"", ""vm"": ""8057035535632679842""}",106115072
2026-09-27T02:45:59.733620Z,"{""command"": ""(sd-pam)"", ""command_line"": ""(sd-pam)"", ""owner"": ""dialmupe"", ""pid"": ""10868"", ""process"": ""all"", ""resource_instance_id"": ""8057035535632679842"", ""resource_project_id"": ""proyecto-2-cloud-509714"", ""resource_type"": ""gce_instance"", ""resource_zone"": ""us-central1-a"", ""vm"": ""8057035535632679842""}",106115072
2026-09-27T02:45:29.739574Z,"{""command"": ""(sd-pam)"", ""command_line"": ""(sd-pam)"", ""owner"": ""dialmupe"", ""pid"": ""10868"", ""process"": ""all"", ""resource_instance_id"": ""8057035535632679842"", ""resource_project_id"": ""proyecto-2-cloud-509714"", ""resource_type"": ""gce_instance"", ""resource_zone"": ""us-central1-a"", ""vm"": ""8057035535632679842""}",106115072
2026-09-27T02:44:59.745477Z,"{""command"": ""(sd-pam)"", ""command_line"": ""(sd-pam)"", ""owner"": ""dialmupe"", ""pid"": ""10868"", ""process"": ""all"", ""resource_instance_id"": ""8057035535632679842"", ""resource_project_id"": ""proyecto-2-cloud-509714"", ""resource_type"": ""gce_instance"", ""resource_zone"": ""us-central1-a"", ""vm"": ""8057035535632679842""}",106115072
2026-09-27T02:44:29.742280Z,"{""command"": ""(sd-pam)"", ""command_line"": ""(sd-pam)"", ""owner"": ""dialmupe"", ""pid"": ""10868"", ""process"": ""all"", ""resource_instance_id"": ""8057035535632679842"", ""resource_project_id"": ""proyecto-2-cloud-509714"", ""resource_type"": ""gce_instance"", ""resource_zone"": ""us-central1-a"", ""vm"": ""8057035535632679842""}",106115072
2026-09-27T02:43:59.744334Z,"{""command"": ""(sd-pam)"", ""command_line"": ""(sd-pam)"", ""owner"": ""dialmupe"", ""pid"": ""10868"", ""process"": ""all"", ""resource_instance_id"": ""8057035535632679842"", ""resource_project_id"": ""proyecto-2-cloud-509714"", ""resource_type"": ""gce_instance"", ""resource_zone"": ""us-central1-a"", ""vm"": ""8057035535632679842""}",106115072
2026-09-27T02:43:29.746343Z,"{""command"": ""(sd-pam)"", ""command_line"": ""(sd-pam)"", ""owner"": ""dialmupe"", ""pid"": ""10868"", ""process"": ""all"", ""resource_instance_id"": ""8057035535632679842"", ""resource_project_id"": ""proyecto-2-cloud-509714"", ""resource_type"": ""gce_instance"", ""resource_zone"": ""us-central1-a"", ""vm"": ""8057035535632679842""}",106115072
2026-09-27T02:42:59.738718Z,"{""command"": ""(sd-pam)"", ""command_line"": ""(sd-pam)"", ""owner"": ""dialmupe"", ""pid"": ""10868"", ""process"": ""all"", ""resource_instance_id"": ""8057035535632679842"", ""resource_project_id"": ""proyecto-2-cloud-509714"", ""resource_type"": ""gce_instance"", ""resource_zone"": ""us-central1-a"", ""vm"": ""8057035535632679842""}",106115072
2026-09-27T02:42:29.764365Z,"{""command"": ""(sd-pam)"", ""command_line"": ""(sd-pam)"", ""owner"": ""dialmupe"", ""pid"": ""10868"", ""process"": ""all"", ""resource_instance_id"": ""8057035535632679842"", ""resource_project_id"": ""proyecto-2-cloud-509714"", ""resource_type"": ""gce_instance"", ""resource_zone"": ""us-central1-a"", ""vm"": ""8057035535632679842""}",106115072
2026-09-27T02:41:59.742422Z,"{""command"": ""(sd-pam)"", ""command_line"": ""(sd-pam)"", ""owner"": ""dialmupe"", ""pid"": ""10868"", ""process"": ""all"", ""resource_instance_id"": ""8057035535632679842"", ""resource_project_id"": ""proyecto-2-cloud-509714"", ""resource_type"": ""gce_instance"", ""resource_zone"": ""us-central1-a"", ""vm"": ""8057035535632679842""}",106115072
2026-09-27T02:41:29.745918Z,"{""command"": ""(sd-pam)"", ""command_line"": ""(sd-pam)"", ""owner"": ""dialmupe"", ""pid"": ""10868"", ""process"": ""all"", ""resource_instance_id"": ""8057035535632679842"", ""resource_project_id"": ""proyecto-2-cloud-509714"", ""resource_type"": ""gce_instance"", ""resource_zone"": ""us-central1-a"", ""vm"": ""8057035535632679842""}",106115072
2026-09-27T02:40:59.734834Z,"{""command"": ""(sd-pam)"", ""command_line"": ""(sd-pam)"", ""owner"": ""dialmupe"", ""pid"": ""10868"", ""process"": ""all"", ""resource_instance_id"": ""8057035535632679842"", ""resource_project_id"": ""proyecto-2-cloud-509714"", ""resource_type"": ""gce_instance"", ""resource_zone"": ""us-central1-a"", ""vm"": ""8057035535632679842""}",106115072
2026-09-27T02:49:59.737463Z,"{""command"": ""acpi_thermal_pm"", ""command_line"": """", ""owner"": ""root"", ""pid"": ""54"", ""process"": ""all"", ""resource_instance_id"": ""8057035535632679842"", ""resource_project_id"": ""proyecto-2-cloud-509714"", ""resource_type"": ""gce_instance"", ""resource_zone"": ""us-central1-a"", ""vm"": ""8057035535632679842""}",0
2026-09-27T02:49:29.734198Z,"{""command"": ""acpi_thermal_pm"", ""command_line"": """", ""owner"": ""root"", ""pid"": ""54"", ""process"": ""all"", ""resource_instance_id"": ""8057035535632679842"", ""resource_project_id"": ""proyecto-2-cloud-509714"", ""resource_type"": ""gce_instance"", ""resource_zone"": ""us-central1-a"", ""vm"": ""8057035535632679842""}",0
2026-09-27T02:48:59.729168Z,"{""command"": ""acpi_thermal_pm"", ""command_line"": """", ""owner"": ""root"", ""pid"": ""54"", ""process"": ""all"", ""resource_instance_id"": ""8057035535632679842"", ""resource_project_id"": ""proyecto-2-cloud-509714"", ""resource_type"": ""gce_instance"", ""resource_zone"": ""us-central1-a"", ""vm"": ""8057035535632679842""}",0
2026-09-27T02:48:29.735790Z,"{""command"": ""acpi_thermal_pm"", ""command_line"": """", ""owner"": ""root"", ""pid"": ""54"", ""process"": ""all"", ""resource_instance_id"": ""8057035535632679842"", ""resource_project_id"": ""proyecto-2-cloud-509714"", ""resource_type"": ""gce_instance"", ""resource_zone"": ""us-central1-a"", ""vm"": ""8057035535632679842""}",0
2026-09-27T02:47:59.733661Z,"{""command"": ""acpi_thermal_pm"", ""command_line"": """", ""owner"": ""root"", ""pid"": ""54"", ""process"": ""all"", ""resource_instance_id"": ""8057035535632679842"", ""resource_project_id"": ""proyecto-2-cloud-509714"", ""resource_type"": ""gce_instance"", ""resource_zone"": ""us-central1-a"", ""vm"": ""8057035535632679842""}",0
2026-09-27T02:47:29.730535Z,"{""command"": ""acpi_thermal_pm"", ""command_line"": """", ""owner"": ""root"", ""pid"": ""54"", ""process"": ""all"", ""resource_instance_id"": ""8057035535632679842"", ""resource_project_id"": ""proyecto-2-cloud-509714"", ""resource_type"": ""gce_instance"", ""resource_zone"": ""us-central1-a"", ""vm"": ""8057035535632679842""}",0
2026-09-27T02:46:59.741047Z,"{""command"": ""acpi_thermal_pm"", ""command_line"": """", ""owner"": ""root"", ""pid"": ""54"", ""process"": ""all"", ""resource_instance_id"": ""8057035535632679842"", ""resource_project_id"": ""proyecto-2-cloud-509714"", ""resource_type"": ""gce_instance"", ""resource_zone"": ""us-central1-a"", ""vm"": ""8057035535632679842""}",0
2026-09-27T02:46:29.735598Z,"{""command"": ""acpi_thermal_pm"", ""command_line"": """", ""owner"": ""root"", ""pid"": ""54"", ""process"": ""all"", ""resource_instance_id"": ""8057035535632679842"", ""resource_project_id"": ""proyecto-2-cloud-509714"", ""resource_type"": ""gce_instance"", ""resource_zone"": ""us-central1-a"", ""vm"": ""8057035535632679842""}",0
2026-09-27T02:45:59.730154Z,"{""command"": ""acpi_thermal_pm"", ""command_line"": """", ""owner"": ""root"", ""pid"": ""54"", ""process"": ""all"", ""resource_instance_id"": ""8057035535632679842"", ""resource_project_id"": ""proyecto-2-cloud-509714"", ""resource_type"": ""gce_instance"", ""resource_zone"": ""us-central1-a"", ""vm"": ""8057035535632679842""}",0
2026-09-27T02:45:29.735981Z,"{""command"": ""acpi_thermal_pm"", ""command_line"": """", ""owner"": ""root"", ""pid"": ""54"", ""process"": ""all"", ""resource_instance_id"": ""8057035535632679842"", ""resource_project_id"": ""proyecto-2-cloud-509714"", ""resource_type"": ""gce_instance"", ""resource_zone"": ""us-central1-a"", ""vm"": ""8057035535632679842""}",0
2026-09-27T02:44:59.741276Z,"{""command"": ""acpi_thermal_pm"", ""command_line"": """", ""owner"": ""root"", ""pid"": ""54"", ""process"": ""all"", ""resource_instance_id"": ""8057035535632679842"", ""resource_project_id"": ""proyecto-2-cloud-509714"", ""resource_type"": ""gce_instance"", ""resource_zone"": ""us-central1-a"", ""vm"": ""8057035535632679842""}",0
2026-09-27T02:44:29.738356Z,"{""command"": ""acpi_thermal_pm"", ""command_line"": """", ""owner"": ""root"", ""pid"": ""54"", ""process"": ""all"", ""resource_instance_id"": ""8057035535632679842"", ""resource_project_id"": ""proyecto-2-cloud-509714"", ""resource_type"": ""gce_instance"", ""resource_zone"": ""us-central1-a"", ""vm"": ""8057035535632679842""}",0
2026-09-27T02:43:59.739970Z,"{""command"": ""acpi_thermal_pm"", ""command_line"": """", ""owner"": ""root"", ""pid"": ""54"", ""process"": ""all"", ""resource_instance_id"": ""8057035535632679842"", ""resource_project_id"": ""proyecto-2-cloud-509714"", ""resource_type"": ""gce_instance"", ""resource_zone"": ""us-central1-a"", ""vm"": ""8057035535632679842""}",0
2026-09-27T02:43:29.740603Z,"{""command"": ""acpi_thermal_pm"", ""command_line"": """", ""owner"": ""root"", ""pid"": ""54"", ""process"": ""all"", ""resource_instance_id"": ""8057035535632679842"", ""resource_project_id"": ""proyecto-2-cloud-509714"", ""resource_type"": ""gce_instance"", ""resource_zone"": ""us-central1-a"", ""vm"": ""8057035535632679842""}",0
2026-09-27T02:42:59.734336Z,"{""command"": ""acpi_thermal_pm"", ""command_line"": """", ""owner"": ""root"", ""pid"": ""54"", ""process"": ""all"", ""resource_instance_id"": ""8057035535632679842"", ""resource_project_id"": ""proyecto-2-cloud-509714"", ""resource_type"": ""gce_instance"", ""resource_zone"": ""us-central1-a"", ""vm"": ""8057035535632679842""}",0
2026-09-27T02:42:29.759221Z,"{""command"": ""acpi_thermal_pm"", ""command_line"": """", ""owner"": ""root"", ""pid"": ""54"", ""process"": ""all"", ""resource_instance_id"": ""8057035535632679842"", ""resource_project_id"": ""proyecto-2-cloud-509714"", ""resource_type"": ""gce_instance"", ""resource_zone"": ""us-central1-a"", ""vm"": ""8057035535632679842""}",0
2026-09-27T02:41:59.737662Z,"{""command"": ""acpi_thermal_pm"", ""command_line"": """", ""owner"": ""root"", ""pid"": ""54"", ""process"": ""all"", ""resource_instance_id"": ""8057035535632679842"", ""resource_project_id"": ""proyecto-2-cloud-509714"", ""resource_type"": ""gce_instance"", ""resource_zone"": ""us-central1-a"", ""vm"": ""8057035535632679842""}",0
2026-09-27T02:41:29.741463Z,"{""command"": ""acpi_thermal_pm"", ""command_line"": """", ""owner"": ""root"", ""pid"": ""54"", ""process"": ""all"", ""resource_instance_id"": ""8057035535632679842"", ""resource_project_id"": ""proyecto-2-cloud-509714"", ""resource_type"": ""gce_instance"", ""resource_zone"": ""us-central1-a"", ""vm"": ""8057035535632679842""}",0
2026-09-27T02:40:59.729215Z,"{""command"": ""acpi_thermal_pm"", ""command_line"": """", ""owner"": ""root"", ""pid"": ""54"", ""process"": ""all"", ""resource_instance_id"": ""8057035535632679842"", ""resource_project_id"": ""proyecto-2-cloud-509714"", ""resource_type"": ""gce_instance"", ""resource_zone"": ""us-central1-a"", ""vm"": ""8057035535632679842""}",0
2026-09-27T02:40:29.727420Z,"{""command"": ""acpi_thermal_pm"", ""command_line"": """", ""owner"": ""root"", ""pid"": ""54"", ""process"": ""all"", ""resource_instance_id"": ""8057035535632679842"", ""resource_project_id"": ""proyecto-2-cloud-509714"", ""resource_type"": ""gce_instance"", ""resource_zone"": ""us-central1-a"", ""vm"": ""8057035535632679842""}",0
2026-09-27T02:39:59.733647Z,"{""command"": ""acpi_thermal_pm"", ""command_line"": """", ""owner"": ""root"", ""pid"": ""54"", ""process"": ""all"", ""resource_instance_id"": ""8057035535632679842"", ""resource_project_id"": ""proyecto-2-cloud-509714"", ""resource_type"": ""gce_instance"", ""resource_zone"": ""us-central1-a"", ""vm"": ""8057035535632679842""}",0
2026-09-27T02:39:29.729164Z,"{""command"": ""acpi_thermal_pm"", ""command_line"": """", ""owner"": ""root"", ""pid"": ""54"", ""process"": ""all"", ""resource_instance_id"": ""8057035535632679842"", ""resource_project_id"": ""proyecto-2-cloud-509714"", ""resource_type"": ""gce_instance"", ""resource_zone"": ""us-central1-a"", ""vm"": ""8057035535632679842""}",0
2026-09-27T02:38:59.733944Z,"{""command"": ""acpi_thermal_pm"", ""command_line"": """", ""owner"": ""root"", ""pid"": ""54"", ""process"": ""all"", ""resource_instance_id"": ""8057035535632679842"", ""resource_project_id"": ""proyecto-2-cloud-509714"", ""resource_type"": ""gce_instance"", ""resource_zone"": ""us-central1-a"", ""vm"": ""8057035535632679842""}",0
2026-09-27T02:38:29.726367Z,"{""command"": ""acpi_thermal_pm"", ""command_line"": """", ""owner"": ""root"", ""pid"": ""54"", ""process"": ""all"", ""resource_instance_id"": ""8057035535632679842"", ""resource_project_id"": ""proyecto-2-cloud-509714"", ""resource_type"": ""gce_instance"", ""resource_zone"": ""us-central1-a"", ""vm"": ""8057035535632679842""}",0
2026-09-27T02:37:59.736893Z,"{""command"": ""acpi_thermal_pm"", ""command_line"": """", ""owner"": ""root"", ""pid"": ""54"", ""process"": ""all"", ""resource_instance_id"": ""8057035535632679842"", ""resource_project_id"": ""proyecto-2-cloud-509714"", ""resource_type"": ""gce_instance"", ""resource_zone"": ""us-central1-a"", ""vm"": ""8057035535632679842""}",0
2026-09-27T02:37:29.730541Z,"{""command"": ""acpi_thermal_pm"", ""command_line"": """", ""owner"": ""root"", ""pid"": ""54"", ""process"": ""all"", ""resource_instance_id"": ""8057035535632679842"", ""resource_project_id"": ""proyecto-2-cloud-509714"", ""resource_type"": ""gce_instance"", ""resource_zone"": ""us-central1-a"", ""vm"": ""8057035535632679842""}",0
2026-09-27T02:36:59.737845Z,"{""command"": ""acpi_thermal_pm"", ""command_line"": """", ""owner"": ""root"", ""pid"": ""54"", ""process"": ""all"", ""resource_instance_id"": ""8057035535632679842"", ""resource_project_id"": ""proyecto-2-cloud-509714"", ""resource_type"": ""gce_instance"", ""resource_zone"": ""us-central1-a"", ""vm"": ""8057035535632679842""}",0
2026-09-27T02:36:29.732910Z,"{""command"": ""acpi_thermal_pm"", ""command_line"": """", ""owner"": ""root"", ""pid"": ""54"", ""process"": ""all"", ""resource_instance_id"": ""8057035535632679842"", ""resource_project_id"": ""proyecto-2-cloud-509714"", ""resource_type"": ""gce_instance"", ""resource_zone"": ""us-central1-a"", ""vm"": ""8057035535632679842""}",0
2026-09-27T02:35:59.726004Z,"{""command"": ""acpi_thermal_pm"", ""command_line"": """", ""owner"": ""root"", ""pid"": ""54"", ""process"": ""all"", ""resource_instance_id"": ""8057035535632679842"", ""resource_project_id"": ""proyecto-2-cloud-509714"", ""resource_type"": ""gce_instance"", ""resource_zone"": ""us-central1-a"", ""vm"": ""8057035535632679842""}",0
2026-09-27T02:35:29.724783Z,"{""command"": ""acpi_thermal_pm"", ""command_line"": """", ""owner"": ""root"", ""pid"": ""54"", ""process"": ""all"", ""resource_instance_id"": ""8057035535632679842"", ""resource_project_id"": ""proyecto-2-cloud-509714"", ""resource_type"": ""gce_instance"", ""resource_zone"": ""us-central1-a"", ""vm"": ""8057035535632679842""}",0
2026-09-27T02:34:59.729610Z,"{""command"": ""acpi_thermal_pm"", ""command_line"": """", ""owner"": ""root"", ""pid"": ""54"", ""process"": ""all"", ""resource_instance_id"": ""8057035535632679842"", ""resource_project_id"": ""proyecto-2-cloud-509714"", ""resource_type"": ""gce_instance"", ""resource_zone"": ""us-central1-a"", ""vm"": ""8057035535632679842""}",0
2026-09-27T02:34:29.729113Z,"{""command"": ""acpi_thermal_pm"", ""command_line"": """", ""owner"": ""root"", ""pid"": ""54"", ""process"": ""all"", ""resource_instance_id"": ""8057035535632679842"", ""resource_project_id"": ""proyecto-2-cloud-509714"", ""resource_type"": ""gce_instance"", ""resource_zone"": ""us-central1-a"", ""vm"": ""8057035535632679842""}",0
2026-09-27T02:33:59.736179Z,"{""command"": ""acpi_thermal_pm"", ""command_line"": """", ""owner"": ""root"", ""pid"": ""54"", ""process"": ""all"", ""resource_instance_id"": ""8057035535632679842"", ""resource_project_id"": ""proyecto-2-cloud-509714"", ""resource_type"": ""gce_instance"", ""resource_zone"": ""us-central1-a"", ""vm"": ""8057035535632679842""}",0
2026-09-27T02:33:29.725484Z,"{""command"": ""acpi_thermal_pm"", ""command_line"": """", ""owner"": ""root"", ""pid"": ""54"", ""process"": ""all"", ""resource_instance_id"": ""8057035535632679842"", ""resource_project_id"": ""proyecto-2-cloud-509714"", ""resource_type"": ""gce_instance"", ""resource_zone"": ""us-central1-a"", ""vm"": ""8057035535632679842""}",0
2026-09-27T02:32:59.742630Z,"{""command"": ""acpi_thermal_pm"", ""command_line"": """", ""owner"": ""root"", ""pid"": ""54"", ""process"": ""all"", ""resource_instance_id"": ""8057035535632679842"", ""resource_project_id"": ""proyecto-2-cloud-509714"", ""resource_type"": ""gce_instance"", ""resource_zone"": ""us-central1-a"", ""vm"": ""8057035535632679842""}",0
2026-09-27T02:32:29.733784Z,"{""command"": ""acpi_thermal_pm"", ""command_line"": """", ""owner"": ""root"", ""pid"": ""54"", ""process"": ""all"", ""resource_instance_id"": ""8057035535632679842"", ""resource_project_id"": ""proyecto-2-cloud-509714"", ""resource_type"": ""gce_instance"", ""resource_zone"": ""us-central1-a"", ""vm"": ""8057035535632679842""}",0
2026-09-27T02:31:59.733994Z,"{""command"": ""acpi_thermal_pm"", ""command_line"": """", ""owner"": ""root"", ""pid"": ""54"", ""process"": ""all"", ""resource_instance_id"": ""8057035535632679842"", ""resource_project_id"": ""proyecto-2-cloud-509714"", ""resource_type"": ""gce_instance"", ""resource_zone"": ""us-central1-a"", ""vm"": ""8057035535632679842""}",0
2026-09-27T02:31:29.728573Z,"{""command"": ""acpi_thermal_pm"", ""command_line"": """", ""owner"": ""root"", ""pid"": ""54"", ""process"": ""all"", ""resource_instance_id"": ""8057035535632679842"", ""resource_project_id"": ""proyecto-2-cloud-509714"", ""resource_type"": ""gce_instance"", ""resource_zone"": ""us-central1-a"", ""vm"": ""8057035535632679842""}",0
2026-09-27T02:30:59.743975Z,"{""command"": ""acpi_thermal_pm"", ""command_line"": """", ""owner"": ""root"", ""pid"": ""54"", ""process"": ""all"", ""resource_instance_id"": ""8057035535632679842"", ""resource_project_id"": ""proyecto-2-cloud-509714"", ""resource_type"": ""gce_instance"", ""resource_zone"": ""us-central1-a"", ""vm"": ""8057035535632679842""}",0
2026-09-27T02:30:29.739096Z,"{""command"": ""acpi_thermal_pm"", ""command_line"": """", ""owner"": ""root"", ""pid"": ""54"", ""process"": ""all"", ""resource_instance_id"": ""8057035535632679842"", ""resource_project_id"": ""proyecto-2-cloud-509714"", ""resource_type"": ""gce_instance"", ""resource_zone"": ""us-central1-a"", ""vm"": ""8057035535632679842""}",0
2026-09-27T02:30:22.325513Z,"{""command"": ""acpi_thermal_pm"", ""command_line"": """", ""owner"": ""root"", ""pid"": ""54"", ""process"": ""all"", ""resource_instance_id"": ""8057035535632679842"", ""resource_project_id"": ""proyecto-2-cloud-509714"", ""resource_type"": ""gce_instance"", ""resource_zone"": ""us-central1-a"", ""vm"": ""8057035535632679842""}",0
2026-09-27T02:49:59.740520Z,"{""command"": ""agetty"", ""command_line"": ""/sbin/agetty -o -p -- \\u --keep-baud 115200,57600,38400,9600 - vt220"", ""owner"": ""root"", ""pid"": ""462"", ""process"": ""all"", ""resource_instance_id"": ""8057035535632679842"", ""resource_project_id"": ""proyecto-2-cloud-509714"", ""resource_type"": ""gce_instance"", ""resource_zone"": ""us-central1-a"", ""vm"": ""8057035535632679842""}",3014656
2026-09-27T02:49:29.736063Z,"{""command"": ""agetty"", ""command_line"": ""/sbin/agetty -o -p -- \\u --keep-baud 115200,57600,38400,9600 - vt220"", ""owner"": ""root"", ""pid"": ""462"", ""process"": ""all"", ""resource_instance_id"": ""8057035535632679842"", ""resource_project_id"": ""proyecto-2-cloud-509714"", ""resource_type"": ""gce_instance"", ""resource_zone"": ""us-central1-a"", ""vm"": ""8057035535632679842""}",3014656
2026-09-27T02:48:59.731601Z,"{""command"": ""agetty"", ""command_line"": ""/sbin/agetty -o -p -- \\u --keep-baud 115200,57600,38400,9600 - vt220"", ""owner"": ""root"", ""pid"": ""462"", ""process"": ""all"", ""resource_instance_id"": ""8057035535632679842"", ""resource_project_id"": ""proyecto-2-cloud-509714"", ""resource_type"": ""gce_instance"", ""resource_zone"": ""us-central1-a"", ""vm"": ""8057035535632679842""}",3014656
2026-09-27T02:48:29.737973Z,"{""command"": ""agetty"", ""command_line"": ""/sbin/agetty -o -p -- \\u --keep-baud 115200,57600,38400,9600 - vt220"", ""owner"": ""root"", ""pid"": ""462"", ""process"": ""all"", ""resource_instance_id"": ""8057035535632679842"", ""resource_project_id"": ""proyecto-2-cloud-509714"", ""resource_type"": ""gce_instance"", ""resource_zone"": ""us-central1-a"", ""vm"": ""8057035535632679842""}",3014656
2026-09-27T02:47:59.735646Z,"{""command"": ""agetty"", ""command_line"": ""/sbin/agetty -o -p -- \\u --keep-baud 115200,57600,38400,9600 - vt220"", ""owner"": ""root"", ""pid"": ""462"", ""process"": ""all"", ""resource_instance_id"": ""8057035535632679842"", ""resource_project_id"": ""proyecto-2-cloud-509714"", ""resource_type"": ""gce_instance"", ""resource_zone"": ""us-central1-a"", ""vm"": ""8057035535632679842""}",3014656
2026-09-27T02:47:29.732733Z,"{""command"": ""agetty"", ""command_line"": ""/sbin/agetty -o -p -- \\u --keep-baud 115200,57600,38400,9600 - vt220"", ""owner"": ""root"", ""pid"": ""462"", ""process"": ""all"", ""resource_instance_id"": ""8057035535632679842"", ""resource_project_id"": ""proyecto-2-cloud-509714"", ""resource_type"": ""gce_instance"", ""resource_zone"": ""us-central1-a"", ""vm"": ""8057035535632679842""}",3014656
2026-09-27T02:46:59.743503Z,"{""command"": ""agetty"", ""command_line"": ""/sbin/agetty -o -p -- \\u --keep-baud 115200,57600,38400,9600 - vt220"", ""owner"": ""root"", ""pid"": ""462"", ""process"": ""all"", ""resource_instance_id"": ""8057035535632679842"", ""resource_project_id"": ""proyecto-2-cloud-509714"", ""resource_type"": ""gce_instance"", ""resource_zone"": ""us-central1-a"", ""vm"": ""8057035535632679842""}",3014656
2026-09-27T02:46:29.739411Z,"{""command"": ""agetty"", ""command_line"": ""/sbin/agetty -o -p -- \\u --keep-baud 115200,57600,38400,9600 - vt220"", ""owner"": ""root"", ""pid"": ""462"", ""process"": ""all"", ""resource_instance_id"": ""8057035535632679842"", ""resource_project_id"": ""proyecto-2-cloud-509714"", ""resource_type"": ""gce_instance"", ""resource_zone"": ""us-central1-a"", ""vm"": ""8057035535632679842""}",3014656
2026-09-27T02:45:59.731831Z,"{""command"": ""agetty"", ""command_line"": ""/sbin/agetty -o -p -- \\u --keep-baud 115200,57600,38400,9600 - vt220"", ""owner"": ""root"", ""pid"": ""462"", ""process"": ""all"", ""resource_instance_id"": ""8057035535632679842"", ""resource_project_id"": ""proyecto-2-cloud-509714"", ""resource_type"": ""gce_instance"", ""resource_zone"": ""us-central1-a"", ""vm"": ""8057035535632679842""}",3014656
2026-09-27T02:45:29.737630Z,"{""command"": ""agetty"", ""command_line"": ""/sbin/agetty -o -p -- \\u --keep-baud 115200,57600,38400,9600 - vt220"", ""owner"": ""root"", ""pid"": ""462"", ""process"": ""all"", ""resource_instance_id"": ""8057035535632679842"", ""resource_project_id"": ""proyecto-2-cloud-509714"", ""resource_type"": ""gce_instance"", ""resource_zone"": ""us-central1-a"", ""vm"": ""8057035535632679842""}",3014656
2026-09-27T02:44:59.743387Z,"{""command"": ""agetty"", ""command_line"": ""/sbin/agetty -o -p -- \\u --keep-baud 115200,57600,38400,9600 - vt220"", ""owner"": ""root"", ""pid"": ""462"", ""process"": ""all"", ""resource_instance_id"": ""8057035535632679842"", ""resource_project_id"": ""proyecto-2-cloud-509714"", ""resource_type"": ""gce_instance"", ""resource_zone"": ""us-central1-a"", ""vm"": ""8057035535632679842""}",3014656
2026-09-27T02:44:29.740237Z,"{""command"": ""agetty"", ""command_line"": ""/sbin/agetty -o -p -- \\u --keep-baud 115200,57600,38400,9600 - vt220"", ""owner"": ""root"", ""pid"": ""462"", ""process"": ""all"", ""resource_instance_id"": ""8057035535632679842"", ""resource_project_id"": ""proyecto-2-cloud-509714"", ""resource_type"": ""gce_instance"", ""resource_zone"": ""us-central1-a"", ""vm"": ""8057035535632679842""}",3014656
2026-09-27T02:43:59.741931Z,"{""command"": ""agetty"", ""command_line"": ""/sbin/agetty -o -p -- \\u --keep-baud 115200,57600,38400,9600 - vt220"", ""owner"": ""root"", ""pid"": ""462"", ""process"": ""all"", ""resource_instance_id"": ""8057035535632679842"", ""resource_project_id"": ""proyecto-2-cloud-509714"", ""resource_type"": ""gce_instance"", ""resource_zone"": ""us-central1-a"", ""vm"": ""8057035535632679842""}",3014656
2026-09-27T02:43:29.742946Z,"{""command"": ""agetty"", ""command_line"": ""/sbin/agetty -o -p -- \\u --keep-baud 115200,57600,38400,9600 - vt220"", ""owner"": ""root"", ""pid"": ""462"", ""process"": ""all"", ""resource_instance_id"": ""8057035535632679842"", ""resource_project_id"": ""proyecto-2-cloud-509714"", ""resource_type"": ""gce_instance"", ""resource_zone"": ""us-central1-a"", ""vm"": ""8057035535632679842""}",3014656
2026-09-27T02:42:59.736369Z,"{""command"": ""agetty"", ""command_line"": ""/sbin/agetty -o -p -- \\u --keep-baud 115200,57600,38400,9600 - vt220"", ""owner"": ""root"", ""pid"": ""462"", ""process"": ""all"", ""resource_instance_id"": ""8057035535632679842"", ""resource_project_id"": ""proyecto-2-cloud-509714"", ""resource_type"": ""gce_instance"", ""resource_zone"": ""us-central1-a"", ""vm"": ""8057035535632679842""}",3014656
2026-09-27T02:42:29.762289Z,"{""command"": ""agetty"", ""command_line"": ""/sbin/agetty -o -p -- \\u --keep-baud 115200,57600,38400,9600 - vt220"", ""owner"": ""root"", ""pid"": ""462"", ""process"": ""all"", ""resource_instance_id"": ""8057035535632679842"", ""resource_project_id"": ""proyecto-2-cloud-509714"", ""resource_type"": ""gce_instance"", ""resource_zone"": ""us-central1-a"", ""vm"": ""8057035535632679842""}",3014656
2026-09-27T02:41:59.739902Z,"{""command"": ""agetty"", ""command_line"": ""/sbin/agetty -o -p -- \\u --keep-baud 115200,57600,38400,9600 - vt220"", ""owner"": ""root"", ""pid"": ""462"", ""process"": ""all"", ""resource_instance_id"": ""8057035535632679842"", ""resource_project_id"": ""proyecto-2-cloud-509714"", ""resource_type"": ""gce_instance"", ""resource_zone"": ""us-central1-a"", ""vm"": ""8057035535632679842""}",3014656
2026-09-27T02:41:29.743379Z,"{""command"": ""agetty"", ""command_line"": ""/sbin/agetty -o -p -- \\u --keep-baud 115200,57600,38400,9600 - vt220"", ""owner"": ""root"", ""pid"": ""462"", ""process"": ""all"", ""resource_instance_id"": ""8057035535632679842"", ""resource_project_id"": ""proyecto-2-cloud-509714"", ""resource_type"": ""gce_instance"", ""resource_zone"": ""us-central1-a"", ""vm"": ""8057035535632679842""}",3014656
2026-09-27T02:40:59.731466Z,"{""command"": ""agetty"", ""command_line"": ""/sbin/agetty -o -p -- \\u --keep-baud 115200,57600,38400,9600 - vt220"", ""owner"": ""root"", ""pid"": ""462"", ""process"": ""all"", ""resource_instance_id"": ""8057035535632679842"", ""resource_project_id"": ""proyecto-2-cloud-509714"", ""resource_type"": ""gce_instance"", ""resource_zone"": ""us-central1-a"", ""vm"": ""8057035535632679842""}",3014656
2026-09-27T02:40:29.729393Z,"{""command"": ""agetty"", ""command_line"": ""/sbin/agetty -o -p -- \\u --keep-baud 115200,57600,38400,9600 - vt220"", ""owner"": ""root"", ""pid"": ""462"", ""process"": ""all"", ""resource_instance_id"": ""8057035535632679842"", ""resource_project_id"": ""proyecto-2-cloud-509714"", ""resource_type"": ""gce_instance"", ""resource_zone"": ""us-central1-a"", ""vm"": ""8057035535632679842""}",3014656
2026-09-27T02:39:59.737049Z,"{""command"": ""agetty"", ""command_line"": ""/sbin/agetty -o -p -- \\u --keep-baud 115200,57600,38400,9600 - vt220"", ""owner"": ""root"", ""pid"": ""462"", ""process"": ""all"", ""resource_instance_id"": ""8057035535632679842"", ""resource_project_id"": ""proyecto-2-cloud-509714"", ""resource_type"": ""gce_instance"", ""resource_zone"": ""us-central1-a"", ""vm"": ""8057035535632679842""}",3014656
2026-09-27T02:39:29.731058Z,"{""command"": ""agetty"", ""command_line"": ""/sbin/agetty -o -p -- \\u --keep-baud 115200,57600,38400,9600 - vt220"", ""owner"": ""root"", ""pid"": ""462"", ""process"": ""all"", ""resource_instance_id"": ""8057035535632679842"", ""resource_project_id"": ""proyecto-2-cloud-509714"", ""resource_type"": ""gce_instance"", ""resource_zone"": ""us-central1-a"", ""vm"": ""8057035535632679842""}",3014656
2026-09-27T02:38:59.737096Z,"{""command"": ""agetty"", ""command_line"": ""/sbin/agetty -o -p -- \\u --keep-baud 115200,57600,38400,9600 - vt220"", ""owner"": ""root"", ""pid"": ""462"", ""process"": ""all"", ""resource_instance_id"": ""8057035535632679842"", ""resource_project_id"": ""proyecto-2-cloud-509714"", ""resource_type"": ""gce_instance"", ""resource_zone"": ""us-central1-a"", ""vm"": ""8057035535632679842""}",3014656
2026-09-27T02:38:29.728276Z,"{""command"": ""agetty"", ""command_line"": ""/sbin/agetty -o -p -- \\u --keep-baud 115200,57600,38400,9600 - vt220"", ""owner"": ""root"", ""pid"": ""462"", ""process"": ""all"", ""resource_instance_id"": ""8057035535632679842"", ""resource_project_id"": ""proyecto-2-cloud-509714"", ""resource_type"": ""gce_instance"", ""resource_zone"": ""us-central1-a"", ""vm"": ""8057035535632679842""}",3014656
2026-09-27T02:37:59.738863Z,"{""command"": ""agetty"", ""command_line"": ""/sbin/agetty -o -p -- \\u --keep-baud 115200,57600,38400,9600 - vt220"", ""owner"": ""root"", ""pid"": ""462"", ""process"": ""all"", ""resource_instance_id"": ""8057035535632679842"", ""resource_project_id"": ""proyecto-2-cloud-509714"", ""resource_type"": ""gce_instance"", ""resource_zone"": ""us-central1-a"", ""vm"": ""8057035535632679842""}",3014656
2026-09-27T02:37:29.733093Z,"{""command"": ""agetty"", ""command_line"": ""/sbin/agetty -o -p -- \\u --keep-baud 115200,57600,38400,9600 - vt220"", ""owner"": ""root"", ""pid"": ""462"", ""process"": ""all"", ""resource_instance_id"": ""8057035535632679842"", ""resource_project_id"": ""proyecto-2-cloud-509714"", ""resource_type"": ""gce_instance"", ""resource_zone"": ""us-central1-a"", ""vm"": ""8057035535632679842""}",3014656
2026-09-27T02:36:59.740781Z,"{""command"": ""agetty"", ""command_line"": ""/sbin/agetty -o -p -- \\u --keep-baud 115200,57600,38400,9600 - vt220"", ""owner"": ""root"", ""pid"": ""462"", ""process"": ""all"", ""resource_instance_id"": ""8057035535632679842"", ""resource_project_id"": ""proyecto-2-cloud-509714"", ""resource_type"": ""gce_instance"", ""resource_zone"": ""us-central1-a"", ""vm"": ""8057035535632679842""}",3014656
2026-09-27T02:36:29.735970Z,"{""command"": ""agetty"", ""command_line"": ""/sbin/agetty -o -p -- \\u --keep-baud 115200,57600,38400,9600 - vt220"", ""owner"": ""root"", ""pid"": ""462"", ""process"": ""all"", ""resource_instance_id"": ""8057035535632679842"", ""resource_project_id"": ""proyecto-2-cloud-509714"", ""resource_type"": ""gce_instance"", ""resource_zone"": ""us-central1-a"", ""vm"": ""8057035535632679842""}",3014656
2026-09-27T02:35:59.728391Z,"{""command"": ""agetty"", ""command_line"": ""/sbin/agetty -o -p -- \\u --keep-baud 115200,57600,38400,9600 - vt220"", ""owner"": ""root"", ""pid"": ""462"", ""process"": ""all"", ""resource_instance_id"": ""8057035535632679842"", ""resource_project_id"": ""proyecto-2-cloud-509714"", ""resource_type"": ""gce_instance"", ""resource_zone"": ""us-central1-a"", ""vm"": ""8057035535632679842""}",3014656
2026-09-27T02:35:29.726504Z,"{""command"": ""agetty"", ""command_line"": ""/sbin/agetty -o -p -- \\u --keep-baud 115200,57600,38400,9600 - vt220"", ""owner"": ""root"", ""pid"": ""462"", ""process"": ""all"", ""resource_instance_id"": ""8057035535632679842"", ""resource_project_id"": ""proyecto-2-cloud-509714"", ""resource_type"": ""gce_instance"", ""resource_zone"": ""us-central1-a"", ""vm"": ""8057035535632679842""}",3014656
2026-09-27T02:34:59.732080Z,"{""command"": ""agetty"", ""command_line"": ""/sbin/agetty -o -p -- \\u --keep-baud 115200,57600,38400,9600 - vt220"", ""owner"": ""root"", ""pid"": ""462"", ""process"": ""all"", ""resource_instance_id"": ""8057035535632679842"", ""resource_project_id"": ""proyecto-2-cloud-509714"", ""resource_type"": ""gce_instance"", ""resource_zone"": ""us-central1-a"", ""vm"": ""8057035535632679842""}",3014656
2026-09-27T02:34:29.731859Z,"{""command"": ""agetty"", ""command_line"": ""/sbin/agetty -o -p -- \\u --keep-baud 115200,57600,38400,9600 - vt220"", ""owner"": ""root"", ""pid"": ""462"", ""process"": ""all"", ""resource_instance_id"": ""8057035535632679842"", ""resource_project_id"": ""proyecto-2-cloud-509714"", ""resource_type"": ""gce_instance"", ""resource_zone"": ""us-central1-a"", ""vm"": ""8057035535632679842""}",3014656
2026-09-27T02:33:59.738127Z,"{""command"": ""agetty"", ""command_line"": ""/sbin/agetty -o -p -- \\u --keep-baud 115200,57600,38400,9600 - vt220"", ""owner"": ""root"", ""pid"": ""462"", ""process"": ""all"", ""resource_instance_id"": ""8057035535632679842"", ""resource_project_id"": ""proyecto-2-cloud-509714"", ""resource_type"": ""gce_instance"", ""resource_zone"": ""us-central1-a"", ""vm"": ""8057035535632679842""}",3014656
2026-09-27T02:33:29.727328Z,"{""command"": ""agetty"", ""command_line"": ""/sbin/agetty -o -p -- \\u --keep-baud 115200,57600,38400,9600 - vt220"", ""owner"": ""root"", ""pid"": ""462"", ""process"": ""all"", ""resource_instance_id"": ""8057035535632679842"", ""resource_project_id"": ""proyecto-2-cloud-509714"", ""resource_type"": ""gce_instance"", ""resource_zone"": ""us-central1-a"", ""vm"": ""8057035535632679842""}",3014656
2026-09-27T02:32:59.744645Z,"{""command"": ""agetty"", ""command_line"": ""/sbin/agetty -o -p -- \\u --keep-baud 115200,57600,38400,9600 - vt220"", ""owner"": ""root"", ""pid"": ""462"", ""process"": ""all"", ""resource_instance_id"": ""8057035535632679842"", ""resource_project_id"": ""proyecto-2-cloud-509714"", ""resource_type"": ""gce_instance"", ""resource_zone"": ""us-central1-a"", ""vm"": ""8057035535632679842""}",3014656
2026-09-27T02:32:29.736059Z,"{""command"": ""agetty"", ""command_line"": ""/sbin/agetty -o -p -- \\u --keep-baud 115200,57600,38400,9600 - vt220"", ""owner"": ""root"", ""pid"": ""462"", ""process"": ""all"", ""resource_instance_id"": ""8057035535632679842"", ""resource_project_id"": ""proyecto-2-cloud-509714"", ""resource_type"": ""gce_instance"", ""resource_zone"": ""us-central1-a"", ""vm"": ""8057035535632679842""}",3014656
2026-09-27T02:31:59.736039Z,"{""command"": ""agetty"", ""command_line"": ""/sbin/agetty -o -p -- \\u --keep-baud 115200,57600,38400,9600 - vt220"", ""owner"": ""root"", ""pid"": ""462"", ""process"": ""all"", ""resource_instance_id"": ""8057035535632679842"", ""resource_project_id"": ""proyecto-2-cloud-509714"", ""resource_type"": ""gce_instance"", ""resource_zone"": ""us-central1-a"", ""vm"": ""8057035535632679842""}",3014656
2026-09-27T02:31:29.730293Z,"{""command"": ""agetty"", ""command_line"": ""/sbin/agetty -o -p -- \\u --keep-baud 115200,57600,38400,9600 - vt220"", ""owner"": ""root"", ""pid"": ""462"", ""process"": ""all"", ""resource_instance_id"": ""8057035535632679842"", ""resource_project_id"": ""proyecto-2-cloud-509714"", ""resource_type"": ""gce_instance"", ""resource_zone"": ""us-central1-a"", ""vm"": ""8057035535632679842""}",3014656
2026-09-27T02:30:59.747021Z,"{""command"": ""agetty"", ""command_line"": ""/sbin/agetty -o -p -- \\u --keep-baud 115200,57600,38400,9600 - vt220"", ""owner"": ""root"", ""pid"": ""462"", ""process"": ""all"", ""resource_instance_id"": ""8057035535632679842"", ""resource_project_id"": ""proyecto-2-cloud-509714"", ""resource_type"": ""gce_instance"", ""resource_zone"": ""us-central1-a"", ""vm"": ""8057035535632679842""}",3014656
2026-09-27T02:30:29.741243Z,"{""command"": ""agetty"", ""command_line"": ""/sbin/agetty -o -p -- \\u --keep-baud 115200,57600,38400,9600 - vt220"", ""owner"": ""root"", ""pid"": ""462"", ""process"": ""all"", ""resource_instance_id"": ""8057035535632679842"", ""resource_project_id"": ""proyecto-2-cloud-509714"", ""resource_type"": ""gce_instance"", ""resource_zone"": ""us-central1-a"", ""vm"": ""8057035535632679842""}",3014656
2026-09-27T02:30:22.327778Z,"{""command"": ""agetty"", ""command_line"": ""/sbin/agetty -o -p -- \\u --keep-baud 115200,57600,38400,9600 - vt220"", ""owner"": ""root"", ""pid"": ""462"", ""process"": ""all"", ""resource_instance_id"": ""8057035535632679842"", ""resource_project_id"": ""proyecto-2-cloud-509714"", ""resource_type"": ""gce_instance"", ""resource_zone"": ""us-central1-a"", ""vm"": ""8057035535632679842""}",3014656
2026-09-27T02:49:59.740125Z,"{""command"": ""agetty"", ""command_line"": ""/sbin/agetty -o -p -- \\u --noclear - linux"", ""owner"": ""root"", ""pid"": ""410"", ""process"": ""all"", ""resource_instance_id"": ""8057035535632679842"", ""resource_project_id"": ""proyecto-2-cloud-509714"", ""resource_type"": ""gce_instance"", ""resource_zone"": ""us-central1-a"", ""vm"": ""8057035535632679842""}",2969600
2026-09-27T02:49:29.735809Z,"{""command"": ""agetty"", ""command_line"": ""/sbin/agetty -o -p -- \\u --noclear - linux"", ""owner"": ""root"", ""pid"": ""410"", ""process"": ""all"", ""resource_instance_id"": ""8057035535632679842"", ""resource_project_id"": ""proyecto-2-cloud-509714"", ""resource_type"": ""gce_instance"", ""resource_zone"": ""us-central1-a"", ""vm"": ""8057035535632679842""}",2969600
2026-09-27T02:48:59.731253Z,"{""command"": ""agetty"", ""command_line"": ""/sbin/agetty -o -p -- \\u --noclear - linux"", ""owner"": ""root"", ""pid"": ""410"", ""process"": ""all"", ""resource_instance_id"": ""8057035535632679842"", ""resource_project_id"": ""proyecto-2-cloud-509714"", ""resource_type"": ""gce_instance"", ""resource_zone"": ""us-central1-a"", ""vm"": ""8057035535632679842""}",2969600
2026-09-27T02:48:29.737642Z,"{""command"": ""agetty"", ""command_line"": ""/sbin/agetty -o -p -- \\u --noclear - linux"", ""owner"": ""root"", ""pid"": ""410"", ""process"": ""all"", ""resource_instance_id"": ""8057035535632679842"", ""resource_project_id"": ""proyecto-2-cloud-509714"", ""resource_type"": ""gce_instance"", ""resource_zone"": ""us-central1-a"", ""vm"": ""8057035535632679842""}",2969600
2026-09-27T02:47:59.735365Z,"{""command"": ""agetty"", ""command_line"": ""/sbin/agetty -o -p -- \\u --noclear - linux"", ""owner"": ""root"", ""pid"": ""410"", ""process"": ""all"", ""resource_instance_id"": ""8057035535632679842"", ""resource_project_id"": ""proyecto-2-cloud-509714"", ""resource_type"": ""gce_instance"", ""resource_zone"": ""us-central1-a"", ""vm"": ""8057035535632679842""}",2969600
2026-09-27T02:47:29.732479Z,"{""command"": ""agetty"", ""command_line"": ""/sbin/agetty -o -p -- \\u --noclear - linux"", ""owner"": ""root"", ""pid"": ""410"", ""process"": ""all"", ""resource_instance_id"": ""8057035535632679842"", ""resource_project_id"": ""proyecto-2-cloud-509714"", ""resource_type"": ""gce_instance"", ""resource_zone"": ""us-central1-a"", ""vm"": ""8057035535632679842""}",2969600
2026-09-27T02:46:59.743200Z,"{""command"": ""agetty"", ""command_line"": ""/sbin/agetty -o -p -- \\u --noclear - linux"", ""owner"": ""root"", ""pid"": ""410"", ""process"": ""all"", ""resource_instance_id"": ""8057035535632679842"", ""resource_project_id"": ""proyecto-2-cloud-509714"", ""resource_type"": ""gce_instance"", ""resource_zone"": ""us-central1-a"", ""vm"": ""8057035535632679842""}",2969600
2026-09-27T02:46:29.738991Z,"{""command"": ""agetty"", ""command_line"": ""/sbin/agetty -o -p -- \\u --noclear - linux"", ""owner"": ""root"", ""pid"": ""410"", ""process"": ""all"", ""resource_instance_id"": ""8057035535632679842"", ""resource_project_id"": ""proyecto-2-cloud-509714"", ""resource_type"": ""gce_instance"", ""resource_zone"": ""us-central1-a"", ""vm"": ""8057035535632679842""}",2969600
2026-09-27T02:45:59.731607Z,"{""command"": ""agetty"", ""command_line"": ""/sbin/agetty -o -p -- \\u --noclear - linux"", ""owner"": ""root"", ""pid"": ""410"", ""process"": ""all"", ""resource_instance_id"": ""8057035535632679842"", ""resource_project_id"": ""proyecto-2-cloud-509714"", ""resource_type"": ""gce_instance"", ""resource_zone"": ""us-central1-a"", ""vm"": ""8057035535632679842""}",2969600
2026-09-27T02:45:29.737408Z,"{""command"": ""agetty"", ""command_line"": ""/sbin/agetty -o -p -- \\u --noclear - linux"", ""owner"": ""root"", ""pid"": ""410"", ""process"": ""all"", ""resource_instance_id"": ""8057035535632679842"", ""resource_project_id"": ""proyecto-2-cloud-509714"", ""resource_type"": ""gce_instance"", ""resource_zone"": ""us-central1-a"", ""vm"": ""8057035535632679842""}",2969600
2026-09-27T02:44:59.743138Z,"{""command"": ""agetty"", ""command_line"": ""/sbin/agetty -o -p -- \\u --noclear - linux"", ""owner"": ""root"", ""pid"": ""410"", ""process"": ""all"", ""resource_instance_id"": ""8057035535632679842"", ""resource_project_id"": ""proyecto-2-cloud-509714"", ""resource_type"": ""gce_instance"", ""resource_zone"": ""us-central1-a"", ""vm"": ""8057035535632679842""}",2969600
2026-09-27T02:44:29.739989Z,"{""command"": ""agetty"", ""command_line"": ""/sbin/agetty -o -p -- \\u --noclear - linux"", ""owner"": ""root"", ""pid"": ""410"", ""process"": ""all"", ""resource_instance_id"": ""8057035535632679842"", ""resource_project_id"": ""proyecto-2-cloud-509714"", ""resource_type"": ""gce_instance"", ""resource_zone"": ""us-central1-a"", ""vm"": ""8057035535632679842""}",2969600
2026-09-27T02:43:59.741676Z,"{""command"": ""agetty"", ""command_line"": ""/sbin/agetty -o -p -- \\u --noclear - linux"", ""owner"": ""root"", ""pid"": ""410"", ""process"": ""all"", ""resource_instance_id"": ""8057035535632679842"", ""resource_project_id"": ""proyecto-2-cloud-509714"", ""resource_type"": ""gce_instance"", ""resource_zone"": ""us-central1-a"", ""vm"": ""8057035535632679842""}",2969600
2026-09-27T02:43:29.742489Z,"{""command"": ""agetty"", ""command_line"": ""/sbin/agetty -o -p -- \\u --noclear - linux"", ""owner"": ""root"", ""pid"": ""410"", ""process"": ""all"", ""resource_instance_id"": ""8057035535632679842"", ""resource_project_id"": ""proyecto-2-cloud-509714"", ""resource_type"": ""gce_instance"", ""resource_zone"": ""us-central1-a"", ""vm"": ""8057035535632679842""}",2969600
2026-09-27T02:42:59.736118Z,"{""command"": ""agetty"", ""command_line"": ""/sbin/agetty -o -p -- \\u --noclear - linux"", ""owner"": ""root"", ""pid"": ""410"", ""process"": ""all"", ""resource_instance_id"": ""8057035535632679842"", ""resource_project_id"": ""proyecto-2-cloud-509714"", ""resource_type"": ""gce_instance"", ""resource_zone"": ""us-central1-a"", ""vm"": ""8057035535632679842""}",2969600
2026-09-27T02:42:29.762033Z,"{""command"": ""agetty"", ""command_line"": ""/sbin/agetty -o -p -- \\u --noclear - linux"", ""owner"": ""root"", ""pid"": ""410"", ""process"": ""all"", ""resource_instance_id"": ""8057035535632679842"", ""resource_project_id"": ""proyecto-2-cloud-509714"", ""resource_type"": ""gce_instance"", ""resource_zone"": ""us-central1-a"", ""vm"": ""8057035535632679842""}",2969600
2026-09-27T02:41:59.739607Z,"{""command"": ""agetty"", ""command_line"": ""/sbin/agetty -o -p -- \\u --noclear - linux"", ""owner"": ""root"", ""pid"": ""410"", ""process"": ""all"", ""resource_instance_id"": ""8057035535632679842"", ""resource_project_id"": ""proyecto-2-cloud-509714"", ""resource_type"": ""gce_instance"", ""resource_zone"": ""us-central1-a"", ""vm"": ""8057035535632679842""}",2969600
2026-09-27T02:41:29.743130Z,"{""command"": ""agetty"", ""command_line"": ""/sbin/agetty -o -p -- \\u --noclear - linux"", ""owner"": ""root"", ""pid"": ""410"", ""process"": ""all"", ""resource_instance_id"": ""8057035535632679842"", ""resource_project_id"": ""proyecto-2-cloud-509714"", ""resource_type"": ""gce_instance"", ""resource_zone"": ""us-central1-a"", ""vm"": ""8057035535632679842""}",2969600
2026-09-27T02:40:59.730728Z,"{""command"": ""agetty"", ""command_line"": ""/sbin/agetty -o -p -- \\u --noclear - linux"", ""owner"": ""root"", ""pid"": ""410"", ""process"": ""all"", ""resource_instance_id"": ""8057035535632679842"", ""resource_project_id"": ""proyecto-2-cloud-509714"", ""resource_type"": ""gce_instance"", ""resource_zone"": ""us-central1-a"", ""vm"": ""8057035535632679842""}",2969600
2026-09-27T02:40:29.729157Z,"{""command"": ""agetty"", ""command_line"": ""/sbin/agetty -o -p -- \\u --noclear - linux"", ""owner"": ""root"", ""pid"": ""410"", ""process"": ""all"", ""resource_instance_id"": ""8057035535632679842"", ""resource_project_id"": ""proyecto-2-cloud-509714"", ""resource_type"": ""gce_instance"", ""resource_zone"": ""us-central1-a"", ""vm"": ""8057035535632679842""}",2969600
2026-09-27T02:39:59.736598Z,"{""command"": ""agetty"", ""command_line"": ""/sbin/agetty -o -p -- \\u --noclear - linux"", ""owner"": ""root"", ""pid"": ""410"", ""process"": ""all"", ""resource_instance_id"": ""8057035535632679842"", ""resource_project_id"": ""proyecto-2-cloud-509714"", ""resource_type"": ""gce_instance"", ""resource_zone"": ""us-central1-a"", ""vm"": ""8057035535632679842""}",2969600
2026-09-27T02:39:29.730824Z,"{""command"": ""agetty"", ""command_line"": ""/sbin/agetty -o -p -- \\u --noclear - linux"", ""owner"": ""root"", ""pid"": ""410"", ""process"": ""all"", ""resource_instance_id"": ""8057035535632679842"", ""resource_project_id"": ""proyecto-2-cloud-509714"", ""resource_type"": ""gce_instance"", ""resource_zone"": ""us-central1-a"", ""vm"": ""8057035535632679842""}",2969600
2026-09-27T02:38:59.736652Z,"{""command"": ""agetty"", ""command_line"": ""/sbin/agetty -o -p -- \\u --noclear - linux"", ""owner"": ""root"", ""pid"": ""410"", ""process"": ""all"", ""resource_instance_id"": ""8057035535632679842"", ""resource_project_id"": ""proyecto-2-cloud-509714"", ""resource_type"": ""gce_instance"", ""resource_zone"": ""us-central1-a"", ""vm"": ""8057035535632679842""}",2969600
2026-09-27T02:38:29.728064Z,"{""command"": ""agetty"", ""command_line"": ""/sbin/agetty -o -p -- \\u --noclear - linux"", ""owner"": ""root"", ""pid"": ""410"", ""process"": ""all"", ""resource_instance_id"": ""8057035535632679842"", ""resource_project_id"": ""proyecto-2-cloud-509714"", ""resource_type"": ""gce_instance"", ""resource_zone"": ""us-central1-a"", ""vm"": ""8057035535632679842""}",2969600
2026-09-27T02:37:59.738553Z,"{""command"": ""agetty"", ""command_line"": ""/sbin/agetty -o -p -- \\u --noclear - linux"", ""owner"": ""root"", ""pid"": ""410"", ""process"": ""all"", ""resource_instance_id"": ""8057035535632679842"", ""resource_project_id"": ""proyecto-2-cloud-509714"", ""resource_type"": ""gce_instance"", ""resource_zone"": ""us-central1-a"", ""vm"": ""8057035535632679842""}",2969600
2026-09-27T02:37:29.732837Z,"{""command"": ""agetty"", ""command_line"": ""/sbin/agetty -o -p -- \\u --noclear - linux"", ""owner"": ""root"", ""pid"": ""410"", ""process"": ""all"", ""resource_instance_id"": ""8057035535632679842"", ""resource_project_id"": ""proyecto-2-cloud-509714"", ""resource_type"": ""gce_instance"", ""resource_zone"": ""us-central1-a"", ""vm"": ""8057035535632679842""}",2969600
2026-09-27T02:36:59.740378Z,"{""command"": ""agetty"", ""command_line"": ""/sbin/agetty -o -p -- \\u --noclear - linux"", ""owner"": ""root"", ""pid"": ""410"", ""process"": ""all"", ""resource_instance_id"": ""8057035535632679842"", ""resource_project_id"": ""proyecto-2-cloud-509714"", ""resource_type"": ""gce_instance"", ""resource_zone"": ""us-central1-a"", ""vm"": ""8057035535632679842""}",2969600
2026-09-27T02:36:29.735587Z,"{""command"": ""agetty"", ""command_line"": ""/sbin/agetty -o -p -- \\u --noclear - linux"", ""owner"": ""root"", ""pid"": ""410"", ""process"": ""all"", ""resource_instance_id"": ""8057035535632679842"", ""resource_project_id"": ""proyecto-2-cloud-509714"", ""resource_type"": ""gce_instance"", ""resource_zone"": ""us-central1-a"", ""vm"": ""8057035535632679842""}",2969600
2026-09-27T02:35:59.728055Z,"{""command"": ""agetty"", ""command_line"": ""/sbin/agetty -o -p -- \\u --noclear - linux"", ""owner"": ""root"", ""pid"": ""410"", ""process"": ""all"", ""resource_instance_id"": ""8057035535632679842"", ""resource_project_id"": ""proyecto-2-cloud-509714"", ""resource_type"": ""gce_instance"", ""resource_zone"": ""us-central1-a"", ""vm"": ""8057035535632679842""}",2969600
2026-09-27T02:35:29.726295Z,"{""command"": ""agetty"", ""command_line"": ""/sbin/agetty -o -p -- \\u --noclear - linux"", ""owner"": ""root"", ""pid"": ""410"", ""process"": ""all"", ""resource_instance_id"": ""8057035535632679842"", ""resource_project_id"": ""proyecto-2-cloud-509714"", ""resource_type"": ""gce_instance"", ""resource_zone"": ""us-central1-a"", ""vm"": ""8057035535632679842""}",2969600
2026-09-27T02:34:59.731535Z,"{""command"": ""agetty"", ""command_line"": ""/sbin/agetty -o -p -- \\u --noclear - linux"", ""owner"": ""root"", ""pid"": ""410"", ""process"": ""all"", ""resource_instance_id"": ""8057035535632679842"", ""resource_project_id"": ""proyecto-2-cloud-509714"", ""resource_type"": ""gce_instance"", ""resource_zone"": ""us-central1-a"", ""vm"": ""8057035535632679842""}",2969600
2026-09-27T02:34:29.731465Z,"{""command"": ""agetty"", ""command_line"": ""/sbin/agetty -o -p -- \\u --noclear - linux"", ""owner"": ""root"", ""pid"": ""410"", ""process"": ""all"", ""resource_instance_id"": ""8057035535632679842"", ""resource_project_id"": ""proyecto-2-cloud-509714"", ""resource_type"": ""gce_instance"", ""resource_zone"": ""us-central1-a"", ""vm"": ""8057035535632679842""}",2969600
2026-09-27T02:33:59.737880Z,"{""command"": ""agetty"", ""command_line"": ""/sbin/agetty -o -p -- \\u --noclear - linux"", ""owner"": ""root"", ""pid"": ""410"", ""process"": ""all"", ""resource_instance_id"": ""8057035535632679842"", ""resource_project_id"": ""proyecto-2-cloud-509714"", ""resource_type"": ""gce_instance"", ""resource_zone"": ""us-central1-a"", ""vm"": ""8057035535632679842""}",2969600
2026-09-27T02:33:29.727069Z,"{""command"": ""agetty"", ""command_line"": ""/sbin/agetty -o -p -- \\u --noclear - linux"", ""owner"": ""root"", ""pid"": ""410"", ""process"": ""all"", ""resource_instance_id"": ""8057035535632679842"", ""resource_project_id"": ""proyecto-2-cloud-509714"", ""resource_type"": ""gce_instance"", ""resource_zone"": ""us-central1-a"", ""vm"": ""8057035535632679842""}",2969600
2026-09-27T02:32:59.744405Z,"{""command"": ""agetty"", ""command_line"": ""/sbin/agetty -o -p -- \\u --noclear - linux"", ""owner"": ""root"", ""pid"": ""410"", ""process"": ""all"", ""resource_instance_id"": ""8057035535632679842"", ""resource_project_id"": ""proyecto-2-cloud-509714"", ""resource_type"": ""gce_instance"", ""resource_zone"": ""us-central1-a"", ""vm"": ""8057035535632679842""}",2969600
2026-09-27T02:32:29.735811Z,"{""command"": ""agetty"", ""command_line"": ""/sbin/agetty -o -p -- \\u --noclear - linux"", ""owner"": ""root"", ""pid"": ""410"", ""process"": ""all"", ""resource_instance_id"": ""8057035535632679842"", ""resource_project_id"": ""proyecto-2-cloud-509714"", ""resource_type"": ""gce_instance"", ""resource_zone"": ""us-central1-a"", ""vm"": ""8057035535632679842""}",2969600
2026-09-27T02:31:59.735756Z,"{""command"": ""agetty"", ""command_line"": ""/sbin/agetty -o -p -- \\u --noclear - linux"", ""owner"": ""root"", ""pid"": ""410"", ""process"": ""all"", ""resource_instance_id"": ""8057035535632679842"", ""resource_project_id"": ""proyecto-2-cloud-509714"", ""resource_type"": ""gce_instance"", ""resource_zone"": ""us-central1-a"", ""vm"": ""8057035535632679842""}",2969600
2026-09-27T02:31:29.730058Z,"{""command"": ""agetty"", ""command_line"": ""/sbin/agetty -o -p -- \\u --noclear - linux"", ""owner"": ""root"", ""pid"": ""410"", ""process"": ""all"", ""resource_instance_id"": ""8057035535632679842"", ""resource_project_id"": ""proyecto-2-cloud-509714"", ""resource_type"": ""gce_instance"", ""resource_zone"": ""us-central1-a"", ""vm"": ""8057035535632679842""}",2969600
2026-09-27T02:30:59.746707Z,"{""command"": ""agetty"", ""command_line"": ""/sbin/agetty -o -p -- \\u --noclear - linux"", ""owner"": ""root"", ""pid"": ""410"", ""process"": ""all"", ""resource_instance_id"": ""8057035535632679842"", ""resource_project_id"": ""proyecto-2-cloud-509714"", ""resource_type"": ""gce_instance"", ""resource_zone"": ""us-central1-a"", ""vm"": ""8057035535632679842""}",2969600
2026-09-27T02:30:29.740897Z,"{""command"": ""agetty"", ""command_line"": ""/sbin/agetty -o -p -- \\u --noclear - linux"", ""owner"": ""root"", ""pid"": ""410"", ""process"": ""all"", ""resource_instance_id"": ""8057035535632679842"", ""resource_project_id"": ""proyecto-2-cloud-509714"", ""resource_type"": ""gce_instance"", ""resource_zone"": ""us-central1-a"", ""vm"": ""8057035535632679842""}",2969600
2026-09-27T02:30:22.327517Z,"{""command"": ""agetty"", ""command_line"": ""/sbin/agetty -o -p -- \\u --noclear - linux"", ""owner"": ""root"", ""pid"": ""410"", ""process"": ""all"", ""resource_instance_id"": ""8057035535632679842"", ""resource_project_id"": ""proyecto-2-cloud-509714"", ""resource_type"": ""gce_instance"", ""resource_zone"": ""us-central1-a"", ""vm"": ""8057035535632679842""}",2969600
2026-09-27T02:30:29.741703Z,"{""command"": ""bash"", ""command_line"": """", ""owner"": ""root"", ""pid"": ""942"", ""process"": ""all"", ""resource_instance_id"": ""8057035535632679842"", ""resource_project_id"": ""proyecto-2-cloud-509714"", ""resource_type"": ""gce_instance"", ""resource_zone"": ""us-central1-a"", ""vm"": ""8057035535632679842""}",0
2026-09-27T02:49:59.744344Z,"{""command"": ""bash"", ""command_line"": ""-bash"", ""owner"": ""dialmupe"", ""pid"": ""10889"", ""process"": ""all"", ""resource_instance_id"": ""8057035535632679842"", ""resource_project_id"": ""proyecto-2-cloud-509714"", ""resource_type"": ""gce_instance"", ""resource_zone"": ""us-central1-a"", ""vm"": ""8057035535632679842""}",5812224
2026-09-27T02:49:29.738435Z,"{""command"": ""bash"", ""command_line"": ""-bash"", ""owner"": ""dialmupe"", ""pid"": ""10889"", ""process"": ""all"", ""resource_instance_id"": ""8057035535632679842"", ""resource_project_id"": ""proyecto-2-cloud-509714"", ""resource_type"": ""gce_instance"", ""resource_zone"": ""us-central1-a"", ""vm"": ""8057035535632679842""}",5812224
2026-09-27T02:48:59.734855Z,"{""command"": ""bash"", ""command_line"": ""-bash"", ""owner"": ""dialmupe"", ""pid"": ""10889"", ""process"": ""all"", ""resource_instance_id"": ""8057035535632679842"", ""resource_project_id"": ""proyecto-2-cloud-509714"", ""resource_type"": ""gce_instance"", ""resource_zone"": ""us-central1-a"", ""vm"": ""8057035535632679842""}",5812224
2026-09-27T02:48:29.741250Z,"{""command"": ""bash"", ""command_line"": ""-bash"", ""owner"": ""dialmupe"", ""pid"": ""10889"", ""process"": ""all"", ""resource_instance_id"": ""8057035535632679842"", ""resource_project_id"": ""proyecto-2-cloud-509714"", ""resource_type"": ""gce_instance"", ""resource_zone"": ""us-central1-a"", ""vm"": ""8057035535632679842""}",5812224
2026-09-27T02:47:59.737754Z,"{""command"": ""bash"", ""command_line"": ""-bash"", ""owner"": ""dialmupe"", ""pid"": ""10889"", ""process"": ""all"", ""resource_instance_id"": ""8057035535632679842"", ""resource_project_id"": ""proyecto-2-cloud-509714"", ""resource_type"": ""gce_instance"", ""resource_zone"": ""us-central1-a"", ""vm"": ""8057035535632679842""}",5812224
2026-09-27T02:47:29.734908Z,"{""command"": ""bash"", ""command_line"": ""-bash"", ""owner"": ""dialmupe"", ""pid"": ""10889"", ""process"": ""all"", ""resource_instance_id"": ""8057035535632679842"", ""resource_project_id"": ""proyecto-2-cloud-509714"", ""resource_type"": ""gce_instance"", ""resource_zone"": ""us-central1-a"", ""vm"": ""8057035535632679842""}",5812224
2026-09-27T02:46:59.745701Z,"{""command"": ""bash"", ""command_line"": ""-bash"", ""owner"": ""dialmupe"", ""pid"": ""10889"", ""process"": ""all"", ""resource_instance_id"": ""8057035535632679842"", ""resource_project_id"": ""proyecto-2-cloud-509714"", ""resource_type"": ""gce_instance"", ""resource_zone"": ""us-central1-a"", ""vm"": ""8057035535632679842""}",5812224
2026-09-27T02:46:29.742961Z,"{""command"": ""bash"", ""command_line"": ""-bash"", ""owner"": ""dialmupe"", ""pid"": ""10889"", ""process"": ""all"", ""resource_instance_id"": ""8057035535632679842"", ""resource_project_id"": ""proyecto-2-cloud-509714"", ""resource_type"": ""gce_instance"", ""resource_zone"": ""us-central1-a"", ""vm"": ""8057035535632679842""}",5812224
2026-09-27T02:45:59.733733Z,"{""command"": ""bash"", ""command_line"": ""-bash"", ""owner"": ""dialmupe"", ""pid"": ""10889"", ""process"": ""all"", ""resource_instance_id"": ""8057035535632679842"", ""resource_project_id"": ""proyecto-2-cloud-509714"", ""resource_type"": ""gce_instance"", ""resource_zone"": ""us-central1-a"", ""vm"": ""8057035535632679842""}",5812224
2026-09-27T02:45:29.739678Z,"{""command"": ""bash"", ""command_line"": ""-bash"", ""owner"": ""dialmupe"", ""pid"": ""10889"", ""process"": ""all"", ""resource_instance_id"": ""8057035535632679842"", ""resource_project_id"": ""proyecto-2-cloud-509714"", ""resource_type"": ""gce_instance"", ""resource_zone"": ""us-central1-a"", ""vm"": ""8057035535632679842""}",5812224
2026-09-27T02:44:59.745597Z,"{""command"": ""bash"", ""command_line"": ""-bash"", ""owner"": ""dialmupe"", ""pid"": ""10889"", ""process"": ""all"", ""resource_instance_id"": ""8057035535632679842"", ""resource_project_id"": ""proyecto-2-cloud-509714"", ""resource_type"": ""gce_instance"", ""resource_zone"": ""us-central1-a"", ""vm"": ""8057035535632679842""}",5812224
2026-09-27T02:44:29.742412Z,"{""command"": ""bash"", ""command_line"": ""-bash"", ""owner"": ""dialmupe"", ""pid"": ""10889"", ""process"": ""all"", ""resource_instance_id"": ""8057035535632679842"", ""resource_project_id"": ""proyecto-2-cloud-509714"", ""resource_type"": ""gce_instance"", ""resource_zone"": ""us-central1-a"", ""vm"": ""8057035535632679842""}",5812224
2026-09-27T02:43:59.744457Z,"{""command"": ""bash"", ""command_line"": ""-bash"", ""owner"": ""dialmupe"", ""pid"": ""10889"", ""process"": ""all"", ""resource_instance_id"": ""8057035535632679842"", ""resource_project_id"": ""proyecto-2-cloud-509714"", ""resource_type"": ""gce_instance"", ""resource_zone"": ""us-central1-a"", ""vm"": ""8057035535632679842""}",5812224
2026-09-27T02:43:29.746478Z,"{""command"": ""bash"", ""command_line"": ""-bash"", ""owner"": ""dialmupe"", ""pid"": ""10889"", ""process"": ""all"", ""resource_instance_id"": ""8057035535632679842"", ""resource_project_id"": ""proyecto-2-cloud-509714"", ""resource_type"": ""gce_instance"", ""resource_zone"": ""us-central1-a"", ""vm"": ""8057035535632679842""}",5812224
2026-09-27T02:42:59.738848Z,"{""command"": ""bash"", ""command_line"": ""-bash"", ""owner"": ""dialmupe"", ""pid"": ""10889"", ""process"": ""all"", ""resource_instance_id"": ""8057035535632679842"", ""resource_project_id"": ""proyecto-2-cloud-509714"", ""resource_type"": ""gce_instance"", ""resource_zone"": ""us-central1-a"", ""vm"": ""8057035535632679842""}",5812224
2026-09-27T02:42:29.764476Z,"{""command"": ""bash"", ""command_line"": ""-bash"", ""owner"": ""dialmupe"", ""pid"": ""10889"", ""process"": ""all"", ""resource_instance_id"": ""8057035535632679842"", ""resource_project_id"": ""proyecto-2-cloud-509714"", ""resource_type"": ""gce_instance"", ""resource_zone"": ""us-central1-a"", ""vm"": ""8057035535632679842""}",5812224
2026-09-27T02:41:59.742626Z,"{""command"": ""bash"", ""command_line"": ""-bash"", ""owner"": ""dialmupe"", ""pid"": ""10889"", ""process"": ""all"", ""resource_instance_id"": ""8057035535632679842"", ""resource_project_id"": ""proyecto-2-cloud-509714"", ""resource_type"": ""gce_instance"", ""resource_zone"": ""us-central1-a"", ""vm"": ""8057035535632679842""}",5812224
2026-09-27T02:41:29.746039Z,"{""command"": ""bash"", ""command_line"": ""-bash"", ""owner"": ""dialmupe"", ""pid"": ""10889"", ""process"": ""all"", ""resource_instance_id"": ""8057035535632679842"", ""resource_project_id"": ""proyecto-2-cloud-509714"", ""resource_type"": ""gce_instance"", ""resource_zone"": ""us-central1-a"", ""vm"": ""8057035535632679842""}",5812224
2026-09-27T02:40:59.735037Z,"{""command"": ""bash"", ""command_line"": ""-bash"", ""owner"": ""dialmupe"", ""pid"": ""10889"", ""process"": ""all"", ""resource_instance_id"": ""8057035535632679842"", ""resource_project_id"": ""proyecto-2-cloud-509714"", ""resource_type"": ""gce_instance"", ""resource_zone"": ""us-central1-a"", ""vm"": ""8057035535632679842""}",5812224
2026-09-27T02:30:22.330273Z,"{""command"": ""bash"", ""command_line"": ""bash /opt/mooc/scripts/IaC/scripts/install_ops_agent.sh 127.0.0.1:9101 30s"", ""owner"": ""root"", ""pid"": ""6608"", ""process"": ""all"", ""resource_instance_id"": ""8057035535632679842"", ""resource_project_id"": ""proyecto-2-cloud-509714"", ""resource_type"": ""gce_instance"", ""resource_zone"": ""us-central1-a"", ""vm"": ""8057035535632679842""}",4456448
2026-09-27T02:30:22.328586Z,"{""command"": ""bash"", ""command_line"": ""bash /tmp/metadata-scripts60413743/startup-script"", ""owner"": ""root"", ""pid"": ""957"", ""process"": ""all"", ""resource_instance_id"": ""8057035535632679842"", ""resource_project_id"": ""proyecto-2-cloud-509714"", ""resource_type"": ""gce_instance"", ""resource_zone"": ""us-central1-a"", ""vm"": ""8057035535632679842""}",4456448
2026-09-27T02:30:22.328326Z,"{""command"": ""bash"", ""command_line"": ""bash /usr/bin/google_metadata_script_runner_adapt startup"", ""owner"": ""root"", ""pid"": ""942"", ""process"": ""all"", ""resource_instance_id"": ""8057035535632679842"", ""resource_project_id"": ""proyecto-2-cloud-509714"", ""resource_type"": ""gce_instance"", ""resource_zone"": ""us-central1-a"", ""vm"": ""8057035535632679842""}",4456448
2026-09-27T02:49:59.736912Z,"{""command"": ""blkcg_punt_bio"", ""command_line"": """", ""owner"": ""root"", ""pid"": ""39"", ""process"": ""all"", ""resource_instance_id"": ""8057035535632679842"", ""resource_project_id"": ""proyecto-2-cloud-509714"", ""resource_type"": ""gce_instance"", ""resource_zone"": ""us-central1-a"", ""vm"": ""8057035535632679842""}",0
2026-09-27T02:49:29.733825Z,"{""command"": ""blkcg_punt_bio"", ""command_line"": """", ""owner"": ""root"", ""pid"": ""39"", ""process"": ""all"", ""resource_instance_id"": ""8057035535632679842"", ""resource_project_id"": ""proyecto-2-cloud-509714"", ""resource_type"": ""gce_instance"", ""resource_zone"": ""us-central1-a"", ""vm"": ""8057035535632679842""}",0
2026-09-27T02:48:59.728859Z,"{""command"": ""blkcg_punt_bio"", ""command_line"": """", ""owner"": ""root"", ""pid"": ""39"", ""process"": ""all"", ""resource_instance_id"": ""8057035535632679842"", ""resource_project_id"": ""proyecto-2-cloud-509714"", ""resource_type"": ""gce_instance"", ""resource_zone"": ""us-central1-a"", ""vm"": ""8057035535632679842""}",0
2026-09-27T02:48:29.735448Z,"{""command"": ""blkcg_punt_bio"", ""command_line"": """", ""owner"": ""root"", ""pid"": ""39"", ""process"": ""all"", ""resource_instance_id"": ""8057035535632679842"", ""resource_project_id"": ""proyecto-2-cloud-509714"", ""resource_type"": ""gce_instance"", ""resource_zone"": ""us-central1-a"", ""vm"": ""8057035535632679842""}",0
2026-09-27T02:47:59.733297Z,"{""command"": ""blkcg_punt_bio"", ""command_line"": """", ""owner"": ""root"", ""pid"": ""39"", ""process"": ""all"", ""resource_instance_id"": ""8057035535632679842"", ""resource_project_id"": ""proyecto-2-cloud-509714"", ""resource_type"": ""gce_instance"", ""resource_zone"": ""us-central1-a"", ""vm"": ""8057035535632679842""}",0
2026-09-27T02:47:29.730027Z,"{""command"": ""blkcg_punt_bio"", ""command_line"": """", ""owner"": ""root"", ""pid"": ""39"", ""process"": ""all"", ""resource_instance_id"": ""8057035535632679842"", ""resource_project_id"": ""proyecto-2-cloud-509714"", ""resource_type"": ""gce_instance"", ""resource_zone"": ""us-central1-a"", ""vm"": ""8057035535632679842""}",0
2026-09-27T02:46:59.740564Z,"{""command"": ""blkcg_punt_bio"", ""command_line"": """", ""owner"": ""root"", ""pid"": ""39"", ""process"": ""all"", ""resource_instance_id"": ""8057035535632679842"", ""resource_project_id"": ""proyecto-2-cloud-509714"", ""resource_type"": ""gce_instance"", ""resource_zone"": ""us-central1-a"", ""vm"": ""8057035535632679842""}",0
2026-09-27T02:46:29.735251Z,"{""command"": ""blkcg_punt_bio"", ""command_line"": """", ""owner"": ""root"", ""pid"": ""39"", ""process"": ""all"", ""resource_instance_id"": ""8057035535632679842"", ""resource_project_id"": ""proyecto-2-cloud-509714"", ""resource_type"": ""gce_instance"", ""resource_zone"": ""us-central1-a"", ""vm"": ""8057035535632679842""}",0
2026-09-27T02:45:59.729799Z,"{""command"": ""blkcg_punt_bio"", ""command_line"": """", ""owner"": ""root"", ""pid"": ""39"", ""process"": ""all"", ""resource_instance_id"": ""8057035535632679842"", ""resource_project_id"": ""proyecto-2-cloud-509714"", ""resource_type"": ""gce_instance"", ""resource_zone"": ""us-central1-a"", ""vm"": ""8057035535632679842""}",0
2026-09-27T02:45:29.735627Z,"{""command"": ""blkcg_punt_bio"", ""command_line"": """", ""owner"": ""root"", ""pid"": ""39"", ""process"": ""all"", ""resource_instance_id"": ""8057035535632679842"", ""resource_project_id"": ""proyecto-2-cloud-509714"", ""resource_type"": ""gce_instance"", ""resource_zone"": ""us-central1-a"", ""vm"": ""8057035535632679842""}",0
2026-09-27T02:44:59.740921Z,"{""command"": ""blkcg_punt_bio"", ""command_line"": """", ""owner"": ""root"", ""pid"": ""39"", ""process"": ""all"", ""resource_instance_id"": ""8057035535632679842"", ""resource_project_id"": ""proyecto-2-cloud-509714"", ""resource_type"": ""gce_instance"", ""resource_zone"": ""us-central1-a"", ""vm"": ""8057035535632679842""}",0
2026-09-27T02:44:29.737973Z,"{""command"": ""blkcg_punt_bio"", ""command_line"": """", ""owner"": ""root"", ""pid"": ""39"", ""process"": ""all"", ""resource_instance_id"": ""8057035535632679842"", ""resource_project_id"": ""proyecto-2-cloud-509714"", ""resource_type"": ""gce_instance"", ""resource_zone"": ""us-central1-a"", ""vm"": ""8057035535632679842""}",0
2026-09-27T02:43:59.739596Z,"{""command"": ""blkcg_punt_bio"", ""command_line"": """", ""owner"": ""root"", ""pid"": ""39"", ""process"": ""all"", ""resource_instance_id"": ""8057035535632679842"", ""resource_project_id"": ""proyecto-2-cloud-509714"", ""resource_type"": ""gce_instance"", ""resource_zone"": ""us-central1-a"", ""vm"": ""8057035535632679842""}",0
2026-09-27T02:43:29.740112Z,"{""command"": ""blkcg_punt_bio"", ""command_line"": """", ""owner"": ""root"", ""pid"": ""39"", ""process"": ""all"", ""resource_instance_id"": ""8057035535632679842"", ""resource_project_id"": ""proyecto-2-cloud-509714"", ""resource_type"": ""gce_instance"", ""resource_zone"": ""us-central1-a"", ""vm"": ""8057035535632679842""}",0
2026-09-27T02:42:59.733982Z,"{""command"": ""blkcg_punt_bio"", ""command_line"": """", ""owner"": ""root"", ""pid"": ""39"", ""process"": ""all"", ""resource_instance_id"": ""8057035535632679842"", ""resource_project_id"": ""proyecto-2-cloud-509714"", ""resource_type"": ""gce_instance"", ""resource_zone"": ""us-central1-a"", ""vm"": ""8057035535632679842""}",0
2026-09-27T02:42:29.758854Z,"{""command"": ""blkcg_punt_bio"", ""command_line"": """", ""owner"": ""root"", ""pid"": ""39"", ""process"": ""all"", ""resource_instance_id"": ""8057035535632679842"", ""resource_project_id"": ""proyecto-2-cloud-509714"", ""resource_type"": ""gce_instance"", ""resource_zone"": ""us-central1-a"", ""vm"": ""8057035535632679842""}",0
2026-09-27T02:41:59.737243Z,"{""command"": ""blkcg_punt_bio"", ""command_line"": """", ""owner"": ""root"", ""pid"": ""39"", ""process"": ""all"", ""resource_instance_id"": ""8057035535632679842"", ""resource_project_id"": ""proyecto-2-cloud-509714"", ""resource_type"": ""gce_instance"", ""resource_zone"": ""us-central1-a"", ""vm"": ""8057035535632679842""}",0
2026-09-27T02:41:29.741092Z,"{""command"": ""blkcg_punt_bio"", ""command_line"": """", ""owner"": ""root"", ""pid"": ""39"", ""process"": ""all"", ""resource_instance_id"": ""8057035535632679842"", ""resource_project_id"": ""proyecto-2-cloud-509714"", ""resource_type"": ""gce_instance"", ""resource_zone"": ""us-central1-a"", ""vm"": ""8057035535632679842""}",0
2026-09-27T02:40:59.728885Z,"{""command"": ""blkcg_punt_bio"", ""command_line"": """", ""owner"": ""root"", ""pid"": ""39"", ""process"": ""all"", ""resource_instance_id"": ""8057035535632679842"", ""resource_project_id"": ""proyecto-2-cloud-509714"", ""resource_type"": ""gce_instance"", ""resource_zone"": ""us-central1-a"", ""vm"": ""8057035535632679842""}",0
2026-09-27T02:40:29.727062Z,"{""command"": ""blkcg_punt_bio"", ""command_line"": """", ""owner"": ""root"", ""pid"": ""39"", ""process"": ""all"", ""resource_instance_id"": ""8057035535632679842"", ""resource_project_id"": ""proyecto-2-cloud-509714"", ""resource_type"": ""gce_instance"", ""resource_zone"": ""us-central1-a"", ""vm"": ""8057035535632679842""}",0
2026-09-27T02:39:59.733007Z,"{""command"": ""blkcg_punt_bio"", ""command_line"": """", ""owner"": ""root"", ""pid"": ""39"", ""process"": ""all"", ""resource_instance_id"": ""8057035535632679842"", ""resource_project_id"": ""proyecto-2-cloud-509714"", ""resource_type"": ""gce_instance"", ""resource_zone"": ""us-central1-a"", ""vm"": ""8057035535632679842""}",0
2026-09-27T02:39:29.728849Z,"{""command"": ""blkcg_punt_bio"", ""command_line"": """", ""owner"": ""root"", ""pid"": ""39"", ""process"": ""all"", ""resource_instance_id"": ""8057035535632679842"", ""resource_project_id"": ""proyecto-2-cloud-509714"", ""resource_type"": ""gce_instance"", ""resource_zone"": ""us-central1-a"", ""vm"": ""8057035535632679842""}",0
2026-09-27T02:38:59.733421Z,"{""command"": ""blkcg_punt_bio"", ""command_line"": """", ""owner"": ""root"", ""pid"": ""39"", ""process"": ""all"", ""resource_instance_id"": ""8057035535632679842"", ""resource_project_id"": ""proyecto-2-cloud-509714"", ""resource_type"": ""gce_instance"", ""resource_zone"": ""us-central1-a"", ""vm"": ""8057035535632679842""}",0
2026-09-27T02:38:29.725860Z,"{""command"": ""blkcg_punt_bio"", ""command_line"": """", ""owner"": ""root"", ""pid"": ""39"", ""process"": ""all"", ""resource_instance_id"": ""8057035535632679842"", ""resource_project_id"": ""proyecto-2-cloud-509714"", ""resource_type"": ""gce_instance"", ""resource_zone"": ""us-central1-a"", ""vm"": ""8057035535632679842""}",0
2026-09-27T02:37:59.736396Z,"{""command"": ""blkcg_punt_bio"", ""command_line"": """", ""owner"": ""root"", ""pid"": ""39"", ""process"": ""all"", ""resource_instance_id"": ""8057035535632679842"", ""resource_project_id"": ""proyecto-2-cloud-509714"", ""resource_type"": ""gce_instance"", ""resource_zone"": ""us-central1-a"", ""vm"": ""8057035535632679842""}",0
2026-09-27T02:37:29.730013Z,"{""command"": ""blkcg_punt_bio"", ""command_line"": """", ""owner"": ""root"", ""pid"": ""39"", ""process"": ""all"", ""resource_instance_id"": ""8057035535632679842"", ""resource_project_id"": ""proyecto-2-cloud-509714"", ""resource_type"": ""gce_instance"", ""resource_zone"": ""us-central1-a"", ""vm"": ""8057035535632679842""}",0
2026-09-27T02:36:59.737321Z,"{""command"": ""blkcg_punt_bio"", ""command_line"": """", ""owner"": ""root"", ""pid"": ""39"", ""process"": ""all"", ""resource_instance_id"": ""8057035535632679842"", ""resource_project_id"": ""proyecto-2-cloud-509714"", ""resource_type"": ""gce_instance"", ""resource_zone"": ""us-central1-a"", ""vm"": ""8057035535632679842""}",0
2026-09-27T02:36:29.732373Z,"{""command"": ""blkcg_punt_bio"", ""command_line"": """", ""owner"": ""root"", ""pid"": ""39"", ""process"": ""all"", ""resource_instance_id"": ""8057035535632679842"", ""resource_project_id"": ""proyecto-2-cloud-509714"", ""resource_type"": ""gce_instance"", ""resource_zone"": ""us-central1-a"", ""vm"": ""8057035535632679842""}",0
2026-09-27T02:35:59.725674Z,"{""command"": ""blkcg_punt_bio"", ""command_line"": """", ""owner"": ""root"", ""pid"": ""39"", ""process"": ""all"", ""resource_instance_id"": ""8057035535632679842"", ""resource_project_id"": ""proyecto-2-cloud-509714"", ""resource_type"": ""gce_instance"", ""resource_zone"": ""us-central1-a"", ""vm"": ""8057035535632679842""}",0
2026-09-27T02:35:29.724457Z,"{""command"": ""blkcg_punt_bio"", ""command_line"": """", ""owner"": ""root"", ""pid"": ""39"", ""process"": ""all"", ""resource_instance_id"": ""8057035535632679842"", ""resource_project_id"": ""proyecto-2-cloud-509714"", ""resource_type"": ""gce_instance"", ""resource_zone"": ""us-central1-a"", ""vm"": ""8057035535632679842""}",0
2026-09-27T02:34:59.729235Z,"{""command"": ""blkcg_punt_bio"", ""command_line"": """", ""owner"": ""root"", ""pid"": ""39"", ""process"": ""all"", ""resource_instance_id"": ""8057035535632679842"", ""resource_project_id"": ""proyecto-2-cloud-509714"", ""resource_type"": ""gce_instance"", ""resource_zone"": ""us-central1-a"", ""vm"": ""8057035535632679842""}",0
2026-09-27T02:34:29.728760Z,"{""command"": ""blkcg_punt_bio"", ""command_line"": """", ""owner"": ""root"", ""pid"": ""39"", ""process"": ""all"", ""resource_instance_id"": ""8057035535632679842"", ""resource_project_id"": ""proyecto-2-cloud-509714"", ""resource_type"": ""gce_instance"", ""resource_zone"": ""us-central1-a"", ""vm"": ""8057035535632679842""}",0
2026-09-27T02:33:59.735801Z,"{""command"": ""blkcg_punt_bio"", ""command_line"": """", ""owner"": ""root"", ""pid"": ""39"", ""process"": ""all"", ""resource_instance_id"": ""8057035535632679842"", ""resource_project_id"": ""proyecto-2-cloud-509714"", ""resource_type"": ""gce_instance"", ""resource_zone"": ""us-central1-a"", ""vm"": ""8057035535632679842""}",0
2026-09-27T02:33:29.725169Z,"{""command"": ""blkcg_punt_bio"", ""command_line"": """", ""owner"": ""root"", ""pid"": ""39"", ""process"": ""all"", ""resource_instance_id"": ""8057035535632679842"", ""resource_project_id"": ""proyecto-2-cloud-509714"", ""resource_type"": ""gce_instance"", ""resource_zone"": ""us-central1-a"", ""vm"": ""8057035535632679842""}",0
2026-09-27T02:32:59.742238Z,"{""command"": ""blkcg_punt_bio"", ""command_line"": """", ""owner"": ""root"", ""pid"": ""39"", ""process"": ""all"", ""resource_instance_id"": ""8057035535632679842"", ""resource_project_id"": ""proyecto-2-cloud-509714"", ""resource_type"": ""gce_instance"", ""resource_zone"": ""us-central1-a"", ""vm"": ""8057035535632679842""}",0
2026-09-27T02:32:29.733430Z,"{""command"": ""blkcg_punt_bio"", ""command_line"": """", ""owner"": ""root"", ""pid"": ""39"", ""process"": ""all"", ""resource_instance_id"": ""8057035535632679842"", ""resource_project_id"": ""proyecto-2-cloud-509714"", ""resource_type"": ""gce_instance"", ""resource_zone"": ""us-central1-a"", ""vm"": ""8057035535632679842""}",0
2026-09-27T02:31:59.733669Z,"{""command"": ""blkcg_punt_bio"", ""command_line"": """", ""owner"": ""root"", ""pid"": ""39"", ""process"": ""all"", ""resource_instance_id"": ""8057035535632679842"", ""resource_project_id"": ""proyecto-2-cloud-509714"", ""resource_type"": ""gce_instance"", ""resource_zone"": ""us-central1-a"", ""vm"": ""8057035535632679842""}",0
2026-09-27T02:31:29.728242Z,"{""command"": ""blkcg_punt_bio"", ""command_line"": """", ""owner"": ""root"", ""pid"": ""39"", ""process"": ""all"", ""resource_instance_id"": ""8057035535632679842"", ""resource_project_id"": ""proyecto-2-cloud-509714"", ""resource_type"": ""gce_instance"", ""resource_zone"": ""us-central1-a"", ""vm"": ""8057035535632679842""}",0
2026-09-27T02:30:59.743488Z,"{""command"": ""blkcg_punt_bio"", ""command_line"": """", ""owner"": ""root"", ""pid"": ""39"", ""process"": ""all"", ""resource_instance_id"": ""8057035535632679842"", ""resource_project_id"": ""proyecto-2-cloud-509714"", ""resource_type"": ""gce_instance"", ""resource_zone"": ""us-central1-a"", ""vm"": ""8057035535632679842""}",0
2026-09-27T02:30:29.738654Z,"{""command"": ""blkcg_punt_bio"", ""command_line"": """", ""owner"": ""root"", ""pid"": ""39"", ""process"": ""all"", ""resource_instance_id"": ""8057035535632679842"", ""resource_project_id"": ""proyecto-2-cloud-509714"", ""resource_type"": ""gce_instance"", ""resource_zone"": ""us-central1-a"", ""vm"": ""8057035535632679842""}",0
2026-09-27T02:30:22.325055Z,"{""command"": ""blkcg_punt_bio"", ""command_line"": """", ""owner"": ""root"", ""pid"": ""39"", ""process"": ""all"", ""resource_instance_id"": ""8057035535632679842"", ""resource_project_id"": ""proyecto-2-cloud-509714"", ""resource_type"": ""gce_instance"", ""resource_zone"": ""us-central1-a"", ""vm"": ""8057035535632679842""}",0
2026-09-27T02:49:59.741331Z,"{""command"": ""containerd"", ""command_line"": ""/usr/bin/containerd"", ""owner"": ""root"", ""pid"": ""2285"", ""process"": ""all"", ""resource_instance_id"": ""8057035535632679842"", ""resource_project_id"": ""proyecto-2-cloud-509714"", ""resource_type"": ""gce_instance"", ""resource_zone"": ""us-central1-a"", ""vm"": ""8057035535632679842""}",2395340800
2026-09-27T02:49:29.736561Z,"{""command"": ""containerd"", ""command_line"": ""/usr/bin/containerd"", ""owner"": ""root"", ""pid"": ""2285"", ""process"": ""all"", ""resource_instance_id"": ""8057035535632679842"", ""resource_project_id"": ""proyecto-2-cloud-509714"", ""resource_type"": ""gce_instance"", ""resource_zone"": ""us-central1-a"", ""vm"": ""8057035535632679842""}",2395340800
2026-09-27T02:48:59.732640Z,"{""command"": ""containerd"", ""command_line"": ""/usr/bin/containerd"", ""owner"": ""root"", ""pid"": ""2285"", ""process"": ""all"", ""resource_instance_id"": ""8057035535632679842"", ""resource_project_id"": ""proyecto-2-cloud-509714"", ""resource_type"": ""gce_instance"", ""resource_zone"": ""us-central1-a"", ""vm"": ""8057035535632679842""}",2395340800
2026-09-27T02:48:29.738602Z,"{""command"": ""containerd"", ""command_line"": ""/usr/bin/containerd"", ""owner"": ""root"", ""pid"": ""2285"", ""process"": ""all"", ""resource_instance_id"": ""8057035535632679842"", ""resource_project_id"": ""proyecto-2-cloud-509714"", ""resource_type"": ""gce_instance"", ""resource_zone"": ""us-central1-a"", ""vm"": ""8057035535632679842""}",2395340800
2026-09-27T02:47:59.736137Z,"{""command"": ""containerd"", ""command_line"": ""/usr/bin/containerd"", ""owner"": ""root"", ""pid"": ""2285"", ""process"": ""all"", ""resource_instance_id"": ""8057035535632679842"", ""resource_project_id"": ""proyecto-2-cloud-509714"", ""resource_type"": ""gce_instance"", ""resource_zone"": ""us-central1-a"", ""vm"": ""8057035535632679842""}",2395340800
2026-09-27T02:47:29.733244Z,"{""command"": ""containerd"", ""command_line"": ""/usr/bin/containerd"", ""owner"": ""root"", ""pid"": ""2285"", ""process"": ""all"", ""resource_instance_id"": ""8057035535632679842"", ""resource_project_id"": ""proyecto-2-cloud-509714"", ""resource_type"": ""gce_instance"", ""resource_zone"": ""us-central1-a"", ""vm"": ""8057035535632679842""}",2395340800
2026-09-27T02:46:59.744002Z,"{""command"": ""containerd"", ""command_line"": ""/usr/bin/containerd"", ""owner"": ""root"", ""pid"": ""2285"", ""process"": ""all"", ""resource_instance_id"": ""8057035535632679842"", ""resource_project_id"": ""proyecto-2-cloud-509714"", ""resource_type"": ""gce_instance"", ""resource_zone"": ""us-central1-a"", ""vm"": ""8057035535632679842""}",2395340800
2026-09-27T02:46:29.740243Z,"{""command"": ""containerd"", ""command_line"": ""/usr/bin/containerd"", ""owner"": ""root"", ""pid"": ""2285"", ""process"": ""all"", ""resource_instance_id"": ""8057035535632679842"", ""resource_project_id"": ""proyecto-2-cloud-509714"", ""resource_type"": ""gce_instance"", ""resource_zone"": ""us-central1-a"", ""vm"": ""8057035535632679842""}",2395340800
2026-09-27T02:45:59.732277Z,"{""command"": ""containerd"", ""command_line"": ""/usr/bin/containerd"", ""owner"": ""root"", ""pid"": ""2285"", ""process"": ""all"", ""resource_instance_id"": ""8057035535632679842"", ""resource_project_id"": ""proyecto-2-cloud-509714"", ""resource_type"": ""gce_instance"", ""resource_zone"": ""us-central1-a"", ""vm"": ""8057035535632679842""}",2395340800
2026-09-27T02:45:29.738081Z,"{""command"": ""containerd"", ""command_line"": ""/usr/bin/containerd"", ""owner"": ""root"", ""pid"": ""2285"", ""process"": ""all"", ""resource_instance_id"": ""8057035535632679842"", ""resource_project_id"": ""proyecto-2-cloud-509714"", ""resource_type"": ""gce_instance"", ""resource_zone"": ""us-central1-a"", ""vm"": ""8057035535632679842""}",2395340800
2026-09-27T02:44:59.743885Z,"{""command"": ""containerd"", ""command_line"": ""/usr/bin/containerd"", ""owner"": ""root"", ""pid"": ""2285"", ""process"": ""all"", ""resource_instance_id"": ""8057035535632679842"", ""resource_project_id"": ""proyecto-2-cloud-509714"", ""resource_type"": ""gce_instance"", ""resource_zone"": ""us-central1-a"", ""vm"": ""8057035535632679842""}",2395340800
2026-09-27T02:44:29.740790Z,"{""command"": ""containerd"", ""command_line"": ""/usr/bin/containerd"", ""owner"": ""root"", ""pid"": ""2285"", ""process"": ""all"", ""resource_instance_id"": ""8057035535632679842"", ""resource_project_id"": ""proyecto-2-cloud-509714"", ""resource_type"": ""gce_instance"", ""resource_zone"": ""us-central1-a"", ""vm"": ""8057035535632679842""}",2395340800
2026-09-27T02:43:59.742452Z,"{""command"": ""containerd"", ""command_line"": ""/usr/bin/containerd"", ""owner"": ""root"", ""pid"": ""2285"", ""process"": ""all"", ""resource_instance_id"": ""8057035535632679842"", ""resource_project_id"": ""proyecto-2-cloud-509714"", ""resource_type"": ""gce_instance"", ""resource_zone"": ""us-central1-a"", ""vm"": ""8057035535632679842""}",2395340800
2026-09-27T02:43:29.743934Z,"{""command"": ""containerd"", ""command_line"": ""/usr/bin/containerd"", ""owner"": ""root"", ""pid"": ""2285"", ""process"": ""all"", ""resource_instance_id"": ""8057035535632679842"", ""resource_project_id"": ""proyecto-2-cloud-509714"", ""resource_type"": ""gce_instance"", ""resource_zone"": ""us-central1-a"", ""vm"": ""8057035535632679842""}",2395340800
2026-09-27T02:42:59.736875Z,"{""command"": ""containerd"", ""command_line"": ""/usr/bin/containerd"", ""owner"": ""root"", ""pid"": ""2285"", ""process"": ""all"", ""resource_instance_id"": ""8057035535632679842"", ""resource_project_id"": ""proyecto-2-cloud-509714"", ""resource_type"": ""gce_instance"", ""resource_zone"": ""us-central1-a"", ""vm"": ""8057035535632679842""}",2395340800
2026-09-27T02:42:29.762807Z,"{""command"": ""containerd"", ""command_line"": ""/usr/bin/containerd"", ""owner"": ""root"", ""pid"": ""2285"", ""process"": ""all"", ""resource_instance_id"": ""8057035535632679842"", ""resource_project_id"": ""proyecto-2-cloud-509714"", ""resource_type"": ""gce_instance"", ""resource_zone"": ""us-central1-a"", ""vm"": ""8057035535632679842""}",2395340800
2026-09-27T02:41:59.740529Z,"{""command"": ""containerd"", ""command_line"": ""/usr/bin/containerd"", ""owner"": ""root"", ""pid"": ""2285"", ""process"": ""all"", ""resource_instance_id"": ""8057035535632679842"", ""resource_project_id"": ""proyecto-2-cloud-509714"", ""resource_type"": ""gce_instance"", ""resource_zone"": ""us-central1-a"", ""vm"": ""8057035535632679842""}",2395340800
2026-09-27T02:41:29.743841Z,"{""command"": ""containerd"", ""command_line"": ""/usr/bin/containerd"", ""owner"": ""root"", ""pid"": ""2285"", ""process"": ""all"", ""resource_instance_id"": ""8057035535632679842"", ""resource_project_id"": ""proyecto-2-cloud-509714"", ""resource_type"": ""gce_instance"", ""resource_zone"": ""us-central1-a"", ""vm"": ""8057035535632679842""}",2395340800
2026-09-27T02:40:59.732251Z,"{""command"": ""containerd"", ""command_line"": ""/usr/bin/containerd"", ""owner"": ""root"", ""pid"": ""2285"", ""process"": ""all"", ""resource_instance_id"": ""8057035535632679842"", ""resource_project_id"": ""proyecto-2-cloud-509714"", ""resource_type"": ""gce_instance"", ""resource_zone"": ""us-central1-a"", ""vm"": ""8057035535632679842""}",2395340800
2026-09-27T02:40:29.729887Z,"{""command"": ""containerd"", ""command_line"": ""/usr/bin/containerd"", ""owner"": ""root"", ""pid"": ""2285"", ""process"": ""all"", ""resource_instance_id"": ""8057035535632679842"", ""resource_project_id"": ""proyecto-2-cloud-509714"", ""resource_type"": ""gce_instance"", ""resource_zone"": ""us-central1-a"", ""vm"": ""8057035535632679842""}",2395340800
2026-09-27T02:39:59.737921Z,"{""command"": ""containerd"", ""command_line"": ""/usr/bin/containerd"", ""owner"": ""root"", ""pid"": ""2285"", ""process"": ""all"", ""resource_instance_id"": ""8057035535632679842"", ""resource_project_id"": ""proyecto-2-cloud-509714"", ""resource_type"": ""gce_instance"", ""resource_zone"": ""us-central1-a"", ""vm"": ""8057035535632679842""}",2395340800
2026-09-27T02:39:29.731559Z,"{""command"": ""containerd"", ""command_line"": ""/usr/bin/containerd"", ""owner"": ""root"", ""pid"": ""2285"", ""process"": ""all"", ""resource_instance_id"": ""8057035535632679842"", ""resource_project_id"": ""proyecto-2-cloud-509714"", ""resource_type"": ""gce_instance"", ""resource_zone"": ""us-central1-a"", ""vm"": ""8057035535632679842""}",2395340800
2026-09-27T02:38:59.737977Z,"{""command"": ""containerd"", ""command_line"": ""/usr/bin/containerd"", ""owner"": ""root"", ""pid"": ""2285"", ""process"": ""all"", ""resource_instance_id"": ""8057035535632679842"", ""resource_project_id"": ""proyecto-2-cloud-509714"", ""resource_type"": ""gce_instance"", ""resource_zone"": ""us-central1-a"", ""vm"": ""8057035535632679842""}",2395340800
2026-09-27T02:38:29.728708Z,"{""command"": ""containerd"", ""command_line"": ""/usr/bin/containerd"", ""owner"": ""root"", ""pid"": ""2285"", ""process"": ""all"", ""resource_instance_id"": ""8057035535632679842"", ""resource_project_id"": ""proyecto-2-cloud-509714"", ""resource_type"": ""gce_instance"", ""resource_zone"": ""us-central1-a"", ""vm"": ""8057035535632679842""}",2395340800
2026-09-27T02:37:59.739361Z,"{""command"": ""containerd"", ""command_line"": ""/usr/bin/containerd"", ""owner"": ""root"", ""pid"": ""2285"", ""process"": ""all"", ""resource_instance_id"": ""8057035535632679842"", ""resource_project_id"": ""proyecto-2-cloud-509714"", ""resource_type"": ""gce_instance"", ""resource_zone"": ""us-central1-a"", ""vm"": ""8057035535632679842""}",2395340800
2026-09-27T02:37:29.733590Z,"{""command"": ""containerd"", ""command_line"": ""/usr/bin/containerd"", ""owner"": ""root"", ""pid"": ""2285"", ""process"": ""all"", ""resource_instance_id"": ""8057035535632679842"", ""resource_project_id"": ""proyecto-2-cloud-509714"", ""resource_type"": ""gce_instance"", ""resource_zone"": ""us-central1-a"", ""vm"": ""8057035535632679842""}",2395340800
2026-09-27T02:36:59.741484Z,"{""command"": ""containerd"", ""command_line"": ""/usr/bin/containerd"", ""owner"": ""root"", ""pid"": ""2285"", ""process"": ""all"", ""resource_instance_id"": ""8057035535632679842"", ""resource_project_id"": ""proyecto-2-cloud-509714"", ""resource_type"": ""gce_instance"", ""resource_zone"": ""us-central1-a"", ""vm"": ""8057035535632679842""}",2395340800
2026-09-27T02:36:29.736827Z,"{""command"": ""containerd"", ""command_line"": ""/usr/bin/containerd"", ""owner"": ""root"", ""pid"": ""2285"", ""process"": ""all"", ""resource_instance_id"": ""8057035535632679842"", ""resource_project_id"": ""proyecto-2-cloud-509714"", ""resource_type"": ""gce_instance"", ""resource_zone"": ""us-central1-a"", ""vm"": ""8057035535632679842""}",2395340800
2026-09-27T02:35:59.729494Z,"{""command"": ""containerd"", ""command_line"": ""/usr/bin/containerd"", ""owner"": ""root"", ""pid"": ""2285"", ""process"": ""all"", ""resource_instance_id"": ""8057035535632679842"", ""resource_project_id"": ""proyecto-2-cloud-509714"", ""resource_type"": ""gce_instance"", ""resource_zone"": ""us-central1-a"", ""vm"": ""8057035535632679842""}",2395340800
2026-09-27T02:35:29.727018Z,"{""command"": ""containerd"", ""command_line"": ""/usr/bin/containerd"", ""owner"": ""root"", ""pid"": ""2285"", ""process"": ""all"", ""resource_instance_id"": ""8057035535632679842"", ""resource_project_id"": ""proyecto-2-cloud-509714"", ""resource_type"": ""gce_instance"", ""resource_zone"": ""us-central1-a"", ""vm"": ""8057035535632679842""}",2395340800
2026-09-27T02:34:59.732937Z,"{""command"": ""containerd"", ""command_line"": ""/usr/bin/containerd"", ""owner"": ""root"", ""pid"": ""2285"", ""process"": ""all"", ""resource_instance_id"": ""8057035535632679842"", ""resource_project_id"": ""proyecto-2-cloud-509714"", ""resource_type"": ""gce_instance"", ""resource_zone"": ""us-central1-a"", ""vm"": ""8057035535632679842""}",2395340800
2026-09-27T02:34:29.732724Z,"{""command"": ""containerd"", ""command_line"": ""/usr/bin/containerd"", ""owner"": ""root"", ""pid"": ""2285"", ""process"": ""all"", ""resource_instance_id"": ""8057035535632679842"", ""resource_project_id"": ""proyecto-2-cloud-509714"", ""resource_type"": ""gce_instance"", ""resource_zone"": ""us-central1-a"", ""vm"": ""8057035535632679842""}",2395340800
2026-09-27T02:33:59.738808Z,"{""command"": ""containerd"", ""command_line"": ""/usr/bin/containerd"", ""owner"": ""root"", ""pid"": ""2285"", ""process"": ""all"", ""resource_instance_id"": ""8057035535632679842"", ""resource_project_id"": ""proyecto-2-cloud-509714"", ""resource_type"": ""gce_instance"", ""resource_zone"": ""us-central1-a"", ""vm"": ""8057035535632679842""}",2395340800
2026-09-27T02:33:29.727778Z,"{""command"": ""containerd"", ""command_line"": ""/usr/bin/containerd"", ""owner"": ""root"", ""pid"": ""2285"", ""process"": ""all"", ""resource_instance_id"": ""8057035535632679842"", ""resource_project_id"": ""proyecto-2-cloud-509714"", ""resource_type"": ""gce_instance"", ""resource_zone"": ""us-central1-a"", ""vm"": ""8057035535632679842""}",2395340800
2026-09-27T02:32:59.745165Z,"{""command"": ""containerd"", ""command_line"": ""/usr/bin/containerd"", ""owner"": ""root"", ""pid"": ""2285"", ""process"": ""all"", ""resource_instance_id"": ""8057035535632679842"", ""resource_project_id"": ""proyecto-2-cloud-509714"", ""resource_type"": ""gce_instance"", ""resource_zone"": ""us-central1-a"", ""vm"": ""8057035535632679842""}",2395340800
2026-09-27T02:32:29.736556Z,"{""command"": ""containerd"", ""command_line"": ""/usr/bin/containerd"", ""owner"": ""root"", ""pid"": ""2285"", ""process"": ""all"", ""resource_instance_id"": ""8057035535632679842"", ""resource_project_id"": ""proyecto-2-cloud-509714"", ""resource_type"": ""gce_instance"", ""resource_zone"": ""us-central1-a"", ""vm"": ""8057035535632679842""}",2395340800
2026-09-27T02:31:59.736552Z,"{""command"": ""containerd"", ""command_line"": ""/usr/bin/containerd"", ""owner"": ""root"", ""pid"": ""2285"", ""process"": ""all"", ""resource_instance_id"": ""8057035535632679842"", ""resource_project_id"": ""proyecto-2-cloud-509714"", ""resource_type"": ""gce_instance"", ""resource_zone"": ""us-central1-a"", ""vm"": ""8057035535632679842""}",2395340800
2026-09-27T02:31:29.730946Z,"{""command"": ""containerd"", ""command_line"": ""/usr/bin/containerd"", ""owner"": ""root"", ""pid"": ""2285"", ""process"": ""all"", ""resource_instance_id"": ""8057035535632679842"", ""resource_project_id"": ""proyecto-2-cloud-509714"", ""resource_type"": ""gce_instance"", ""resource_zone"": ""us-central1-a"", ""vm"": ""8057035535632679842""}",2395340800
2026-09-27T02:30:59.747539Z,"{""command"": ""containerd"", ""command_line"": ""/usr/bin/containerd"", ""owner"": ""root"", ""pid"": ""2285"", ""process"": ""all"", ""resource_instance_id"": ""8057035535632679842"", ""resource_project_id"": ""proyecto-2-cloud-509714"", ""resource_type"": ""gce_instance"", ""resource_zone"": ""us-central1-a"", ""vm"": ""8057035535632679842""}",2395340800
2026-09-27T02:30:29.741821Z,"{""command"": ""containerd"", ""command_line"": ""/usr/bin/containerd"", ""owner"": ""root"", ""pid"": ""2285"", ""process"": ""all"", ""resource_instance_id"": ""8057035535632679842"", ""resource_project_id"": ""proyecto-2-cloud-509714"", ""resource_type"": ""gce_instance"", ""resource_zone"": ""us-central1-a"", ""vm"": ""8057035535632679842""}",2395340800
2026-09-27T02:30:22.328718Z,"{""command"": ""containerd"", ""command_line"": ""/usr/bin/containerd"", ""owner"": ""root"", ""pid"": ""2285"", ""process"": ""all"", ""resource_instance_id"": ""8057035535632679842"", ""resource_project_id"": ""proyecto-2-cloud-509714"", ""resource_type"": ""gce_instance"", ""resource_zone"": ""us-central1-a"", ""vm"": ""8057035535632679842""}",2395340800
2026-09-27T02:49:59.742365Z,"{""command"": ""containerd-shim-runc-v2"", ""command_line"": ""/usr/bin/containerd-shim-runc-v2 -namespace moby -id 1d4ab3b01e05aa244bef34f53ff04f5c162fbaf2caeb6d949f1cd4bb0e73aac0 -address /run/containerd/containerd.sock"", ""owner"": ""root"", ""pid"": ""6407"", ""process"": ""all"", ""resource_instance_id"": ""8057035535632679842"", ""resource_project_id"": ""proyecto-2-cloud-509714"", ""resource_type"": ""gce_instance"", ""resource_zone"": ""us-central1-a"", ""vm"": ""8057035535632679842""}",1299050496
2026-09-27T02:49:29.737230Z,"{""command"": ""containerd-shim-runc-v2"", ""command_line"": ""/usr/bin/containerd-shim-runc-v2 -namespace moby -id 1d4ab3b01e05aa244bef34f53ff04f5c162fbaf2caeb6d949f1cd4bb0e73aac0 -address /run/containerd/containerd.sock"", ""owner"": ""root"", ""pid"": ""6407"", ""process"": ""all"", ""resource_instance_id"": ""8057035535632679842"", ""resource_project_id"": ""proyecto-2-cloud-509714"", ""resource_type"": ""gce_instance"", ""resource_zone"": ""us-central1-a"", ""vm"": ""8057035535632679842""}",1299050496
2026-09-27T02:48:59.733425Z,"{""command"": ""containerd-shim-runc-v2"", ""command_line"": ""/usr/bin/containerd-shim-runc-v2 -namespace moby -id 1d4ab3b01e05aa244bef34f53ff04f5c162fbaf2caeb6d949f1cd4bb0e73aac0 -address /run/containerd/containerd.sock"", ""owner"": ""root"", ""pid"": ""6407"", ""process"": ""all"", ""resource_instance_id"": ""8057035535632679842"", ""resource_project_id"": ""proyecto-2-cloud-509714"", ""resource_type"": ""gce_instance"", ""resource_zone"": ""us-central1-a"", ""vm"": ""8057035535632679842""}",1299050496
2026-09-27T02:48:29.739657Z,"{""command"": ""containerd-shim-runc-v2"", ""command_line"": ""/usr/bin/containerd-shim-runc-v2 -namespace moby -id 1d4ab3b01e05aa244bef34f53ff04f5c162fbaf2caeb6d949f1cd4bb0e73aac0 -address /run/containerd/containerd.sock"", ""owner"": ""root"", ""pid"": ""6407"", ""process"": ""all"", ""resource_instance_id"": ""8057035535632679842"", ""resource_project_id"": ""proyecto-2-cloud-509714"", ""resource_type"": ""gce_instance"", ""resource_zone"": ""us-central1-a"", ""vm"": ""8057035535632679842""}",1299050496
2026-09-27T02:47:59.736802Z,"{""command"": ""containerd-shim-runc-v2"", ""command_line"": ""/usr/bin/containerd-shim-runc-v2 -namespace moby -id 1d4ab3b01e05aa244bef34f53ff04f5c162fbaf2caeb6d949f1cd4bb0e73aac0 -address /run/containerd/containerd.sock"", ""owner"": ""root"", ""pid"": ""6407"", ""process"": ""all"", ""resource_instance_id"": ""8057035535632679842"", ""resource_project_id"": ""proyecto-2-cloud-509714"", ""resource_type"": ""gce_instance"", ""resource_zone"": ""us-central1-a"", ""vm"": ""8057035535632679842""}",1299050496
2026-09-27T02:47:29.733826Z,"{""command"": ""containerd-shim-runc-v2"", ""command_line"": ""/usr/bin/containerd-shim-runc-v2 -namespace moby -id 1d4ab3b01e05aa244bef34f53ff04f5c162fbaf2caeb6d949f1cd4bb0e73aac0 -address /run/containerd/containerd.sock"", ""owner"": ""root"", ""pid"": ""6407"", ""process"": ""all"", ""resource_instance_id"": ""8057035535632679842"", ""resource_project_id"": ""proyecto-2-cloud-509714"", ""resource_type"": ""gce_instance"", ""resource_zone"": ""us-central1-a"", ""vm"": ""8057035535632679842""}",1299050496
2026-09-27T02:46:59.744649Z,"{""command"": ""containerd-shim-runc-v2"", ""command_line"": ""/usr/bin/containerd-shim-runc-v2 -namespace moby -id 1d4ab3b01e05aa244bef34f53ff04f5c162fbaf2caeb6d949f1cd4bb0e73aac0 -address /run/containerd/containerd.sock"", ""owner"": ""root"", ""pid"": ""6407"", ""process"": ""all"", ""resource_instance_id"": ""8057035535632679842"", ""resource_project_id"": ""proyecto-2-cloud-509714"", ""resource_type"": ""gce_instance"", ""resource_zone"": ""us-central1-a"", ""vm"": ""8057035535632679842""}",1299050496
2026-09-27T02:46:29.741181Z,"{""command"": ""containerd-shim-runc-v2"", ""command_line"": ""/usr/bin/containerd-shim-runc-v2 -namespace moby -id 1d4ab3b01e05aa244bef34f53ff04f5c162fbaf2caeb6d949f1cd4bb0e73aac0 -address /run/containerd/containerd.sock"", ""owner"": ""root"", ""pid"": ""6407"", ""process"": ""all"", ""resource_instance_id"": ""8057035535632679842"", ""resource_project_id"": ""proyecto-2-cloud-509714"", ""resource_type"": ""gce_instance"", ""resource_zone"": ""us-central1-a"", ""vm"": ""8057035535632679842""}",1299050496
2026-09-27T02:45:59.732825Z,"{""command"": ""containerd-shim-runc-v2"", ""command_line"": ""/usr/bin/containerd-shim-runc-v2 -namespace moby -id 1d4ab3b01e05aa244bef34f53ff04f5c162fbaf2caeb6d949f1cd4bb0e73aac0 -address /run/containerd/containerd.sock"", ""owner"": ""root"", ""pid"": ""6407"", ""process"": ""all"", ""resource_instance_id"": ""8057035535632679842"", ""resource_project_id"": ""proyecto-2-cloud-509714"", ""resource_type"": ""gce_instance"", ""resource_zone"": ""us-central1-a"", ""vm"": ""8057035535632679842""}",1299050496
2026-09-27T02:45:29.738691Z,"{""command"": ""containerd-shim-runc-v2"", ""command_line"": ""/usr/bin/containerd-shim-runc-v2 -namespace moby -id 1d4ab3b01e05aa244bef34f53ff04f5c162fbaf2caeb6d949f1cd4bb0e73aac0 -address /run/containerd/containerd.sock"", ""owner"": ""root"", ""pid"": ""6407"", ""process"": ""all"", ""resource_instance_id"": ""8057035535632679842"", ""resource_project_id"": ""proyecto-2-cloud-509714"", ""resource_type"": ""gce_instance"", ""resource_zone"": ""us-central1-a"", ""vm"": ""8057035535632679842""}",1299050496
2026-09-27T02:44:59.744497Z,"{""command"": ""containerd-shim-runc-v2"", ""command_line"": ""/usr/bin/containerd-shim-runc-v2 -namespace moby -id 1d4ab3b01e05aa244bef34f53ff04f5c162fbaf2caeb6d949f1cd4bb0e73aac0 -address /run/containerd/containerd.sock"", ""owner"": ""root"", ""pid"": ""6407"", ""process"": ""all"", ""resource_instance_id"": ""8057035535632679842"", ""resource_project_id"": ""proyecto-2-cloud-509714"", ""resource_type"": ""gce_instance"", ""resource_zone"": ""us-central1-a"", ""vm"": ""8057035535632679842""}",1299050496
2026-09-27T02:44:29.741395Z,"{""command"": ""containerd-shim-runc-v2"", ""command_line"": ""/usr/bin/containerd-shim-runc-v2 -namespace moby -id 1d4ab3b01e05aa244bef34f53ff04f5c162fbaf2caeb6d949f1cd4bb0e73aac0 -address /run/containerd/containerd.sock"", ""owner"": ""root"", ""pid"": ""6407"", ""process"": ""all"", ""resource_instance_id"": ""8057035535632679842"", ""resource_project_id"": ""proyecto-2-cloud-509714"", ""resource_type"": ""gce_instance"", ""resource_zone"": ""us-central1-a"", ""vm"": ""8057035535632679842""}",1299050496
2026-09-27T02:43:59.743328Z,"{""command"": ""containerd-shim-runc-v2"", ""command_line"": ""/usr/bin/containerd-shim-runc-v2 -namespace moby -id 1d4ab3b01e05aa244bef34f53ff04f5c162fbaf2caeb6d949f1cd4bb0e73aac0 -address /run/containerd/containerd.sock"", ""owner"": ""root"", ""pid"": ""6407"", ""process"": ""all"", ""resource_instance_id"": ""8057035535632679842"", ""resource_project_id"": ""proyecto-2-cloud-509714"", ""resource_type"": ""gce_instance"", ""resource_zone"": ""us-central1-a"", ""vm"": ""8057035535632679842""}",1299050496
2026-09-27T02:43:29.744689Z,"{""command"": ""containerd-shim-runc-v2"", ""command_line"": ""/usr/bin/containerd-shim-runc-v2 -namespace moby -id 1d4ab3b01e05aa244bef34f53ff04f5c162fbaf2caeb6d949f1cd4bb0e73aac0 -address /run/containerd/containerd.sock"", ""owner"": ""root"", ""pid"": ""6407"", ""process"": ""all"", ""resource_instance_id"": ""8057035535632679842"", ""resource_project_id"": ""proyecto-2-cloud-509714"", ""resource_type"": ""gce_instance"", ""resource_zone"": ""us-central1-a"", ""vm"": ""8057035535632679842""}",1299050496
2026-09-27T02:42:59.737508Z,"{""command"": ""containerd-shim-runc-v2"", ""command_line"": ""/usr/bin/containerd-shim-runc-v2 -namespace moby -id 1d4ab3b01e05aa244bef34f53ff04f5c162fbaf2caeb6d949f1cd4bb0e73aac0 -address /run/containerd/containerd.sock"", ""owner"": ""root"", ""pid"": ""6407"", ""process"": ""all"", ""resource_instance_id"": ""8057035535632679842"", ""resource_project_id"": ""proyecto-2-cloud-509714"", ""resource_type"": ""gce_instance"", ""resource_zone"": ""us-central1-a"", ""vm"": ""8057035535632679842""}",1299050496
2026-09-27T02:42:29.763438Z,"{""command"": ""containerd-shim-runc-v2"", ""command_line"": ""/usr/bin/containerd-shim-runc-v2 -namespace moby -id 1d4ab3b01e05aa244bef34f53ff04f5c162fbaf2caeb6d949f1cd4bb0e73aac0 -address /run/containerd/containerd.sock"", ""owner"": ""root"", ""pid"": ""6407"", ""process"": ""all"", ""resource_instance_id"": ""8057035535632679842"", ""resource_project_id"": ""proyecto-2-cloud-509714"", ""resource_type"": ""gce_instance"", ""resource_zone"": ""us-central1-a"", ""vm"": ""8057035535632679842""}",1299050496
2026-09-27T02:41:59.741262Z,"{""command"": ""containerd-shim-runc-v2"", ""command_line"": ""/usr/bin/containerd-shim-runc-v2 -namespace moby -id 1d4ab3b01e05aa244bef34f53ff04f5c162fbaf2caeb6d949f1cd4bb0e73aac0 -address /run/containerd/containerd.sock"", ""owner"": ""root"", ""pid"": ""6407"", ""process"": ""all"", ""resource_instance_id"": ""8057035535632679842"", ""resource_project_id"": ""proyecto-2-cloud-509714"", ""resource_type"": ""gce_instance"", ""resource_zone"": ""us-central1-a"", ""vm"": ""8057035535632679842""}",1299050496
2026-09-27T02:41:29.744460Z,"{""command"": ""containerd-shim-runc-v2"", ""command_line"": ""/usr/bin/containerd-shim-runc-v2 -namespace moby -id 1d4ab3b01e05aa244bef34f53ff04f5c162fbaf2caeb6d949f1cd4bb0e73aac0 -address /run/containerd/containerd.sock"", ""owner"": ""root"", ""pid"": ""6407"", ""process"": ""all"", ""resource_instance_id"": ""8057035535632679842"", ""resource_project_id"": ""proyecto-2-cloud-509714"", ""resource_type"": ""gce_instance"", ""resource_zone"": ""us-central1-a"", ""vm"": ""8057035535632679842""}",1299050496
2026-09-27T02:40:59.733361Z,"{""command"": ""containerd-shim-runc-v2"", ""command_line"": ""/usr/bin/containerd-shim-runc-v2 -namespace moby -id 1d4ab3b01e05aa244bef34f53ff04f5c162fbaf2caeb6d949f1cd4bb0e73aac0 -address /run/containerd/containerd.sock"", ""owner"": ""root"", ""pid"": ""6407"", ""process"": ""all"", ""resource_instance_id"": ""8057035535632679842"", ""resource_project_id"": ""proyecto-2-cloud-509714"", ""resource_type"": ""gce_instance"", ""resource_zone"": ""us-central1-a"", ""vm"": ""8057035535632679842""}",1299050496
2026-09-27T02:40:29.730474Z,"{""command"": ""containerd-shim-runc-v2"", ""command_line"": ""/usr/bin/containerd-shim-runc-v2 -namespace moby -id 1d4ab3b01e05aa244bef34f53ff04f5c162fbaf2caeb6d949f1cd4bb0e73aac0 -address /run/containerd/containerd.sock"", ""owner"": ""root"", ""pid"": ""6407"", ""process"": ""all"", ""resource_instance_id"": ""8057035535632679842"", ""resource_project_id"": ""proyecto-2-cloud-509714"", ""resource_type"": ""gce_instance"", ""resource_zone"": ""us-central1-a"", ""vm"": ""8057035535632679842""}",1299050496
2026-09-27T02:39:59.740604Z,"{""command"": ""containerd-shim-runc-v2"", ""command_line"": ""/usr/bin/containerd-shim-runc-v2 -namespace moby -id 1d4ab3b01e05aa244bef34f53ff04f5c162fbaf2caeb6d949f1cd4bb0e73aac0 -address /run/containerd/containerd.sock"", ""owner"": ""root"", ""pid"": ""6407"", ""process"": ""all"", ""resource_instance_id"": ""8057035535632679842"", ""resource_project_id"": ""proyecto-2-cloud-509714"", ""resource_type"": ""gce_instance"", ""resource_zone"": ""us-central1-a"", ""vm"": ""8057035535632679842""}",1299050496
2026-09-27T02:39:29.732165Z,"{""command"": ""containerd-shim-runc-v2"", ""command_line"": ""/usr/bin/containerd-shim-runc-v2 -namespace moby -id 1d4ab3b01e05aa244bef34f53ff04f5c162fbaf2caeb6d949f1cd4bb0e73aac0 -address /run/containerd/containerd.sock"", ""owner"": ""root"", ""pid"": ""6407"", ""process"": ""all"", ""resource_instance_id"": ""8057035535632679842"", ""resource_project_id"": ""proyecto-2-cloud-509714"", ""resource_type"": ""gce_instance"", ""resource_zone"": ""us-central1-a"", ""vm"": ""8057035535632679842""}",1299050496
2026-09-27T02:38:59.739306Z,"{""command"": ""containerd-shim-runc-v2"", ""command_line"": ""/usr/bin/containerd-shim-runc-v2 -namespace moby -id 1d4ab3b01e05aa244bef34f53ff04f5c162fbaf2caeb6d949f1cd4bb0e73aac0 -address /run/containerd/containerd.sock"", ""owner"": ""root"", ""pid"": ""6407"", ""process"": ""all"", ""resource_instance_id"": ""8057035535632679842"", ""resource_project_id"": ""proyecto-2-cloud-509714"", ""resource_type"": ""gce_instance"", ""resource_zone"": ""us-central1-a"", ""vm"": ""8057035535632679842""}",1299050496
2026-09-27T02:38:29.729293Z,"{""command"": ""containerd-shim-runc-v2"", ""command_line"": ""/usr/bin/containerd-shim-runc-v2 -namespace moby -id 1d4ab3b01e05aa244bef34f53ff04f5c162fbaf2caeb6d949f1cd4bb0e73aac0 -address /run/containerd/containerd.sock"", ""owner"": ""root"", ""pid"": ""6407"", ""process"": ""all"", ""resource_instance_id"": ""8057035535632679842"", ""resource_project_id"": ""proyecto-2-cloud-509714"", ""resource_type"": ""gce_instance"", ""resource_zone"": ""us-central1-a"", ""vm"": ""8057035535632679842""}",1299050496
2026-09-27T02:37:59.739969Z,"{""command"": ""containerd-shim-runc-v2"", ""command_line"": ""/usr/bin/containerd-shim-runc-v2 -namespace moby -id 1d4ab3b01e05aa244bef34f53ff04f5c162fbaf2caeb6d949f1cd4bb0e73aac0 -address /run/containerd/containerd.sock"", ""owner"": ""root"", ""pid"": ""6407"", ""process"": ""all"", ""resource_instance_id"": ""8057035535632679842"", ""resource_project_id"": ""proyecto-2-cloud-509714"", ""resource_type"": ""gce_instance"", ""resource_zone"": ""us-central1-a"", ""vm"": ""8057035535632679842""}",1299050496
2026-09-27T02:37:29.734232Z,"{""command"": ""containerd-shim-runc-v2"", ""command_line"": ""/usr/bin/containerd-shim-runc-v2 -namespace moby -id 1d4ab3b01e05aa244bef34f53ff04f5c162fbaf2caeb6d949f1cd4bb0e73aac0 -address /run/containerd/containerd.sock"", ""owner"": ""root"", ""pid"": ""6407"", ""process"": ""all"", ""resource_instance_id"": ""8057035535632679842"", ""resource_project_id"": ""proyecto-2-cloud-509714"", ""resource_type"": ""gce_instance"", ""resource_zone"": ""us-central1-a"", ""vm"": ""8057035535632679842""}",1299050496
2026-09-27T02:36:59.742267Z,"{""command"": ""containerd-shim-runc-v2"", ""command_line"": ""/usr/bin/containerd-shim-runc-v2 -namespace moby -id 1d4ab3b01e05aa244bef34f53ff04f5c162fbaf2caeb6d949f1cd4bb0e73aac0 -address /run/containerd/containerd.sock"", ""owner"": ""root"", ""pid"": ""6407"", ""process"": ""all"", ""resource_instance_id"": ""8057035535632679842"", ""resource_project_id"": ""proyecto-2-cloud-509714"", ""resource_type"": ""gce_instance"", ""resource_zone"": ""us-central1-a"", ""vm"": ""8057035535632679842""}",1299050496
2026-09-27T02:36:29.737894Z,"{""command"": ""containerd-shim-runc-v2"", ""command_line"": ""/usr/bin/containerd-shim-runc-v2 -namespace moby -id 1d4ab3b01e05aa244bef34f53ff04f5c162fbaf2caeb6d949f1cd4bb0e73aac0 -address /run/containerd/containerd.sock"", ""owner"": ""root"", ""pid"": ""6407"", ""process"": ""all"", ""resource_instance_id"": ""8057035535632679842"", ""resource_project_id"": ""proyecto-2-cloud-509714"", ""resource_type"": ""gce_instance"", ""resource_zone"": ""us-central1-a"", ""vm"": ""8057035535632679842""}",1299050496
2026-09-27T02:35:59.730498Z,"{""command"": ""containerd-shim-runc-v2"", ""command_line"": ""/usr/bin/containerd-shim-runc-v2 -namespace moby -id 1d4ab3b01e05aa244bef34f53ff04f5c162fbaf2caeb6d949f1cd4bb0e73aac0 -address /run/containerd/containerd.sock"", ""owner"": ""root"", ""pid"": ""6407"", ""process"": ""all"", ""resource_instance_id"": ""8057035535632679842"", ""resource_project_id"": ""proyecto-2-cloud-509714"", ""resource_type"": ""gce_instance"", ""resource_zone"": ""us-central1-a"", ""vm"": ""8057035535632679842""}",1299050496
2026-09-27T02:35:29.727568Z,"{""command"": ""containerd-shim-runc-v2"", ""command_line"": ""/usr/bin/containerd-shim-runc-v2 -namespace moby -id 1d4ab3b01e05aa244bef34f53ff04f5c162fbaf2caeb6d949f1cd4bb0e73aac0 -address /run/containerd/containerd.sock"", ""owner"": ""root"", ""pid"": ""6407"", ""process"": ""all"", ""resource_instance_id"": ""8057035535632679842"", ""resource_project_id"": ""proyecto-2-cloud-509714"", ""resource_type"": ""gce_instance"", ""resource_zone"": ""us-central1-a"", ""vm"": ""8057035535632679842""}",1299050496
2026-09-27T02:34:59.734054Z,"{""command"": ""containerd-shim-runc-v2"", ""command_line"": ""/usr/bin/containerd-shim-runc-v2 -namespace moby -id 1d4ab3b01e05aa244bef34f53ff04f5c162fbaf2caeb6d949f1cd4bb0e73aac0 -address /run/containerd/containerd.sock"", ""owner"": ""root"", ""pid"": ""6407"", ""process"": ""all"", ""resource_instance_id"": ""8057035535632679842"", ""resource_project_id"": ""proyecto-2-cloud-509714"", ""resource_type"": ""gce_instance"", ""resource_zone"": ""us-central1-a"", ""vm"": ""8057035535632679842""}",1299050496
2026-09-27T02:34:29.733694Z,"{""command"": ""containerd-shim-runc-v2"", ""command_line"": ""/usr/bin/containerd-shim-runc-v2 -namespace moby -id 1d4ab3b01e05aa244bef34f53ff04f5c162fbaf2caeb6d949f1cd4bb0e73aac0 -address /run/containerd/containerd.sock"", ""owner"": ""root"", ""pid"": ""6407"", ""process"": ""all"", ""resource_instance_id"": ""8057035535632679842"", ""resource_project_id"": ""proyecto-2-cloud-509714"", ""resource_type"": ""gce_instance"", ""resource_zone"": ""us-central1-a"", ""vm"": ""8057035535632679842""}",1299050496
2026-09-27T02:33:59.739607Z,"{""command"": ""containerd-shim-runc-v2"", ""command_line"": ""/usr/bin/containerd-shim-runc-v2 -namespace moby -id 1d4ab3b01e05aa244bef34f53ff04f5c162fbaf2caeb6d949f1cd4bb0e73aac0 -address /run/containerd/containerd.sock"", ""owner"": ""root"", ""pid"": ""6407"", ""process"": ""all"", ""resource_instance_id"": ""8057035535632679842"", ""resource_project_id"": ""proyecto-2-cloud-509714"", ""resource_type"": ""gce_instance"", ""resource_zone"": ""us-central1-a"", ""vm"": ""8057035535632679842""}",1299050496
2026-09-27T02:33:29.728425Z,"{""command"": ""containerd-shim-runc-v2"", ""command_line"": ""/usr/bin/containerd-shim-runc-v2 -namespace moby -id 1d4ab3b01e05aa244bef34f53ff04f5c162fbaf2caeb6d949f1cd4bb0e73aac0 -address /run/containerd/containerd.sock"", ""owner"": ""root"", ""pid"": ""6407"", ""process"": ""all"", ""resource_instance_id"": ""8057035535632679842"", ""resource_project_id"": ""proyecto-2-cloud-509714"", ""resource_type"": ""gce_instance"", ""resource_zone"": ""us-central1-a"", ""vm"": ""8057035535632679842""}",1299050496
2026-09-27T02:32:59.745996Z,"{""command"": ""containerd-shim-runc-v2"", ""command_line"": ""/usr/bin/containerd-shim-runc-v2 -namespace moby -id 1d4ab3b01e05aa244bef34f53ff04f5c162fbaf2caeb6d949f1cd4bb0e73aac0 -address /run/containerd/containerd.sock"", ""owner"": ""root"", ""pid"": ""6407"", ""process"": ""all"", ""resource_instance_id"": ""8057035535632679842"", ""resource_project_id"": ""proyecto-2-cloud-509714"", ""resource_type"": ""gce_instance"", ""resource_zone"": ""us-central1-a"", ""vm"": ""8057035535632679842""}",1299050496
2026-09-27T02:32:29.737545Z,"{""command"": ""containerd-shim-runc-v2"", ""command_line"": ""/usr/bin/containerd-shim-runc-v2 -namespace moby -id 1d4ab3b01e05aa244bef34f53ff04f5c162fbaf2caeb6d949f1cd4bb0e73aac0 -address /run/containerd/containerd.sock"", ""owner"": ""root"", ""pid"": ""6407"", ""process"": ""all"", ""resource_instance_id"": ""8057035535632679842"", ""resource_project_id"": ""proyecto-2-cloud-509714"", ""resource_type"": ""gce_instance"", ""resource_zone"": ""us-central1-a"", ""vm"": ""8057035535632679842""}",1299050496
2026-09-27T02:31:59.737361Z,"{""command"": ""containerd-shim-runc-v2"", ""command_line"": ""/usr/bin/containerd-shim-runc-v2 -namespace moby -id 1d4ab3b01e05aa244bef34f53ff04f5c162fbaf2caeb6d949f1cd4bb0e73aac0 -address /run/containerd/containerd.sock"", ""owner"": ""root"", ""pid"": ""6407"", ""process"": ""all"", ""resource_instance_id"": ""8057035535632679842"", ""resource_project_id"": ""proyecto-2-cloud-509714"", ""resource_type"": ""gce_instance"", ""resource_zone"": ""us-central1-a"", ""vm"": ""8057035535632679842""}",1299050496
2026-09-27T02:31:29.731818Z,"{""command"": ""containerd-shim-runc-v2"", ""command_line"": ""/usr/bin/containerd-shim-runc-v2 -namespace moby -id 1d4ab3b01e05aa244bef34f53ff04f5c162fbaf2caeb6d949f1cd4bb0e73aac0 -address /run/containerd/containerd.sock"", ""owner"": ""root"", ""pid"": ""6407"", ""process"": ""all"", ""resource_instance_id"": ""8057035535632679842"", ""resource_project_id"": ""proyecto-2-cloud-509714"", ""resource_type"": ""gce_instance"", ""resource_zone"": ""us-central1-a"", ""vm"": ""8057035535632679842""}",1299050496
2026-09-27T02:30:59.748434Z,"{""command"": ""containerd-shim-runc-v2"", ""command_line"": ""/usr/bin/containerd-shim-runc-v2 -namespace moby -id 1d4ab3b01e05aa244bef34f53ff04f5c162fbaf2caeb6d949f1cd4bb0e73aac0 -address /run/containerd/containerd.sock"", ""owner"": ""root"", ""pid"": ""6407"", ""process"": ""all"", ""resource_instance_id"": ""8057035535632679842"", ""resource_project_id"": ""proyecto-2-cloud-509714"", ""resource_type"": ""gce_instance"", ""resource_zone"": ""us-central1-a"", ""vm"": ""8057035535632679842""}",1299050496
2026-09-27T02:30:29.742913Z,"{""command"": ""containerd-shim-runc-v2"", ""command_line"": ""/usr/bin/containerd-shim-runc-v2 -namespace moby -id 1d4ab3b01e05aa244bef34f53ff04f5c162fbaf2caeb6d949f1cd4bb0e73aac0 -address /run/containerd/containerd.sock"", ""owner"": ""root"", ""pid"": ""6407"", ""process"": ""all"", ""resource_instance_id"": ""8057035535632679842"", ""resource_project_id"": ""proyecto-2-cloud-509714"", ""resource_type"": ""gce_instance"", ""resource_zone"": ""us-central1-a"", ""vm"": ""8057035535632679842""}",1299050496
2026-09-27T02:30:22.329695Z,"{""command"": ""containerd-shim-runc-v2"", ""command_line"": ""/usr/bin/containerd-shim-runc-v2 -namespace moby -id 1d4ab3b01e05aa244bef34f53ff04f5c162fbaf2caeb6d949f1cd4bb0e73aac0 -address /run/containerd/containerd.sock"", ""owner"": ""root"", ""pid"": ""6407"", ""process"": ""all"", ""resource_instance_id"": ""8057035535632679842"", ""resource_project_id"": ""proyecto-2-cloud-509714"", ""resource_type"": ""gce_instance"", ""resource_zone"": ""us-central1-a"", ""vm"": ""8057035535632679842""}",1299050496
2026-09-27T02:49:59.742951Z,"{""command"": ""containerd-shim-runc-v2"", ""command_line"": ""/usr/bin/containerd-shim-runc-v2 -namespace moby -id bb69175515706432a5f4e743e4c26fc6371c37528f077c4d93b6c4bb5808e5c0 -address /run/containerd/containerd.sock"", ""owner"": ""root"", ""pid"": ""6507"", ""process"": ""all"", ""resource_instance_id"": ""8057035535632679842"", ""resource_project_id"": ""proyecto-2-cloud-509714"", ""resource_type"": ""gce_instance"", ""resource_zone"": ""us-central1-a"", ""vm"": ""8057035535632679842""}",1299050496
2026-09-27T02:49:29.737484Z,"{""command"": ""containerd-shim-runc-v2"", ""command_line"": ""/usr/bin/containerd-shim-runc-v2 -namespace moby -id bb69175515706432a5f4e743e4c26fc6371c37528f077c4d93b6c4bb5808e5c0 -address /run/containerd/containerd.sock"", ""owner"": ""root"", ""pid"": ""6507"", ""process"": ""all"", ""resource_instance_id"": ""8057035535632679842"", ""resource_project_id"": ""proyecto-2-cloud-509714"", ""resource_type"": ""gce_instance"", ""resource_zone"": ""us-central1-a"", ""vm"": ""8057035535632679842""}",1299050496
2026-09-27T02:48:59.733765Z,"{""command"": ""containerd-shim-runc-v2"", ""command_line"": ""/usr/bin/containerd-shim-runc-v2 -namespace moby -id bb69175515706432a5f4e743e4c26fc6371c37528f077c4d93b6c4bb5808e5c0 -address /run/containerd/containerd.sock"", ""owner"": ""root"", ""pid"": ""6507"", ""process"": ""all"", ""resource_instance_id"": ""8057035535632679842"", ""resource_project_id"": ""proyecto-2-cloud-509714"", ""resource_type"": ""gce_instance"", ""resource_zone"": ""us-central1-a"", ""vm"": ""8057035535632679842""}",1299050496
2026-09-27T02:48:29.740075Z,"{""command"": ""containerd-shim-runc-v2"", ""command_line"": ""/usr/bin/containerd-shim-runc-v2 -namespace moby -id bb69175515706432a5f4e743e4c26fc6371c37528f077c4d93b6c4bb5808e5c0 -address /run/containerd/containerd.sock"", ""owner"": ""root"", ""pid"": ""6507"", ""process"": ""all"", ""resource_instance_id"": ""8057035535632679842"", ""resource_project_id"": ""proyecto-2-cloud-509714"", ""resource_type"": ""gce_instance"", ""resource_zone"": ""us-central1-a"", ""vm"": ""8057035535632679842""}",1299050496
2026-09-27T02:47:59.737035Z,"{""command"": ""containerd-shim-runc-v2"", ""command_line"": ""/usr/bin/containerd-shim-runc-v2 -namespace moby -id bb69175515706432a5f4e743e4c26fc6371c37528f077c4d93b6c4bb5808e5c0 -address /run/containerd/containerd.sock"", ""owner"": ""root"", ""pid"": ""6507"", ""process"": ""all"", ""resource_instance_id"": ""8057035535632679842"", ""resource_project_id"": ""proyecto-2-cloud-509714"", ""resource_type"": ""gce_instance"", ""resource_zone"": ""us-central1-a"", ""vm"": ""8057035535632679842""}",1299050496
2026-09-27T02:47:29.734089Z,"{""command"": ""containerd-shim-runc-v2"", ""command_line"": ""/usr/bin/containerd-shim-runc-v2 -namespace moby -id bb69175515706432a5f4e743e4c26fc6371c37528f077c4d93b6c4bb5808e5c0 -address /run/containerd/containerd.sock"", ""owner"": ""root"", ""pid"": ""6507"", ""process"": ""all"", ""resource_instance_id"": ""8057035535632679842"", ""resource_project_id"": ""proyecto-2-cloud-509714"", ""resource_type"": ""gce_instance"", ""resource_zone"": ""us-central1-a"", ""vm"": ""8057035535632679842""}",1299050496
2026-09-27T02:46:59.744910Z,"{""command"": ""containerd-shim-runc-v2"", ""command_line"": ""/usr/bin/containerd-shim-runc-v2 -namespace moby -id bb69175515706432a5f4e743e4c26fc6371c37528f077c4d93b6c4bb5808e5c0 -address /run/containerd/containerd.sock"", ""owner"": ""root"", ""pid"": ""6507"", ""process"": ""all"", ""resource_instance_id"": ""8057035535632679842"", ""resource_project_id"": ""proyecto-2-cloud-509714"", ""resource_type"": ""gce_instance"", ""resource_zone"": ""us-central1-a"", ""vm"": ""8057035535632679842""}",1299050496
2026-09-27T02:46:29.741552Z,"{""command"": ""containerd-shim-runc-v2"", ""command_line"": ""/usr/bin/containerd-shim-runc-v2 -namespace moby -id bb69175515706432a5f4e743e4c26fc6371c37528f077c4d93b6c4bb5808e5c0 -address /run/containerd/containerd.sock"", ""owner"": ""root"", ""pid"": ""6507"", ""process"": ""all"", ""resource_instance_id"": ""8057035535632679842"", ""resource_project_id"": ""proyecto-2-cloud-509714"", ""resource_type"": ""gce_instance"", ""resource_zone"": ""us-central1-a"", ""vm"": ""8057035535632679842""}",1299050496
2026-09-27T02:45:59.733063Z,"{""command"": ""containerd-shim-runc-v2"", ""command_line"": ""/usr/bin/containerd-shim-runc-v2 -namespace moby -id bb69175515706432a5f4e743e4c26fc6371c37528f077c4d93b6c4bb5808e5c0 -address /run/containerd/containerd.sock"", ""owner"": ""root"", ""pid"": ""6507"", ""process"": ""all"", ""resource_instance_id"": ""8057035535632679842"", ""resource_project_id"": ""proyecto-2-cloud-509714"", ""resource_type"": ""gce_instance"", ""resource_zone"": ""us-central1-a"", ""vm"": ""8057035535632679842""}",1299050496
2026-09-27T02:45:29.738924Z,"{""command"": ""containerd-shim-runc-v2"", ""command_line"": ""/usr/bin/containerd-shim-runc-v2 -namespace moby -id bb69175515706432a5f4e743e4c26fc6371c37528f077c4d93b6c4bb5808e5c0 -address /run/containerd/containerd.sock"", ""owner"": ""root"", ""pid"": ""6507"", ""process"": ""all"", ""resource_instance_id"": ""8057035535632679842"", ""resource_project_id"": ""proyecto-2-cloud-509714"", ""resource_type"": ""gce_instance"", ""resource_zone"": ""us-central1-a"", ""vm"": ""8057035535632679842""}",1299050496
2026-09-27T02:44:59.744752Z,"{""command"": ""containerd-shim-runc-v2"", ""command_line"": ""/usr/bin/containerd-shim-runc-v2 -namespace moby -id bb69175515706432a5f4e743e4c26fc6371c37528f077c4d93b6c4bb5808e5c0 -address /run/containerd/containerd.sock"", ""owner"": ""root"", ""pid"": ""6507"", ""process"": ""all"", ""resource_instance_id"": ""8057035535632679842"", ""resource_project_id"": ""proyecto-2-cloud-509714"", ""resource_type"": ""gce_instance"", ""resource_zone"": ""us-central1-a"", ""vm"": ""8057035535632679842""}",1299050496
2026-09-27T02:44:29.741618Z,"{""command"": ""containerd-shim-runc-v2"", ""command_line"": ""/usr/bin/containerd-shim-runc-v2 -namespace moby -id bb69175515706432a5f4e743e4c26fc6371c37528f077c4d93b6c4bb5808e5c0 -address /run/containerd/containerd.sock"", ""owner"": ""root"", ""pid"": ""6507"", ""process"": ""all"", ""resource_instance_id"": ""8057035535632679842"", ""resource_project_id"": ""proyecto-2-cloud-509714"", ""resource_type"": ""gce_instance"", ""resource_zone"": ""us-central1-a"", ""vm"": ""8057035535632679842""}",1299050496
2026-09-27T02:43:59.743626Z,"{""command"": ""containerd-shim-runc-v2"", ""command_line"": ""/usr/bin/containerd-shim-runc-v2 -namespace moby -id bb69175515706432a5f4e743e4c26fc6371c37528f077c4d93b6c4bb5808e5c0 -address /run/containerd/containerd.sock"", ""owner"": ""root"", ""pid"": ""6507"", ""process"": ""all"", ""resource_instance_id"": ""8057035535632679842"", ""resource_project_id"": ""proyecto-2-cloud-509714"", ""resource_type"": ""gce_instance"", ""resource_zone"": ""us-central1-a"", ""vm"": ""8057035535632679842""}",1299050496
2026-09-27T02:43:29.744971Z,"{""command"": ""containerd-shim-runc-v2"", ""command_line"": ""/usr/bin/containerd-shim-runc-v2 -namespace moby -id bb69175515706432a5f4e743e4c26fc6371c37528f077c4d93b6c4bb5808e5c0 -address /run/containerd/containerd.sock"", ""owner"": ""root"", ""pid"": ""6507"", ""process"": ""all"", ""resource_instance_id"": ""8057035535632679842"", ""resource_project_id"": ""proyecto-2-cloud-509714"", ""resource_type"": ""gce_instance"", ""resource_zone"": ""us-central1-a"", ""vm"": ""8057035535632679842""}",1299050496
2026-09-27T02:42:59.737858Z,"{""command"": ""containerd-shim-runc-v2"", ""command_line"": ""/usr/bin/containerd-shim-runc-v2 -namespace moby -id bb69175515706432a5f4e743e4c26fc6371c37528f077c4d93b6c4bb5808e5c0 -address /run/containerd/containerd.sock"", ""owner"": ""root"", ""pid"": ""6507"", ""process"": ""all"", ""resource_instance_id"": ""8057035535632679842"", ""resource_project_id"": ""proyecto-2-cloud-509714"", ""resource_type"": ""gce_instance"", ""resource_zone"": ""us-central1-a"", ""vm"": ""8057035535632679842""}",1299050496
2026-09-27T02:42:29.763688Z,"{""command"": ""containerd-shim-runc-v2"", ""command_line"": ""/usr/bin/containerd-shim-runc-v2 -namespace moby -id bb69175515706432a5f4e743e4c26fc6371c37528f077c4d93b6c4bb5808e5c0 -address /run/containerd/containerd.sock"", ""owner"": ""root"", ""pid"": ""6507"", ""process"": ""all"", ""resource_instance_id"": ""8057035535632679842"", ""resource_project_id"": ""proyecto-2-cloud-509714"", ""resource_type"": ""gce_instance"", ""resource_zone"": ""us-central1-a"", ""vm"": ""8057035535632679842""}",1299050496
2026-09-27T02:41:59.741627Z,"{""command"": ""containerd-shim-runc-v2"", ""command_line"": ""/usr/bin/containerd-shim-runc-v2 -namespace moby -id bb69175515706432a5f4e743e4c26fc6371c37528f077c4d93b6c4bb5808e5c0 -address /run/containerd/containerd.sock"", ""owner"": ""root"", ""pid"": ""6507"", ""process"": ""all"", ""resource_instance_id"": ""8057035535632679842"", ""resource_project_id"": ""proyecto-2-cloud-509714"", ""resource_type"": ""gce_instance"", ""resource_zone"": ""us-central1-a"", ""vm"": ""8057035535632679842""}",1299050496
2026-09-27T02:41:29.744888Z,"{""command"": ""containerd-shim-runc-v2"", ""command_line"": ""/usr/bin/containerd-shim-runc-v2 -namespace moby -id bb69175515706432a5f4e743e4c26fc6371c37528f077c4d93b6c4bb5808e5c0 -address /run/containerd/containerd.sock"", ""owner"": ""root"", ""pid"": ""6507"", ""process"": ""all"", ""resource_instance_id"": ""8057035535632679842"", ""resource_project_id"": ""proyecto-2-cloud-509714"", ""resource_type"": ""gce_instance"", ""resource_zone"": ""us-central1-a"", ""vm"": ""8057035535632679842""}",1299050496
2026-09-27T02:40:59.733739Z,"{""command"": ""containerd-shim-runc-v2"", ""command_line"": ""/usr/bin/containerd-shim-runc-v2 -namespace moby -id bb69175515706432a5f4e743e4c26fc6371c37528f077c4d93b6c4bb5808e5c0 -address /run/containerd/containerd.sock"", ""owner"": ""root"", ""pid"": ""6507"", ""process"": ""all"", ""resource_instance_id"": ""8057035535632679842"", ""resource_project_id"": ""proyecto-2-cloud-509714"", ""resource_type"": ""gce_instance"", ""resource_zone"": ""us-central1-a"", ""vm"": ""8057035535632679842""}",1299050496
2026-09-27T02:40:29.730769Z,"{""command"": ""containerd-shim-runc-v2"", ""command_line"": ""/usr/bin/containerd-shim-runc-v2 -namespace moby -id bb69175515706432a5f4e743e4c26fc6371c37528f077c4d93b6c4bb5808e5c0 -address /run/containerd/containerd.sock"", ""owner"": ""root"", ""pid"": ""6507"", ""process"": ""all"", ""resource_instance_id"": ""8057035535632679842"", ""resource_project_id"": ""proyecto-2-cloud-509714"", ""resource_type"": ""gce_instance"", ""resource_zone"": ""us-central1-a"", ""vm"": ""8057035535632679842""}",1299050496
2026-09-27T02:39:59.741085Z,"{""command"": ""containerd-shim-runc-v2"", ""command_line"": ""/usr/bin/containerd-shim-runc-v2 -namespace moby -id bb69175515706432a5f4e743e4c26fc6371c37528f077c4d93b6c4bb5808e5c0 -address /run/containerd/containerd.sock"", ""owner"": ""root"", ""pid"": ""6507"", ""process"": ""all"", ""resource_instance_id"": ""8057035535632679842"", ""resource_project_id"": ""proyecto-2-cloud-509714"", ""resource_type"": ""gce_instance"", ""resource_zone"": ""us-central1-a"", ""vm"": ""8057035535632679842""}",1299050496
2026-09-27T02:39:29.732384Z,"{""command"": ""containerd-shim-runc-v2"", ""command_line"": ""/usr/bin/containerd-shim-runc-v2 -namespace moby -id bb69175515706432a5f4e743e4c26fc6371c37528f077c4d93b6c4bb5808e5c0 -address /run/containerd/containerd.sock"", ""owner"": ""root"", ""pid"": ""6507"", ""process"": ""all"", ""resource_instance_id"": ""8057035535632679842"", ""resource_project_id"": ""proyecto-2-cloud-509714"", ""resource_type"": ""gce_instance"", ""resource_zone"": ""us-central1-a"", ""vm"": ""8057035535632679842""}",1299050496
2026-09-27T02:38:59.739759Z,"{""command"": ""containerd-shim-runc-v2"", ""command_line"": ""/usr/bin/containerd-shim-runc-v2 -namespace moby -id bb69175515706432a5f4e743e4c26fc6371c37528f077c4d93b6c4bb5808e5c0 -address /run/containerd/containerd.sock"", ""owner"": ""root"", ""pid"": ""6507"", ""process"": ""all"", ""resource_instance_id"": ""8057035535632679842"", ""resource_project_id"": ""proyecto-2-cloud-509714"", ""resource_type"": ""gce_instance"", ""resource_zone"": ""us-central1-a"", ""vm"": ""8057035535632679842""}",1299050496
2026-09-27T02:38:29.729510Z,"{""command"": ""containerd-shim-runc-v2"", ""command_line"": ""/usr/bin/containerd-shim-runc-v2 -namespace moby -id bb69175515706432a5f4e743e4c26fc6371c37528f077c4d93b6c4bb5808e5c0 -address /run/containerd/containerd.sock"", ""owner"": ""root"", ""pid"": ""6507"", ""process"": ""all"", ""resource_instance_id"": ""8057035535632679842"", ""resource_project_id"": ""proyecto-2-cloud-509714"", ""resource_type"": ""gce_instance"", ""resource_zone"": ""us-central1-a"", ""vm"": ""8057035535632679842""}",1299050496
2026-09-27T02:37:59.740216Z,"{""command"": ""containerd-shim-runc-v2"", ""command_line"": ""/usr/bin/containerd-shim-runc-v2 -namespace moby -id bb69175515706432a5f4e743e4c26fc6371c37528f077c4d93b6c4bb5808e5c0 -address /run/containerd/containerd.sock"", ""owner"": ""root"", ""pid"": ""6507"", ""process"": ""all"", ""resource_instance_id"": ""8057035535632679842"", ""resource_project_id"": ""proyecto-2-cloud-509714"", ""resource_type"": ""gce_instance"", ""resource_zone"": ""us-central1-a"", ""vm"": ""8057035535632679842""}",1299050496
2026-09-27T02:37:29.734489Z,"{""command"": ""containerd-shim-runc-v2"", ""command_line"": ""/usr/bin/containerd-shim-runc-v2 -namespace moby -id bb69175515706432a5f4e743e4c26fc6371c37528f077c4d93b6c4bb5808e5c0 -address /run/containerd/containerd.sock"", ""owner"": ""root"", ""pid"": ""6507"", ""process"": ""all"", ""resource_instance_id"": ""8057035535632679842"", ""resource_project_id"": ""proyecto-2-cloud-509714"", ""resource_type"": ""gce_instance"", ""resource_zone"": ""us-central1-a"", ""vm"": ""8057035535632679842""}",1299050496
2026-09-27T02:36:59.742544Z,"{""command"": ""containerd-shim-runc-v2"", ""command_line"": ""/usr/bin/containerd-shim-runc-v2 -namespace moby -id bb69175515706432a5f4e743e4c26fc6371c37528f077c4d93b6c4bb5808e5c0 -address /run/containerd/containerd.sock"", ""owner"": ""root"", ""pid"": ""6507"", ""process"": ""all"", ""resource_instance_id"": ""8057035535632679842"", ""resource_project_id"": ""proyecto-2-cloud-509714"", ""resource_type"": ""gce_instance"", ""resource_zone"": ""us-central1-a"", ""vm"": ""8057035535632679842""}",1299050496
2026-09-27T02:36:29.738280Z,"{""command"": ""containerd-shim-runc-v2"", ""command_line"": ""/usr/bin/containerd-shim-runc-v2 -namespace moby -id bb69175515706432a5f4e743e4c26fc6371c37528f077c4d93b6c4bb5808e5c0 -address /run/containerd/containerd.sock"", ""owner"": ""root"", ""pid"": ""6507"", ""process"": ""all"", ""resource_instance_id"": ""8057035535632679842"", ""resource_project_id"": ""proyecto-2-cloud-509714"", ""resource_type"": ""gce_instance"", ""resource_zone"": ""us-central1-a"", ""vm"": ""8057035535632679842""}",1299050496
2026-09-27T02:35:59.730930Z,"{""command"": ""containerd-shim-runc-v2"", ""command_line"": ""/usr/bin/containerd-shim-runc-v2 -namespace moby -id bb69175515706432a5f4e743e4c26fc6371c37528f077c4d93b6c4bb5808e5c0 -address /run/containerd/containerd.sock"", ""owner"": ""root"", ""pid"": ""6507"", ""process"": ""all"", ""resource_instance_id"": ""8057035535632679842"", ""resource_project_id"": ""proyecto-2-cloud-509714"", ""resource_type"": ""gce_instance"", ""resource_zone"": ""us-central1-a"", ""vm"": ""8057035535632679842""}",1299050496
2026-09-27T02:35:29.727786Z,"{""command"": ""containerd-shim-runc-v2"", ""command_line"": ""/usr/bin/containerd-shim-runc-v2 -namespace moby -id bb69175515706432a5f4e743e4c26fc6371c37528f077c4d93b6c4bb5808e5c0 -address /run/containerd/containerd.sock"", ""owner"": ""root"", ""pid"": ""6507"", ""process"": ""all"", ""resource_instance_id"": ""8057035535632679842"", ""resource_project_id"": ""proyecto-2-cloud-509714"", ""resource_type"": ""gce_instance"", ""resource_zone"": ""us-central1-a"", ""vm"": ""8057035535632679842""}",1299050496
2026-09-27T02:34:59.734539Z,"{""command"": ""containerd-shim-runc-v2"", ""command_line"": ""/usr/bin/containerd-shim-runc-v2 -namespace moby -id bb69175515706432a5f4e743e4c26fc6371c37528f077c4d93b6c4bb5808e5c0 -address /run/containerd/containerd.sock"", ""owner"": ""root"", ""pid"": ""6507"", ""process"": ""all"", ""resource_instance_id"": ""8057035535632679842"", ""resource_project_id"": ""proyecto-2-cloud-509714"", ""resource_type"": ""gce_instance"", ""resource_zone"": ""us-central1-a"", ""vm"": ""8057035535632679842""}",1299050496
2026-09-27T02:34:29.734112Z,"{""command"": ""containerd-shim-runc-v2"", ""command_line"": ""/usr/bin/containerd-shim-runc-v2 -namespace moby -id bb69175515706432a5f4e743e4c26fc6371c37528f077c4d93b6c4bb5808e5c0 -address /run/containerd/containerd.sock"", ""owner"": ""root"", ""pid"": ""6507"", ""process"": ""all"", ""resource_instance_id"": ""8057035535632679842"", ""resource_project_id"": ""proyecto-2-cloud-509714"", ""resource_type"": ""gce_instance"", ""resource_zone"": ""us-central1-a"", ""vm"": ""8057035535632679842""}",1299050496
2026-09-27T02:33:59.739869Z,"{""command"": ""containerd-shim-runc-v2"", ""command_line"": ""/usr/bin/containerd-shim-runc-v2 -namespace moby -id bb69175515706432a5f4e743e4c26fc6371c37528f077c4d93b6c4bb5808e5c0 -address /run/containerd/containerd.sock"", ""owner"": ""root"", ""pid"": ""6507"", ""process"": ""all"", ""resource_instance_id"": ""8057035535632679842"", ""resource_project_id"": ""proyecto-2-cloud-509714"", ""resource_type"": ""gce_instance"", ""resource_zone"": ""us-central1-a"", ""vm"": ""8057035535632679842""}",1299050496
2026-09-27T02:33:29.728670Z,"{""command"": ""containerd-shim-runc-v2"", ""command_line"": ""/usr/bin/containerd-shim-runc-v2 -namespace moby -id bb69175515706432a5f4e743e4c26fc6371c37528f077c4d93b6c4bb5808e5c0 -address /run/containerd/containerd.sock"", ""owner"": ""root"", ""pid"": ""6507"", ""process"": ""all"", ""resource_instance_id"": ""8057035535632679842"", ""resource_project_id"": ""proyecto-2-cloud-509714"", ""resource_type"": ""gce_instance"", ""resource_zone"": ""us-central1-a"", ""vm"": ""8057035535632679842""}",1299050496
2026-09-27T02:32:59.746270Z,"{""command"": ""containerd-shim-runc-v2"", ""command_line"": ""/usr/bin/containerd-shim-runc-v2 -namespace moby -id bb69175515706432a5f4e743e4c26fc6371c37528f077c4d93b6c4bb5808e5c0 -address /run/containerd/containerd.sock"", ""owner"": ""root"", ""pid"": ""6507"", ""process"": ""all"", ""resource_instance_id"": ""8057035535632679842"", ""resource_project_id"": ""proyecto-2-cloud-509714"", ""resource_type"": ""gce_instance"", ""resource_zone"": ""us-central1-a"", ""vm"": ""8057035535632679842""}",1299050496
2026-09-27T02:32:29.737833Z,"{""command"": ""containerd-shim-runc-v2"", ""command_line"": ""/usr/bin/containerd-shim-runc-v2 -namespace moby -id bb69175515706432a5f4e743e4c26fc6371c37528f077c4d93b6c4bb5808e5c0 -address /run/containerd/containerd.sock"", ""owner"": ""root"", ""pid"": ""6507"", ""process"": ""all"", ""resource_instance_id"": ""8057035535632679842"", ""resource_project_id"": ""proyecto-2-cloud-509714"", ""resource_type"": ""gce_instance"", ""resource_zone"": ""us-central1-a"", ""vm"": ""8057035535632679842""}",1299050496
2026-09-27T02:31:59.737611Z,"{""command"": ""containerd-shim-runc-v2"", ""command_line"": ""/usr/bin/containerd-shim-runc-v2 -namespace moby -id bb69175515706432a5f4e743e4c26fc6371c37528f077c4d93b6c4bb5808e5c0 -address /run/containerd/containerd.sock"", ""owner"": ""root"", ""pid"": ""6507"", ""process"": ""all"", ""resource_instance_id"": ""8057035535632679842"", ""resource_project_id"": ""proyecto-2-cloud-509714"", ""resource_type"": ""gce_instance"", ""resource_zone"": ""us-central1-a"", ""vm"": ""8057035535632679842""}",1299050496
2026-09-27T02:31:29.732060Z,"{""command"": ""containerd-shim-runc-v2"", ""command_line"": ""/usr/bin/containerd-shim-runc-v2 -namespace moby -id bb69175515706432a5f4e743e4c26fc6371c37528f077c4d93b6c4bb5808e5c0 -address /run/containerd/containerd.sock"", ""owner"": ""root"", ""pid"": ""6507"", ""process"": ""all"", ""resource_instance_id"": ""8057035535632679842"", ""resource_project_id"": ""proyecto-2-cloud-509714"", ""resource_type"": ""gce_instance"", ""resource_zone"": ""us-central1-a"", ""vm"": ""8057035535632679842""}",1299050496
2026-09-27T02:30:59.748719Z,"{""command"": ""containerd-shim-runc-v2"", ""command_line"": ""/usr/bin/containerd-shim-runc-v2 -namespace moby -id bb69175515706432a5f4e743e4c26fc6371c37528f077c4d93b6c4bb5808e5c0 -address /run/containerd/containerd.sock"", ""owner"": ""root"", ""pid"": ""6507"", ""process"": ""all"", ""resource_instance_id"": ""8057035535632679842"", ""resource_project_id"": ""proyecto-2-cloud-509714"", ""resource_type"": ""gce_instance"", ""resource_zone"": ""us-central1-a"", ""vm"": ""8057035535632679842""}",1299050496
2026-09-27T02:30:29.743163Z,"{""command"": ""containerd-shim-runc-v2"", ""command_line"": ""/usr/bin/containerd-shim-runc-v2 -namespace moby -id bb69175515706432a5f4e743e4c26fc6371c37528f077c4d93b6c4bb5808e5c0 -address /run/containerd/containerd.sock"", ""owner"": ""root"", ""pid"": ""6507"", ""process"": ""all"", ""resource_instance_id"": ""8057035535632679842"", ""resource_project_id"": ""proyecto-2-cloud-509714"", ""resource_type"": ""gce_instance"", ""resource_zone"": ""us-central1-a"", ""vm"": ""8057035535632679842""}",1299042304
2026-09-27T02:30:22.330002Z,"{""command"": ""containerd-shim-runc-v2"", ""command_line"": ""/usr/bin/containerd-shim-runc-v2 -namespace moby -id bb69175515706432a5f4e743e4c26fc6371c37528f077c4d93b6c4bb5808e5c0 -address /run/containerd/containerd.sock"", ""owner"": ""root"", ""pid"": ""6507"", ""process"": ""all"", ""resource_instance_id"": ""8057035535632679842"", ""resource_project_id"": ""proyecto-2-cloud-509714"", ""resource_type"": ""gce_instance"", ""resource_zone"": ""us-central1-a"", ""vm"": ""8057035535632679842""}",1299042304
2026-09-27T02:49:59.741910Z,"{""command"": ""containerd-shim-runc-v2"", ""command_line"": ""/usr/bin/containerd-shim-runc-v2 -namespace moby -id f36aae5fd3329de990c0710178edacca9989dfad6e711a449bb6f041f4346238 -address /run/containerd/containerd.sock"", ""owner"": ""root"", ""pid"": ""6323"", ""process"": ""all"", ""resource_instance_id"": ""8057035535632679842"", ""resource_project_id"": ""proyecto-2-cloud-509714"", ""resource_type"": ""gce_instance"", ""resource_zone"": ""us-central1-a"", ""vm"": ""8057035535632679842""}",1299050496
2026-09-27T02:49:29.736897Z,"{""command"": ""containerd-shim-runc-v2"", ""command_line"": ""/usr/bin/containerd-shim-runc-v2 -namespace moby -id f36aae5fd3329de990c0710178edacca9989dfad6e711a449bb6f041f4346238 -address /run/containerd/containerd.sock"", ""owner"": ""root"", ""pid"": ""6323"", ""process"": ""all"", ""resource_instance_id"": ""8057035535632679842"", ""resource_project_id"": ""proyecto-2-cloud-509714"", ""resource_type"": ""gce_instance"", ""resource_zone"": ""us-central1-a"", ""vm"": ""8057035535632679842""}",1299050496
2026-09-27T02:48:59.733066Z,"{""command"": ""containerd-shim-runc-v2"", ""command_line"": ""/usr/bin/containerd-shim-runc-v2 -namespace moby -id f36aae5fd3329de990c0710178edacca9989dfad6e711a449bb6f041f4346238 -address /run/containerd/containerd.sock"", ""owner"": ""root"", ""pid"": ""6323"", ""process"": ""all"", ""resource_instance_id"": ""8057035535632679842"", ""resource_project_id"": ""proyecto-2-cloud-509714"", ""resource_type"": ""gce_instance"", ""resource_zone"": ""us-central1-a"", ""vm"": ""8057035535632679842""}",1299050496
2026-09-27T02:48:29.739375Z,"{""command"": ""containerd-shim-runc-v2"", ""command_line"": ""/usr/bin/containerd-shim-runc-v2 -namespace moby -id f36aae5fd3329de990c0710178edacca9989dfad6e711a449bb6f041f4346238 -address /run/containerd/containerd.sock"", ""owner"": ""root"", ""pid"": ""6323"", ""process"": ""all"", ""resource_instance_id"": ""8057035535632679842"", ""resource_project_id"": ""proyecto-2-cloud-509714"", ""resource_type"": ""gce_instance"", ""resource_zone"": ""us-central1-a"", ""vm"": ""8057035535632679842""}",1299050496
2026-09-27T02:47:59.736568Z,"{""command"": ""containerd-shim-runc-v2"", ""command_line"": ""/usr/bin/containerd-shim-runc-v2 -namespace moby -id f36aae5fd3329de990c0710178edacca9989dfad6e711a449bb6f041f4346238 -address /run/containerd/containerd.sock"", ""owner"": ""root"", ""pid"": ""6323"", ""process"": ""all"", ""resource_instance_id"": ""8057035535632679842"", ""resource_project_id"": ""proyecto-2-cloud-509714"", ""resource_type"": ""gce_instance"", ""resource_zone"": ""us-central1-a"", ""vm"": ""8057035535632679842""}",1299050496
2026-09-27T02:47:29.733571Z,"{""command"": ""containerd-shim-runc-v2"", ""command_line"": ""/usr/bin/containerd-shim-runc-v2 -namespace moby -id f36aae5fd3329de990c0710178edacca9989dfad6e711a449bb6f041f4346238 -address /run/containerd/containerd.sock"", ""owner"": ""root"", ""pid"": ""6323"", ""process"": ""all"", ""resource_instance_id"": ""8057035535632679842"", ""resource_project_id"": ""proyecto-2-cloud-509714"", ""resource_type"": ""gce_instance"", ""resource_zone"": ""us-central1-a"", ""vm"": ""8057035535632679842""}",1299050496
2026-09-27T02:46:59.744357Z,"{""command"": ""containerd-shim-runc-v2"", ""command_line"": ""/usr/bin/containerd-shim-runc-v2 -namespace moby -id f36aae5fd3329de990c0710178edacca9989dfad6e711a449bb6f041f4346238 -address /run/containerd/containerd.sock"", ""owner"": ""root"", ""pid"": ""6323"", ""process"": ""all"", ""resource_instance_id"": ""8057035535632679842"", ""resource_project_id"": ""proyecto-2-cloud-509714"", ""resource_type"": ""gce_instance"", ""resource_zone"": ""us-central1-a"", ""vm"": ""8057035535632679842""}",1299050496
2026-09-27T02:46:29.740779Z,"{""command"": ""containerd-shim-runc-v2"", ""command_line"": ""/usr/bin/containerd-shim-runc-v2 -namespace moby -id f36aae5fd3329de990c0710178edacca9989dfad6e711a449bb6f041f4346238 -address /run/containerd/containerd.sock"", ""owner"": ""root"", ""pid"": ""6323"", ""process"": ""all"", ""resource_instance_id"": ""8057035535632679842"", ""resource_project_id"": ""proyecto-2-cloud-509714"", ""resource_type"": ""gce_instance"", ""resource_zone"": ""us-central1-a"", ""vm"": ""8057035535632679842""}",1299050496
2026-09-27T02:45:59.732602Z,"{""command"": ""containerd-shim-runc-v2"", ""command_line"": ""/usr/bin/containerd-shim-runc-v2 -namespace moby -id f36aae5fd3329de990c0710178edacca9989dfad6e711a449bb6f041f4346238 -address /run/containerd/containerd.sock"", ""owner"": ""root"", ""pid"": ""6323"", ""process"": ""all"", ""resource_instance_id"": ""8057035535632679842"", ""resource_project_id"": ""proyecto-2-cloud-509714"", ""resource_type"": ""gce_instance"", ""resource_zone"": ""us-central1-a"", ""vm"": ""8057035535632679842""}",1299050496
2026-09-27T02:45:29.738404Z,"{""command"": ""containerd-shim-runc-v2"", ""command_line"": ""/usr/bin/containerd-shim-runc-v2 -namespace moby -id f36aae5fd3329de990c0710178edacca9989dfad6e711a449bb6f041f4346238 -address /run/containerd/containerd.sock"", ""owner"": ""root"", ""pid"": ""6323"", ""process"": ""all"", ""resource_instance_id"": ""8057035535632679842"", ""resource_project_id"": ""proyecto-2-cloud-509714"", ""resource_type"": ""gce_instance"", ""resource_zone"": ""us-central1-a"", ""vm"": ""8057035535632679842""}",1299050496
2026-09-27T02:44:59.744251Z,"{""command"": ""containerd-shim-runc-v2"", ""command_line"": ""/usr/bin/containerd-shim-runc-v2 -namespace moby -id f36aae5fd3329de990c0710178edacca9989dfad6e711a449bb6f041f4346238 -address /run/containerd/containerd.sock"", ""owner"": ""root"", ""pid"": ""6323"", ""process"": ""all"", ""resource_instance_id"": ""8057035535632679842"", ""resource_project_id"": ""proyecto-2-cloud-509714"", ""resource_type"": ""gce_instance"", ""resource_zone"": ""us-central1-a"", ""vm"": ""8057035535632679842""}",1299050496
2026-09-27T02:44:29.741150Z,"{""command"": ""containerd-shim-runc-v2"", ""command_line"": ""/usr/bin/containerd-shim-runc-v2 -namespace moby -id f36aae5fd3329de990c0710178edacca9989dfad6e711a449bb6f041f4346238 -address /run/containerd/containerd.sock"", ""owner"": ""root"", ""pid"": ""6323"", ""process"": ""all"", ""resource_instance_id"": ""8057035535632679842"", ""resource_project_id"": ""proyecto-2-cloud-509714"", ""resource_type"": ""gce_instance"", ""resource_zone"": ""us-central1-a"", ""vm"": ""8057035535632679842""}",1299050496
2026-09-27T02:43:59.743081Z,"{""command"": ""containerd-shim-runc-v2"", ""command_line"": ""/usr/bin/containerd-shim-runc-v2 -namespace moby -id f36aae5fd3329de990c0710178edacca9989dfad6e711a449bb6f041f4346238 -address /run/containerd/containerd.sock"", ""owner"": ""root"", ""pid"": ""6323"", ""process"": ""all"", ""resource_instance_id"": ""8057035535632679842"", ""resource_project_id"": ""proyecto-2-cloud-509714"", ""resource_type"": ""gce_instance"", ""resource_zone"": ""us-central1-a"", ""vm"": ""8057035535632679842""}",1299050496
2026-09-27T02:43:29.744398Z,"{""command"": ""containerd-shim-runc-v2"", ""command_line"": ""/usr/bin/containerd-shim-runc-v2 -namespace moby -id f36aae5fd3329de990c0710178edacca9989dfad6e711a449bb6f041f4346238 -address /run/containerd/containerd.sock"", ""owner"": ""root"", ""pid"": ""6323"", ""process"": ""all"", ""resource_instance_id"": ""8057035535632679842"", ""resource_project_id"": ""proyecto-2-cloud-509714"", ""resource_type"": ""gce_instance"", ""resource_zone"": ""us-central1-a"", ""vm"": ""8057035535632679842""}",1299050496
2026-09-27T02:42:59.737262Z,"{""command"": ""containerd-shim-runc-v2"", ""command_line"": ""/usr/bin/containerd-shim-runc-v2 -namespace moby -id f36aae5fd3329de990c0710178edacca9989dfad6e711a449bb6f041f4346238 -address /run/containerd/containerd.sock"", ""owner"": ""root"", ""pid"": ""6323"", ""process"": ""all"", ""resource_instance_id"": ""8057035535632679842"", ""resource_project_id"": ""proyecto-2-cloud-509714"", ""resource_type"": ""gce_instance"", ""resource_zone"": ""us-central1-a"", ""vm"": ""8057035535632679842""}",1299050496
2026-09-27T02:42:29.763204Z,"{""command"": ""containerd-shim-runc-v2"", ""command_line"": ""/usr/bin/containerd-shim-runc-v2 -namespace moby -id f36aae5fd3329de990c0710178edacca9989dfad6e711a449bb6f041f4346238 -address /run/containerd/containerd.sock"", ""owner"": ""root"", ""pid"": ""6323"", ""process"": ""all"", ""resource_instance_id"": ""8057035535632679842"", ""resource_project_id"": ""proyecto-2-cloud-509714"", ""resource_type"": ""gce_instance"", ""resource_zone"": ""us-central1-a"", ""vm"": ""8057035535632679842""}",1299050496
2026-09-27T02:41:59.740982Z,"{""command"": ""containerd-shim-runc-v2"", ""command_line"": ""/usr/bin/containerd-shim-runc-v2 -namespace moby -id f36aae5fd3329de990c0710178edacca9989dfad6e711a449bb6f041f4346238 -address /run/containerd/containerd.sock"", ""owner"": ""root"", ""pid"": ""6323"", ""process"": ""all"", ""resource_instance_id"": ""8057035535632679842"", ""resource_project_id"": ""proyecto-2-cloud-509714"", ""resource_type"": ""gce_instance"", ""resource_zone"": ""us-central1-a"", ""vm"": ""8057035535632679842""}",1299050496
2026-09-27T02:41:29.744216Z,"{""command"": ""containerd-shim-runc-v2"", ""command_line"": ""/usr/bin/containerd-shim-runc-v2 -namespace moby -id f36aae5fd3329de990c0710178edacca9989dfad6e711a449bb6f041f4346238 -address /run/containerd/containerd.sock"", ""owner"": ""root"", ""pid"": ""6323"", ""process"": ""all"", ""resource_instance_id"": ""8057035535632679842"", ""resource_project_id"": ""proyecto-2-cloud-509714"", ""resource_type"": ""gce_instance"", ""resource_zone"": ""us-central1-a"", ""vm"": ""8057035535632679842""}",1299050496
2026-09-27T02:40:59.732944Z,"{""command"": ""containerd-shim-runc-v2"", ""command_line"": ""/usr/bin/containerd-shim-runc-v2 -namespace moby -id f36aae5fd3329de990c0710178edacca9989dfad6e711a449bb6f041f4346238 -address /run/containerd/containerd.sock"", ""owner"": ""root"", ""pid"": ""6323"", ""process"": ""all"", ""resource_instance_id"": ""8057035535632679842"", ""resource_project_id"": ""proyecto-2-cloud-509714"", ""resource_type"": ""gce_instance"", ""resource_zone"": ""us-central1-a"", ""vm"": ""8057035535632679842""}",1299050496
2026-09-27T02:40:29.730244Z,"{""command"": ""containerd-shim-runc-v2"", ""command_line"": ""/usr/bin/containerd-shim-runc-v2 -namespace moby -id f36aae5fd3329de990c0710178edacca9989dfad6e711a449bb6f041f4346238 -address /run/containerd/containerd.sock"", ""owner"": ""root"", ""pid"": ""6323"", ""process"": ""all"", ""resource_instance_id"": ""8057035535632679842"", ""resource_project_id"": ""proyecto-2-cloud-509714"", ""resource_type"": ""gce_instance"", ""resource_zone"": ""us-central1-a"", ""vm"": ""8057035535632679842""}",1299050496
2026-09-27T02:39:59.740154Z,"{""command"": ""containerd-shim-runc-v2"", ""command_line"": ""/usr/bin/containerd-shim-runc-v2 -namespace moby -id f36aae5fd3329de990c0710178edacca9989dfad6e711a449bb6f041f4346238 -address /run/containerd/containerd.sock"", ""owner"": ""root"", ""pid"": ""6323"", ""process"": ""all"", ""resource_instance_id"": ""8057035535632679842"", ""resource_project_id"": ""proyecto-2-cloud-509714"", ""resource_type"": ""gce_instance"", ""resource_zone"": ""us-central1-a"", ""vm"": ""8057035535632679842""}",1299050496
2026-09-27T02:39:29.731912Z,"{""command"": ""containerd-shim-runc-v2"", ""command_line"": ""/usr/bin/containerd-shim-runc-v2 -namespace moby -id f36aae5fd3329de990c0710178edacca9989dfad6e711a449bb6f041f4346238 -address /run/containerd/containerd.sock"", ""owner"": ""root"", ""pid"": ""6323"", ""process"": ""all"", ""resource_instance_id"": ""8057035535632679842"", ""resource_project_id"": ""proyecto-2-cloud-509714"", ""resource_type"": ""gce_instance"", ""resource_zone"": ""us-central1-a"", ""vm"": ""8057035535632679842""}",1299050496
2026-09-27T02:38:59.738875Z,"{""command"": ""containerd-shim-runc-v2"", ""command_line"": ""/usr/bin/containerd-shim-runc-v2 -namespace moby -id f36aae5fd3329de990c0710178edacca9989dfad6e711a449bb6f041f4346238 -address /run/containerd/containerd.sock"", ""owner"": ""root"", ""pid"": ""6323"", ""process"": ""all"", ""resource_instance_id"": ""8057035535632679842"", ""resource_project_id"": ""proyecto-2-cloud-509714"", ""resource_type"": ""gce_instance"", ""resource_zone"": ""us-central1-a"", ""vm"": ""8057035535632679842""}",1299050496
2026-09-27T02:38:29.729050Z,"{""command"": ""containerd-shim-runc-v2"", ""command_line"": ""/usr/bin/containerd-shim-runc-v2 -namespace moby -id f36aae5fd3329de990c0710178edacca9989dfad6e711a449bb6f041f4346238 -address /run/containerd/containerd.sock"", ""owner"": ""root"", ""pid"": ""6323"", ""process"": ""all"", ""resource_instance_id"": ""8057035535632679842"", ""resource_project_id"": ""proyecto-2-cloud-509714"", ""resource_type"": ""gce_instance"", ""resource_zone"": ""us-central1-a"", ""vm"": ""8057035535632679842""}",1299050496
2026-09-27T02:37:59.739722Z,"{""command"": ""containerd-shim-runc-v2"", ""command_line"": ""/usr/bin/containerd-shim-runc-v2 -namespace moby -id f36aae5fd3329de990c0710178edacca9989dfad6e711a449bb6f041f4346238 -address /run/containerd/containerd.sock"", ""owner"": ""root"", ""pid"": ""6323"", ""process"": ""all"", ""resource_instance_id"": ""8057035535632679842"", ""resource_project_id"": ""proyecto-2-cloud-509714"", ""resource_type"": ""gce_instance"", ""resource_zone"": ""us-central1-a"", ""vm"": ""8057035535632679842""}",1299050496
2026-09-27T02:37:29.733958Z,"{""command"": ""containerd-shim-runc-v2"", ""command_line"": ""/usr/bin/containerd-shim-runc-v2 -namespace moby -id f36aae5fd3329de990c0710178edacca9989dfad6e711a449bb6f041f4346238 -address /run/containerd/containerd.sock"", ""owner"": ""root"", ""pid"": ""6323"", ""process"": ""all"", ""resource_instance_id"": ""8057035535632679842"", ""resource_project_id"": ""proyecto-2-cloud-509714"", ""resource_type"": ""gce_instance"", ""resource_zone"": ""us-central1-a"", ""vm"": ""8057035535632679842""}",1299050496
2026-09-27T02:36:59.741910Z,"{""command"": ""containerd-shim-runc-v2"", ""command_line"": ""/usr/bin/containerd-shim-runc-v2 -namespace moby -id f36aae5fd3329de990c0710178edacca9989dfad6e711a449bb6f041f4346238 -address /run/containerd/containerd.sock"", ""owner"": ""root"", ""pid"": ""6323"", ""process"": ""all"", ""resource_instance_id"": ""8057035535632679842"", ""resource_project_id"": ""proyecto-2-cloud-509714"", ""resource_type"": ""gce_instance"", ""resource_zone"": ""us-central1-a"", ""vm"": ""8057035535632679842""}",1299050496
2026-09-27T02:36:29.737498Z,"{""command"": ""containerd-shim-runc-v2"", ""command_line"": ""/usr/bin/containerd-shim-runc-v2 -namespace moby -id f36aae5fd3329de990c0710178edacca9989dfad6e711a449bb6f041f4346238 -address /run/containerd/containerd.sock"", ""owner"": ""root"", ""pid"": ""6323"", ""process"": ""all"", ""resource_instance_id"": ""8057035535632679842"", ""resource_project_id"": ""proyecto-2-cloud-509714"", ""resource_type"": ""gce_instance"", ""resource_zone"": ""us-central1-a"", ""vm"": ""8057035535632679842""}",1299050496
2026-09-27T02:35:59.730099Z,"{""command"": ""containerd-shim-runc-v2"", ""command_line"": ""/usr/bin/containerd-shim-runc-v2 -namespace moby -id f36aae5fd3329de990c0710178edacca9989dfad6e711a449bb6f041f4346238 -address /run/containerd/containerd.sock"", ""owner"": ""root"", ""pid"": ""6323"", ""process"": ""all"", ""resource_instance_id"": ""8057035535632679842"", ""resource_project_id"": ""proyecto-2-cloud-509714"", ""resource_type"": ""gce_instance"", ""resource_zone"": ""us-central1-a"", ""vm"": ""8057035535632679842""}",1299050496
2026-09-27T02:35:29.727353Z,"{""command"": ""containerd-shim-runc-v2"", ""command_line"": ""/usr/bin/containerd-shim-runc-v2 -namespace moby -id f36aae5fd3329de990c0710178edacca9989dfad6e711a449bb6f041f4346238 -address /run/containerd/containerd.sock"", ""owner"": ""root"", ""pid"": ""6323"", ""process"": ""all"", ""resource_instance_id"": ""8057035535632679842"", ""resource_project_id"": ""proyecto-2-cloud-509714"", ""resource_type"": ""gce_instance"", ""resource_zone"": ""us-central1-a"", ""vm"": ""8057035535632679842""}",1299050496
2026-09-27T02:34:59.733623Z,"{""command"": ""containerd-shim-runc-v2"", ""command_line"": ""/usr/bin/containerd-shim-runc-v2 -namespace moby -id f36aae5fd3329de990c0710178edacca9989dfad6e711a449bb6f041f4346238 -address /run/containerd/containerd.sock"", ""owner"": ""root"", ""pid"": ""6323"", ""process"": ""all"", ""resource_instance_id"": ""8057035535632679842"", ""resource_project_id"": ""proyecto-2-cloud-509714"", ""resource_type"": ""gce_instance"", ""resource_zone"": ""us-central1-a"", ""vm"": ""8057035535632679842""}",1299050496
2026-09-27T02:34:29.733325Z,"{""command"": ""containerd-shim-runc-v2"", ""command_line"": ""/usr/bin/containerd-shim-runc-v2 -namespace moby -id f36aae5fd3329de990c0710178edacca9989dfad6e711a449bb6f041f4346238 -address /run/containerd/containerd.sock"", ""owner"": ""root"", ""pid"": ""6323"", ""process"": ""all"", ""resource_instance_id"": ""8057035535632679842"", ""resource_project_id"": ""proyecto-2-cloud-509714"", ""resource_type"": ""gce_instance"", ""resource_zone"": ""us-central1-a"", ""vm"": ""8057035535632679842""}",1299050496
2026-09-27T02:33:59.739312Z,"{""command"": ""containerd-shim-runc-v2"", ""command_line"": ""/usr/bin/containerd-shim-runc-v2 -namespace moby -id f36aae5fd3329de990c0710178edacca9989dfad6e711a449bb6f041f4346238 -address /run/containerd/containerd.sock"", ""owner"": ""root"", ""pid"": ""6323"", ""process"": ""all"", ""resource_instance_id"": ""8057035535632679842"", ""resource_project_id"": ""proyecto-2-cloud-509714"", ""resource_type"": ""gce_instance"", ""resource_zone"": ""us-central1-a"", ""vm"": ""8057035535632679842""}",1299050496
2026-09-27T02:33:29.728209Z,"{""command"": ""containerd-shim-runc-v2"", ""command_line"": ""/usr/bin/containerd-shim-runc-v2 -namespace moby -id f36aae5fd3329de990c0710178edacca9989dfad6e711a449bb6f041f4346238 -address /run/containerd/containerd.sock"", ""owner"": ""root"", ""pid"": ""6323"", ""process"": ""all"", ""resource_instance_id"": ""8057035535632679842"", ""resource_project_id"": ""proyecto-2-cloud-509714"", ""resource_type"": ""gce_instance"", ""resource_zone"": ""us-central1-a"", ""vm"": ""8057035535632679842""}",1299050496
2026-09-27T02:32:59.745725Z,"{""command"": ""containerd-shim-runc-v2"", ""command_line"": ""/usr/bin/containerd-shim-runc-v2 -namespace moby -id f36aae5fd3329de990c0710178edacca9989dfad6e711a449bb6f041f4346238 -address /run/containerd/containerd.sock"", ""owner"": ""root"", ""pid"": ""6323"", ""process"": ""all"", ""resource_instance_id"": ""8057035535632679842"", ""resource_project_id"": ""proyecto-2-cloud-509714"", ""resource_type"": ""gce_instance"", ""resource_zone"": ""us-central1-a"", ""vm"": ""8057035535632679842""}",1299050496
2026-09-27T02:32:29.737292Z,"{""command"": ""containerd-shim-runc-v2"", ""command_line"": ""/usr/bin/containerd-shim-runc-v2 -namespace moby -id f36aae5fd3329de990c0710178edacca9989dfad6e711a449bb6f041f4346238 -address /run/containerd/containerd.sock"", ""owner"": ""root"", ""pid"": ""6323"", ""process"": ""all"", ""resource_instance_id"": ""8057035535632679842"", ""resource_project_id"": ""proyecto-2-cloud-509714"", ""resource_type"": ""gce_instance"", ""resource_zone"": ""us-central1-a"", ""vm"": ""8057035535632679842""}",1299050496
2026-09-27T02:31:59.737123Z,"{""command"": ""containerd-shim-runc-v2"", ""command_line"": ""/usr/bin/containerd-shim-runc-v2 -namespace moby -id f36aae5fd3329de990c0710178edacca9989dfad6e711a449bb6f041f4346238 -address /run/containerd/containerd.sock"", ""owner"": ""root"", ""pid"": ""6323"", ""process"": ""all"", ""resource_instance_id"": ""8057035535632679842"", ""resource_project_id"": ""proyecto-2-cloud-509714"", ""resource_type"": ""gce_instance"", ""resource_zone"": ""us-central1-a"", ""vm"": ""8057035535632679842""}",1299050496
2026-09-27T02:31:29.731572Z,"{""command"": ""containerd-shim-runc-v2"", ""command_line"": ""/usr/bin/containerd-shim-runc-v2 -namespace moby -id f36aae5fd3329de990c0710178edacca9989dfad6e711a449bb6f041f4346238 -address /run/containerd/containerd.sock"", ""owner"": ""root"", ""pid"": ""6323"", ""process"": ""all"", ""resource_instance_id"": ""8057035535632679842"", ""resource_project_id"": ""proyecto-2-cloud-509714"", ""resource_type"": ""gce_instance"", ""resource_zone"": ""us-central1-a"", ""vm"": ""8057035535632679842""}",1299050496
2026-09-27T02:30:59.748166Z,"{""command"": ""containerd-shim-runc-v2"", ""command_line"": ""/usr/bin/containerd-shim-runc-v2 -namespace moby -id f36aae5fd3329de990c0710178edacca9989dfad6e711a449bb6f041f4346238 -address /run/containerd/containerd.sock"", ""owner"": ""root"", ""pid"": ""6323"", ""process"": ""all"", ""resource_instance_id"": ""8057035535632679842"", ""resource_project_id"": ""proyecto-2-cloud-509714"", ""resource_type"": ""gce_instance"", ""resource_zone"": ""us-central1-a"", ""vm"": ""8057035535632679842""}",1299050496
2026-09-27T02:30:29.742510Z,"{""command"": ""containerd-shim-runc-v2"", ""command_line"": ""/usr/bin/containerd-shim-runc-v2 -namespace moby -id f36aae5fd3329de990c0710178edacca9989dfad6e711a449bb6f041f4346238 -address /run/containerd/containerd.sock"", ""owner"": ""root"", ""pid"": ""6323"", ""process"": ""all"", ""resource_instance_id"": ""8057035535632679842"", ""resource_project_id"": ""proyecto-2-cloud-509714"", ""resource_type"": ""gce_instance"", ""resource_zone"": ""us-central1-a"", ""vm"": ""8057035535632679842""}",1299050496
2026-09-27T02:30:22.329355Z,"{""command"": ""containerd-shim-runc-v2"", ""command_line"": ""/usr/bin/containerd-shim-runc-v2 -namespace moby -id f36aae5fd3329de990c0710178edacca9989dfad6e711a449bb6f041f4346238 -address /run/containerd/containerd.sock"", ""owner"": ""root"", ""pid"": ""6323"", ""process"": ""all"", ""resource_instance_id"": ""8057035535632679842"", ""resource_project_id"": ""proyecto-2-cloud-509714"", ""resource_type"": ""gce_instance"", ""resource_zone"": ""us-central1-a"", ""vm"": ""8057035535632679842""}",1299050496
2026-09-27T02:49:59.740618Z,"{""command"": ""core_plugin"", ""command_line"": ""/usr/lib/google/guest_agent/GuestAgentCorePlugin/core_plugin --protocol=unix --address=/run/google-guest-agent/plugin-connections/GuestAgentCorePlugin_20260715.00.sock --errorlogfile=/var/lib/google-guest-agent/8057035535632679842/agent_state/plugins/GuestAgentCorePlugin/plugin.log"", ""owner"": ""root"", ""pid"": ""466"", ""process"": ""all"", ""resource_instance_id"": ""8057035535632679842"", ""resource_project_id"": ""proyecto-2-cloud-509714"", ""resource_type"": ""gce_instance"", ""resource_zone"": ""us-central1-a"", ""vm"": ""8057035535632679842""}",1310306304
2026-09-27T02:49:29.736123Z,"{""command"": ""core_plugin"", ""command_line"": ""/usr/lib/google/guest_agent/GuestAgentCorePlugin/core_plugin --protocol=unix --address=/run/google-guest-agent/plugin-connections/GuestAgentCorePlugin_20260715.00.sock --errorlogfile=/var/lib/google-guest-agent/8057035535632679842/agent_state/plugins/GuestAgentCorePlugin/plugin.log"", ""owner"": ""root"", ""pid"": ""466"", ""process"": ""all"", ""resource_instance_id"": ""8057035535632679842"", ""resource_project_id"": ""proyecto-2-cloud-509714"", ""resource_type"": ""gce_instance"", ""resource_zone"": ""us-central1-a"", ""vm"": ""8057035535632679842""}",1310306304
2026-09-27T02:48:59.731709Z,"{""command"": ""core_plugin"", ""command_line"": ""/usr/lib/google/guest_agent/GuestAgentCorePlugin/core_plugin --protocol=unix --address=/run/google-guest-agent/plugin-connections/GuestAgentCorePlugin_20260715.00.sock --errorlogfile=/var/lib/google-guest-agent/8057035535632679842/agent_state/plugins/GuestAgentCorePlugin/plugin.log"", ""owner"": ""root"", ""pid"": ""466"", ""process"": ""all"", ""resource_instance_id"": ""8057035535632679842"", ""resource_project_id"": ""proyecto-2-cloud-509714"", ""resource_type"": ""gce_instance"", ""resource_zone"": ""us-central1-a"", ""vm"": ""8057035535632679842""}",1310306304
2026-09-27T02:48:29.738036Z,"{""command"": ""core_plugin"", ""command_line"": ""/usr/lib/google/guest_agent/GuestAgentCorePlugin/core_plugin --protocol=unix --address=/run/google-guest-agent/plugin-connections/GuestAgentCorePlugin_20260715.00.sock --errorlogfile=/var/lib/google-guest-agent/8057035535632679842/agent_state/plugins/GuestAgentCorePlugin/plugin.log"", ""owner"": ""root"", ""pid"": ""466"", ""process"": ""all"", ""resource_instance_id"": ""8057035535632679842"", ""resource_project_id"": ""proyecto-2-cloud-509714"", ""resource_type"": ""gce_instance"", ""resource_zone"": ""us-central1-a"", ""vm"": ""8057035535632679842""}",1310306304
2026-09-27T02:47:59.735705Z,"{""command"": ""core_plugin"", ""command_line"": ""/usr/lib/google/guest_agent/GuestAgentCorePlugin/core_plugin --protocol=unix --address=/run/google-guest-agent/plugin-connections/GuestAgentCorePlugin_20260715.00.sock --errorlogfile=/var/lib/google-guest-agent/8057035535632679842/agent_state/plugins/GuestAgentCorePlugin/plugin.log"", ""owner"": ""root"", ""pid"": ""466"", ""process"": ""all"", ""resource_instance_id"": ""8057035535632679842"", ""resource_project_id"": ""proyecto-2-cloud-509714"", ""resource_type"": ""gce_instance"", ""resource_zone"": ""us-central1-a"", ""vm"": ""8057035535632679842""}",1310306304
2026-09-27T02:47:29.732789Z,"{""command"": ""core_plugin"", ""command_line"": ""/usr/lib/google/guest_agent/GuestAgentCorePlugin/core_plugin --protocol=unix --address=/run/google-guest-agent/plugin-connections/GuestAgentCorePlugin_20260715.00.sock --errorlogfile=/var/lib/google-guest-agent/8057035535632679842/agent_state/plugins/GuestAgentCorePlugin/plugin.log"", ""owner"": ""root"", ""pid"": ""466"", ""process"": ""all"", ""resource_instance_id"": ""8057035535632679842"", ""resource_project_id"": ""proyecto-2-cloud-509714"", ""resource_type"": ""gce_instance"", ""resource_zone"": ""us-central1-a"", ""vm"": ""8057035535632679842""}",1310306304
2026-09-27T02:46:59.743564Z,"{""command"": ""core_plugin"", ""command_line"": ""/usr/lib/google/guest_agent/GuestAgentCorePlugin/core_plugin --protocol=unix --address=/run/google-guest-agent/plugin-connections/GuestAgentCorePlugin_20260715.00.sock --errorlogfile=/var/lib/google-guest-agent/8057035535632679842/agent_state/plugins/GuestAgentCorePlugin/plugin.log"", ""owner"": ""root"", ""pid"": ""466"", ""process"": ""all"", ""resource_instance_id"": ""8057035535632679842"", ""resource_project_id"": ""proyecto-2-cloud-509714"", ""resource_type"": ""gce_instance"", ""resource_zone"": ""us-central1-a"", ""vm"": ""8057035535632679842""}",1310306304
2026-09-27T02:46:29.739505Z,"{""command"": ""core_plugin"", ""command_line"": ""/usr/lib/google/guest_agent/GuestAgentCorePlugin/core_plugin --protocol=unix --address=/run/google-guest-agent/plugin-connections/GuestAgentCorePlugin_20260715.00.sock --errorlogfile=/var/lib/google-guest-agent/8057035535632679842/agent_state/plugins/GuestAgentCorePlugin/plugin.log"", ""owner"": ""root"", ""pid"": ""466"", ""process"": ""all"", ""resource_instance_id"": ""8057035535632679842"", ""resource_project_id"": ""proyecto-2-cloud-509714"", ""resource_type"": ""gce_instance"", ""resource_zone"": ""us-central1-a"", ""vm"": ""8057035535632679842""}",1310306304
2026-09-27T02:45:59.731887Z,"{""command"": ""core_plugin"", ""command_line"": ""/usr/lib/google/guest_agent/GuestAgentCorePlugin/core_plugin --protocol=unix --address=/run/google-guest-agent/plugin-connections/GuestAgentCorePlugin_20260715.00.sock --errorlogfile=/var/lib/google-guest-agent/8057035535632679842/agent_state/plugins/GuestAgentCorePlugin/plugin.log"", ""owner"": ""root"", ""pid"": ""466"", ""process"": ""all"", ""resource_instance_id"": ""8057035535632679842"", ""resource_project_id"": ""proyecto-2-cloud-509714"", ""resource_type"": ""gce_instance"", ""resource_zone"": ""us-central1-a"", ""vm"": ""8057035535632679842""}",1310306304
2026-09-27T02:45:29.737684Z,"{""command"": ""core_plugin"", ""command_line"": ""/usr/lib/google/guest_agent/GuestAgentCorePlugin/core_plugin --protocol=unix --address=/run/google-guest-agent/plugin-connections/GuestAgentCorePlugin_20260715.00.sock --errorlogfile=/var/lib/google-guest-agent/8057035535632679842/agent_state/plugins/GuestAgentCorePlugin/plugin.log"", ""owner"": ""root"", ""pid"": ""466"", ""process"": ""all"", ""resource_instance_id"": ""8057035535632679842"", ""resource_project_id"": ""proyecto-2-cloud-509714"", ""resource_type"": ""gce_instance"", ""resource_zone"": ""us-central1-a"", ""vm"": ""8057035535632679842""}",1310306304
2026-09-27T02:44:59.743448Z,"{""command"": ""core_plugin"", ""command_line"": ""/usr/lib/google/guest_agent/GuestAgentCorePlugin/core_plugin --protocol=unix --address=/run/google-guest-agent/plugin-connections/GuestAgentCorePlugin_20260715.00.sock --errorlogfile=/var/lib/google-guest-agent/8057035535632679842/agent_state/plugins/GuestAgentCorePlugin/plugin.log"", ""owner"": ""root"", ""pid"": ""466"", ""process"": ""all"", ""resource_instance_id"": ""8057035535632679842"", ""resource_project_id"": ""proyecto-2-cloud-509714"", ""resource_type"": ""gce_instance"", ""resource_zone"": ""us-central1-a"", ""vm"": ""8057035535632679842""}",1310306304
2026-09-27T02:44:29.740305Z,"{""command"": ""core_plugin"", ""command_line"": ""/usr/lib/google/guest_agent/GuestAgentCorePlugin/core_plugin --protocol=unix --address=/run/google-guest-agent/plugin-connections/GuestAgentCorePlugin_20260715.00.sock --errorlogfile=/var/lib/google-guest-agent/8057035535632679842/agent_state/plugins/GuestAgentCorePlugin/plugin.log"", ""owner"": ""root"", ""pid"": ""466"", ""process"": ""all"", ""resource_instance_id"": ""8057035535632679842"", ""resource_project_id"": ""proyecto-2-cloud-509714"", ""resource_type"": ""gce_instance"", ""resource_zone"": ""us-central1-a"", ""vm"": ""8057035535632679842""}",1310306304
2026-09-27T02:43:59.741999Z,"{""command"": ""core_plugin"", ""command_line"": ""/usr/lib/google/guest_agent/GuestAgentCorePlugin/core_plugin --protocol=unix --address=/run/google-guest-agent/plugin-connections/GuestAgentCorePlugin_20260715.00.sock --errorlogfile=/var/lib/google-guest-agent/8057035535632679842/agent_state/plugins/GuestAgentCorePlugin/plugin.log"", ""owner"": ""root"", ""pid"": ""466"", ""process"": ""all"", ""resource_instance_id"": ""8057035535632679842"", ""resource_project_id"": ""proyecto-2-cloud-509714"", ""resource_type"": ""gce_instance"", ""resource_zone"": ""us-central1-a"", ""vm"": ""8057035535632679842""}",1310306304
2026-09-27T02:43:29.743058Z,"{""command"": ""core_plugin"", ""command_line"": ""/usr/lib/google/guest_agent/GuestAgentCorePlugin/core_plugin --protocol=unix --address=/run/google-guest-agent/plugin-connections/GuestAgentCorePlugin_20260715.00.sock --errorlogfile=/var/lib/google-guest-agent/8057035535632679842/agent_state/plugins/GuestAgentCorePlugin/plugin.log"", ""owner"": ""root"", ""pid"": ""466"", ""process"": ""all"", ""resource_instance_id"": ""8057035535632679842"", ""resource_project_id"": ""proyecto-2-cloud-509714"", ""resource_type"": ""gce_instance"", ""resource_zone"": ""us-central1-a"", ""vm"": ""8057035535632679842""}",1310306304
2026-09-27T02:42:59.736430Z,"{""command"": ""core_plugin"", ""command_line"": ""/usr/lib/google/guest_agent/GuestAgentCorePlugin/core_plugin --protocol=unix --address=/run/google-guest-agent/plugin-connections/GuestAgentCorePlugin_20260715.00.sock --errorlogfile=/var/lib/google-guest-agent/8057035535632679842/agent_state/plugins/GuestAgentCorePlugin/plugin.log"", ""owner"": ""root"", ""pid"": ""466"", ""process"": ""all"", ""resource_instance_id"": ""8057035535632679842"", ""resource_project_id"": ""proyecto-2-cloud-509714"", ""resource_type"": ""gce_instance"", ""resource_zone"": ""us-central1-a"", ""vm"": ""8057035535632679842""}",1310306304
2026-09-27T02:42:29.762348Z,"{""command"": ""core_plugin"", ""command_line"": ""/usr/lib/google/guest_agent/GuestAgentCorePlugin/core_plugin --protocol=unix --address=/run/google-guest-agent/plugin-connections/GuestAgentCorePlugin_20260715.00.sock --errorlogfile=/var/lib/google-guest-agent/8057035535632679842/agent_state/plugins/GuestAgentCorePlugin/plugin.log"", ""owner"": ""root"", ""pid"": ""466"", ""process"": ""all"", ""resource_instance_id"": ""8057035535632679842"", ""resource_project_id"": ""proyecto-2-cloud-509714"", ""resource_type"": ""gce_instance"", ""resource_zone"": ""us-central1-a"", ""vm"": ""8057035535632679842""}",1310306304
2026-09-27T02:41:59.739974Z,"{""command"": ""core_plugin"", ""command_line"": ""/usr/lib/google/guest_agent/GuestAgentCorePlugin/core_plugin --protocol=unix --address=/run/google-guest-agent/plugin-connections/GuestAgentCorePlugin_20260715.00.sock --errorlogfile=/var/lib/google-guest-agent/8057035535632679842/agent_state/plugins/GuestAgentCorePlugin/plugin.log"", ""owner"": ""root"", ""pid"": ""466"", ""process"": ""all"", ""resource_instance_id"": ""8057035535632679842"", ""resource_project_id"": ""proyecto-2-cloud-509714"", ""resource_type"": ""gce_instance"", ""resource_zone"": ""us-central1-a"", ""vm"": ""8057035535632679842""}",1310306304
2026-09-27T02:41:29.743433Z,"{""command"": ""core_plugin"", ""command_line"": ""/usr/lib/google/guest_agent/GuestAgentCorePlugin/core_plugin --protocol=unix --address=/run/google-guest-agent/plugin-connections/GuestAgentCorePlugin_20260715.00.sock --errorlogfile=/var/lib/google-guest-agent/8057035535632679842/agent_state/plugins/GuestAgentCorePlugin/plugin.log"", ""owner"": ""root"", ""pid"": ""466"", ""process"": ""all"", ""resource_instance_id"": ""8057035535632679842"", ""resource_project_id"": ""proyecto-2-cloud-509714"", ""resource_type"": ""gce_instance"", ""resource_zone"": ""us-central1-a"", ""vm"": ""8057035535632679842""}",1310306304
2026-09-27T02:40:59.731570Z,"{""command"": ""core_plugin"", ""command_line"": ""/usr/lib/google/guest_agent/GuestAgentCorePlugin/core_plugin --protocol=unix --address=/run/google-guest-agent/plugin-connections/GuestAgentCorePlugin_20260715.00.sock --errorlogfile=/var/lib/google-guest-agent/8057035535632679842/agent_state/plugins/GuestAgentCorePlugin/plugin.log"", ""owner"": ""root"", ""pid"": ""466"", ""process"": ""all"", ""resource_instance_id"": ""8057035535632679842"", ""resource_project_id"": ""proyecto-2-cloud-509714"", ""resource_type"": ""gce_instance"", ""resource_zone"": ""us-central1-a"", ""vm"": ""8057035535632679842""}",1310306304
2026-09-27T02:40:29.729483Z,"{""command"": ""core_plugin"", ""command_line"": ""/usr/lib/google/guest_agent/GuestAgentCorePlugin/core_plugin --protocol=unix --address=/run/google-guest-agent/plugin-connections/GuestAgentCorePlugin_20260715.00.sock --errorlogfile=/var/lib/google-guest-agent/8057035535632679842/agent_state/plugins/GuestAgentCorePlugin/plugin.log"", ""owner"": ""root"", ""pid"": ""466"", ""process"": ""all"", ""resource_instance_id"": ""8057035535632679842"", ""resource_project_id"": ""proyecto-2-cloud-509714"", ""resource_type"": ""gce_instance"", ""resource_zone"": ""us-central1-a"", ""vm"": ""8057035535632679842""}",1310306304
2026-09-27T02:39:59.737142Z,"{""command"": ""core_plugin"", ""command_line"": ""/usr/lib/google/guest_agent/GuestAgentCorePlugin/core_plugin --protocol=unix --address=/run/google-guest-agent/plugin-connections/GuestAgentCorePlugin_20260715.00.sock --errorlogfile=/var/lib/google-guest-agent/8057035535632679842/agent_state/plugins/GuestAgentCorePlugin/plugin.log"", ""owner"": ""root"", ""pid"": ""466"", ""process"": ""all"", ""resource_instance_id"": ""8057035535632679842"", ""resource_project_id"": ""proyecto-2-cloud-509714"", ""resource_type"": ""gce_instance"", ""resource_zone"": ""us-central1-a"", ""vm"": ""8057035535632679842""}",1310306304
2026-09-27T02:39:29.731113Z,"{""command"": ""core_plugin"", ""command_line"": ""/usr/lib/google/guest_agent/GuestAgentCorePlugin/core_plugin --protocol=unix --address=/run/google-guest-agent/plugin-connections/GuestAgentCorePlugin_20260715.00.sock --errorlogfile=/var/lib/google-guest-agent/8057035535632679842/agent_state/plugins/GuestAgentCorePlugin/plugin.log"", ""owner"": ""root"", ""pid"": ""466"", ""process"": ""all"", ""resource_instance_id"": ""8057035535632679842"", ""resource_project_id"": ""proyecto-2-cloud-509714"", ""resource_type"": ""gce_instance"", ""resource_zone"": ""us-central1-a"", ""vm"": ""8057035535632679842""}",1310306304
2026-09-27T02:38:59.737195Z,"{""command"": ""core_plugin"", ""command_line"": ""/usr/lib/google/guest_agent/GuestAgentCorePlugin/core_plugin --protocol=unix --address=/run/google-guest-agent/plugin-connections/GuestAgentCorePlugin_20260715.00.sock --errorlogfile=/var/lib/google-guest-agent/8057035535632679842/agent_state/plugins/GuestAgentCorePlugin/plugin.log"", ""owner"": ""root"", ""pid"": ""466"", ""process"": ""all"", ""resource_instance_id"": ""8057035535632679842"", ""resource_project_id"": ""proyecto-2-cloud-509714"", ""resource_type"": ""gce_instance"", ""resource_zone"": ""us-central1-a"", ""vm"": ""8057035535632679842""}",1310306304
2026-09-27T02:38:29.728331Z,"{""command"": ""core_plugin"", ""command_line"": ""/usr/lib/google/guest_agent/GuestAgentCorePlugin/core_plugin --protocol=unix --address=/run/google-guest-agent/plugin-connections/GuestAgentCorePlugin_20260715.00.sock --errorlogfile=/var/lib/google-guest-agent/8057035535632679842/agent_state/plugins/GuestAgentCorePlugin/plugin.log"", ""owner"": ""root"", ""pid"": ""466"", ""process"": ""all"", ""resource_instance_id"": ""8057035535632679842"", ""resource_project_id"": ""proyecto-2-cloud-509714"", ""resource_type"": ""gce_instance"", ""resource_zone"": ""us-central1-a"", ""vm"": ""8057035535632679842""}",1310306304
2026-09-27T02:37:59.738920Z,"{""command"": ""core_plugin"", ""command_line"": ""/usr/lib/google/guest_agent/GuestAgentCorePlugin/core_plugin --protocol=unix --address=/run/google-guest-agent/plugin-connections/GuestAgentCorePlugin_20260715.00.sock --errorlogfile=/var/lib/google-guest-agent/8057035535632679842/agent_state/plugins/GuestAgentCorePlugin/plugin.log"", ""owner"": ""root"", ""pid"": ""466"", ""process"": ""all"", ""resource_instance_id"": ""8057035535632679842"", ""resource_project_id"": ""proyecto-2-cloud-509714"", ""resource_type"": ""gce_instance"", ""resource_zone"": ""us-central1-a"", ""vm"": ""8057035535632679842""}",1310306304
2026-09-27T02:37:29.733155Z,"{""command"": ""core_plugin"", ""command_line"": ""/usr/lib/google/guest_agent/GuestAgentCorePlugin/core_plugin --protocol=unix --address=/run/google-guest-agent/plugin-connections/GuestAgentCorePlugin_20260715.00.sock --errorlogfile=/var/lib/google-guest-agent/8057035535632679842/agent_state/plugins/GuestAgentCorePlugin/plugin.log"", ""owner"": ""root"", ""pid"": ""466"", ""process"": ""all"", ""resource_instance_id"": ""8057035535632679842"", ""resource_project_id"": ""proyecto-2-cloud-509714"", ""resource_type"": ""gce_instance"", ""resource_zone"": ""us-central1-a"", ""vm"": ""8057035535632679842""}",1310306304
2026-09-27T02:36:59.740898Z,"{""command"": ""core_plugin"", ""command_line"": ""/usr/lib/google/guest_agent/GuestAgentCorePlugin/core_plugin --protocol=unix --address=/run/google-guest-agent/plugin-connections/GuestAgentCorePlugin_20260715.00.sock --errorlogfile=/var/lib/google-guest-agent/8057035535632679842/agent_state/plugins/GuestAgentCorePlugin/plugin.log"", ""owner"": ""root"", ""pid"": ""466"", ""process"": ""all"", ""resource_instance_id"": ""8057035535632679842"", ""resource_project_id"": ""proyecto-2-cloud-509714"", ""resource_type"": ""gce_instance"", ""resource_zone"": ""us-central1-a"", ""vm"": ""8057035535632679842""}",1310306304
2026-09-27T02:36:29.736132Z,"{""command"": ""core_plugin"", ""command_line"": ""/usr/lib/google/guest_agent/GuestAgentCorePlugin/core_plugin --protocol=unix --address=/run/google-guest-agent/plugin-connections/GuestAgentCorePlugin_20260715.00.sock --errorlogfile=/var/lib/google-guest-agent/8057035535632679842/agent_state/plugins/GuestAgentCorePlugin/plugin.log"", ""owner"": ""root"", ""pid"": ""466"", ""process"": ""all"", ""resource_instance_id"": ""8057035535632679842"", ""resource_project_id"": ""proyecto-2-cloud-509714"", ""resource_type"": ""gce_instance"", ""resource_zone"": ""us-central1-a"", ""vm"": ""8057035535632679842""}",1310306304
2026-09-27T02:35:59.728472Z,"{""command"": ""core_plugin"", ""command_line"": ""/usr/lib/google/guest_agent/GuestAgentCorePlugin/core_plugin --protocol=unix --address=/run/google-guest-agent/plugin-connections/GuestAgentCorePlugin_20260715.00.sock --errorlogfile=/var/lib/google-guest-agent/8057035535632679842/agent_state/plugins/GuestAgentCorePlugin/plugin.log"", ""owner"": ""root"", ""pid"": ""466"", ""process"": ""all"", ""resource_instance_id"": ""8057035535632679842"", ""resource_project_id"": ""proyecto-2-cloud-509714"", ""resource_type"": ""gce_instance"", ""resource_zone"": ""us-central1-a"", ""vm"": ""8057035535632679842""}",1310306304
2026-09-27T02:35:29.726565Z,"{""command"": ""core_plugin"", ""command_line"": ""/usr/lib/google/guest_agent/GuestAgentCorePlugin/core_plugin --protocol=unix --address=/run/google-guest-agent/plugin-connections/GuestAgentCorePlugin_20260715.00.sock --errorlogfile=/var/lib/google-guest-agent/8057035535632679842/agent_state/plugins/GuestAgentCorePlugin/plugin.log"", ""owner"": ""root"", ""pid"": ""466"", ""process"": ""all"", ""resource_instance_id"": ""8057035535632679842"", ""resource_project_id"": ""proyecto-2-cloud-509714"", ""resource_type"": ""gce_instance"", ""resource_zone"": ""us-central1-a"", ""vm"": ""8057035535632679842""}",1310306304
2026-09-27T02:34:59.732179Z,"{""command"": ""core_plugin"", ""command_line"": ""/usr/lib/google/guest_agent/GuestAgentCorePlugin/core_plugin --protocol=unix --address=/run/google-guest-agent/plugin-connections/GuestAgentCorePlugin_20260715.00.sock --errorlogfile=/var/lib/google-guest-agent/8057035535632679842/agent_state/plugins/GuestAgentCorePlugin/plugin.log"", ""owner"": ""root"", ""pid"": ""466"", ""process"": ""all"", ""resource_instance_id"": ""8057035535632679842"", ""resource_project_id"": ""proyecto-2-cloud-509714"", ""resource_type"": ""gce_instance"", ""resource_zone"": ""us-central1-a"", ""vm"": ""8057035535632679842""}",1310306304
2026-09-27T02:34:29.731952Z,"{""command"": ""core_plugin"", ""command_line"": ""/usr/lib/google/guest_agent/GuestAgentCorePlugin/core_plugin --protocol=unix --address=/run/google-guest-agent/plugin-connections/GuestAgentCorePlugin_20260715.00.sock --errorlogfile=/var/lib/google-guest-agent/8057035535632679842/agent_state/plugins/GuestAgentCorePlugin/plugin.log"", ""owner"": ""root"", ""pid"": ""466"", ""process"": ""all"", ""resource_instance_id"": ""8057035535632679842"", ""resource_project_id"": ""proyecto-2-cloud-509714"", ""resource_type"": ""gce_instance"", ""resource_zone"": ""us-central1-a"", ""vm"": ""8057035535632679842""}",1310306304
2026-09-27T02:33:59.738188Z,"{""command"": ""core_plugin"", ""command_line"": ""/usr/lib/google/guest_agent/GuestAgentCorePlugin/core_plugin --protocol=unix --address=/run/google-guest-agent/plugin-connections/GuestAgentCorePlugin_20260715.00.sock --errorlogfile=/var/lib/google-guest-agent/8057035535632679842/agent_state/plugins/GuestAgentCorePlugin/plugin.log"", ""owner"": ""root"", ""pid"": ""466"", ""process"": ""all"", ""resource_instance_id"": ""8057035535632679842"", ""resource_project_id"": ""proyecto-2-cloud-509714"", ""resource_type"": ""gce_instance"", ""resource_zone"": ""us-central1-a"", ""vm"": ""8057035535632679842""}",1310306304
2026-09-27T02:33:29.727389Z,"{""command"": ""core_plugin"", ""command_line"": ""/usr/lib/google/guest_agent/GuestAgentCorePlugin/core_plugin --protocol=unix --address=/run/google-guest-agent/plugin-connections/GuestAgentCorePlugin_20260715.00.sock --errorlogfile=/var/lib/google-guest-agent/8057035535632679842/agent_state/plugins/GuestAgentCorePlugin/plugin.log"", ""owner"": ""root"", ""pid"": ""466"", ""process"": ""all"", ""resource_instance_id"": ""8057035535632679842"", ""resource_project_id"": ""proyecto-2-cloud-509714"", ""resource_type"": ""gce_instance"", ""resource_zone"": ""us-central1-a"", ""vm"": ""8057035535632679842""}",1310306304
2026-09-27T02:32:59.744707Z,"{""command"": ""core_plugin"", ""command_line"": ""/usr/lib/google/guest_agent/GuestAgentCorePlugin/core_plugin --protocol=unix --address=/run/google-guest-agent/plugin-connections/GuestAgentCorePlugin_20260715.00.sock --errorlogfile=/var/lib/google-guest-agent/8057035535632679842/agent_state/plugins/GuestAgentCorePlugin/plugin.log"", ""owner"": ""root"", ""pid"": ""466"", ""process"": ""all"", ""resource_instance_id"": ""8057035535632679842"", ""resource_project_id"": ""proyecto-2-cloud-509714"", ""resource_type"": ""gce_instance"", ""resource_zone"": ""us-central1-a"", ""vm"": ""8057035535632679842""}",1310306304
2026-09-27T02:32:29.736118Z,"{""command"": ""core_plugin"", ""command_line"": ""/usr/lib/google/guest_agent/GuestAgentCorePlugin/core_plugin --protocol=unix --address=/run/google-guest-agent/plugin-connections/GuestAgentCorePlugin_20260715.00.sock --errorlogfile=/var/lib/google-guest-agent/8057035535632679842/agent_state/plugins/GuestAgentCorePlugin/plugin.log"", ""owner"": ""root"", ""pid"": ""466"", ""process"": ""all"", ""resource_instance_id"": ""8057035535632679842"", ""resource_project_id"": ""proyecto-2-cloud-509714"", ""resource_type"": ""gce_instance"", ""resource_zone"": ""us-central1-a"", ""vm"": ""8057035535632679842""}",1310306304
2026-09-27T02:31:59.736113Z,"{""command"": ""core_plugin"", ""command_line"": ""/usr/lib/google/guest_agent/GuestAgentCorePlugin/core_plugin --protocol=unix --address=/run/google-guest-agent/plugin-connections/GuestAgentCorePlugin_20260715.00.sock --errorlogfile=/var/lib/google-guest-agent/8057035535632679842/agent_state/plugins/GuestAgentCorePlugin/plugin.log"", ""owner"": ""root"", ""pid"": ""466"", ""process"": ""all"", ""resource_instance_id"": ""8057035535632679842"", ""resource_project_id"": ""proyecto-2-cloud-509714"", ""resource_type"": ""gce_instance"", ""resource_zone"": ""us-central1-a"", ""vm"": ""8057035535632679842""}",1310306304
2026-09-27T02:31:29.730370Z,"{""command"": ""core_plugin"", ""command_line"": ""/usr/lib/google/guest_agent/GuestAgentCorePlugin/core_plugin --protocol=unix --address=/run/google-guest-agent/plugin-connections/GuestAgentCorePlugin_20260715.00.sock --errorlogfile=/var/lib/google-guest-agent/8057035535632679842/agent_state/plugins/GuestAgentCorePlugin/plugin.log"", ""owner"": ""root"", ""pid"": ""466"", ""process"": ""all"", ""resource_instance_id"": ""8057035535632679842"", ""resource_project_id"": ""proyecto-2-cloud-509714"", ""resource_type"": ""gce_instance"", ""resource_zone"": ""us-central1-a"", ""vm"": ""8057035535632679842""}",1310306304
2026-09-27T02:30:59.747090Z,"{""command"": ""core_plugin"", ""command_line"": ""/usr/lib/google/guest_agent/GuestAgentCorePlugin/core_plugin --protocol=unix --address=/run/google-guest-agent/plugin-connections/GuestAgentCorePlugin_20260715.00.sock --errorlogfile=/var/lib/google-guest-agent/8057035535632679842/agent_state/plugins/GuestAgentCorePlugin/plugin.log"", ""owner"": ""root"", ""pid"": ""466"", ""process"": ""all"", ""resource_instance_id"": ""8057035535632679842"", ""resource_project_id"": ""proyecto-2-cloud-509714"", ""resource_type"": ""gce_instance"", ""resource_zone"": ""us-central1-a"", ""vm"": ""8057035535632679842""}",1310306304
2026-09-27T02:30:29.741301Z,"{""command"": ""core_plugin"", ""command_line"": ""/usr/lib/google/guest_agent/GuestAgentCorePlugin/core_plugin --protocol=unix --address=/run/google-guest-agent/plugin-connections/GuestAgentCorePlugin_20260715.00.sock --errorlogfile=/var/lib/google-guest-agent/8057035535632679842/agent_state/plugins/GuestAgentCorePlugin/plugin.log"", ""owner"": ""root"", ""pid"": ""466"", ""process"": ""all"", ""resource_instance_id"": ""8057035535632679842"", ""resource_project_id"": ""proyecto-2-cloud-509714"", ""resource_type"": ""gce_instance"", ""resource_zone"": ""us-central1-a"", ""vm"": ""8057035535632679842""}",1310306304
2026-09-27T02:30:22.327842Z,"{""command"": ""core_plugin"", ""command_line"": ""/usr/lib/google/guest_agent/GuestAgentCorePlugin/core_plugin --protocol=unix --address=/run/google-guest-agent/plugin-connections/GuestAgentCorePlugin_20260715.00.sock --errorlogfile=/var/lib/google-guest-agent/8057035535632679842/agent_state/plugins/GuestAgentCorePlugin/plugin.log"", ""owner"": ""root"", ""pid"": ""466"", ""process"": ""all"", ""resource_instance_id"": ""8057035535632679842"", ""resource_project_id"": ""proyecto-2-cloud-509714"", ""resource_type"": ""gce_instance"", ""resource_zone"": ""us-central1-a"", ""vm"": ""8057035535632679842""}",1310306304
2026-09-27T02:49:59.735483Z,"{""command"": ""cpuhp/0"", ""command_line"": """", ""owner"": ""root"", ""pid"": ""18"", ""process"": ""all"", ""resource_instance_id"": ""8057035535632679842"", ""resource_project_id"": ""proyecto-2-cloud-509714"", ""resource_type"": ""gce_instance"", ""resource_zone"": ""us-central1-a"", ""vm"": ""8057035535632679842""}",0
2026-09-27T02:49:29.732833Z,"{""command"": ""cpuhp/0"", ""command_line"": """", ""owner"": ""root"", ""pid"": ""18"", ""process"": ""all"", ""resource_instance_id"": ""8057035535632679842"", ""resource_project_id"": ""proyecto-2-cloud-509714"", ""resource_type"": ""gce_instance"", ""resource_zone"": ""us-central1-a"", ""vm"": ""8057035535632679842""}",0
2026-09-27T02:48:59.728030Z,"{""command"": ""cpuhp/0"", ""command_line"": """", ""owner"": ""root"", ""pid"": ""18"", ""process"": ""all"", ""resource_instance_id"": ""8057035535632679842"", ""resource_project_id"": ""proyecto-2-cloud-509714"", ""resource_type"": ""gce_instance"", ""resource_zone"": ""us-central1-a"", ""vm"": ""8057035535632679842""}",0
2026-09-27T02:48:29.733638Z,"{""command"": ""cpuhp/0"", ""command_line"": """", ""owner"": ""root"", ""pid"": ""18"", ""process"": ""all"", ""resource_instance_id"": ""8057035535632679842"", ""resource_project_id"": ""proyecto-2-cloud-509714"", ""resource_type"": ""gce_instance"", ""resource_zone"": ""us-central1-a"", ""vm"": ""8057035535632679842""}",0
2026-09-27T02:47:59.732350Z,"{""command"": ""cpuhp/0"", ""command_line"": """", ""owner"": ""root"", ""pid"": ""18"", ""process"": ""all"", ""resource_instance_id"": ""8057035535632679842"", ""resource_project_id"": ""proyecto-2-cloud-509714"", ""resource_type"": ""gce_instance"", ""resource_zone"": ""us-central1-a"", ""vm"": ""8057035535632679842""}",0
2026-09-27T02:47:29.728530Z,"{""command"": ""cpuhp/0"", ""command_line"": """", ""owner"": ""root"", ""pid"": ""18"", ""process"": ""all"", ""resource_instance_id"": ""8057035535632679842"", ""resource_project_id"": ""proyecto-2-cloud-509714"", ""resource_type"": ""gce_instance"", ""resource_zone"": ""us-central1-a"", ""vm"": ""8057035535632679842""}",0
2026-09-27T02:46:59.739308Z,"{""command"": ""cpuhp/0"", ""command_line"": """", ""owner"": ""root"", ""pid"": ""18"", ""process"": ""all"", ""resource_instance_id"": ""8057035535632679842"", ""resource_project_id"": ""proyecto-2-cloud-509714"", ""resource_type"": ""gce_instance"", ""resource_zone"": ""us-central1-a"", ""vm"": ""8057035535632679842""}",0
2026-09-27T02:46:29.734150Z,"{""command"": ""cpuhp/0"", ""command_line"": """", ""owner"": ""root"", ""pid"": ""18"", ""process"": ""all"", ""resource_instance_id"": ""8057035535632679842"", ""resource_project_id"": ""proyecto-2-cloud-509714"", ""resource_type"": ""gce_instance"", ""resource_zone"": ""us-central1-a"", ""vm"": ""8057035535632679842""}",0
2026-09-27T02:45:59.728964Z,"{""command"": ""cpuhp/0"", ""command_line"": """", ""owner"": ""root"", ""pid"": ""18"", ""process"": ""all"", ""resource_instance_id"": ""8057035535632679842"", ""resource_project_id"": ""proyecto-2-cloud-509714"", ""resource_type"": ""gce_instance"", ""resource_zone"": ""us-central1-a"", ""vm"": ""8057035535632679842""}",0
2026-09-27T02:45:29.734806Z,"{""command"": ""cpuhp/0"", ""command_line"": """", ""owner"": ""root"", ""pid"": ""18"", ""process"": ""all"", ""resource_instance_id"": ""8057035535632679842"", ""resource_project_id"": ""proyecto-2-cloud-509714"", ""resource_type"": ""gce_instance"", ""resource_zone"": ""us-central1-a"", ""vm"": ""8057035535632679842""}",0
2026-09-27T02:44:59.739972Z,"{""command"": ""cpuhp/0"", ""command_line"": """", ""owner"": ""root"", ""pid"": ""18"", ""process"": ""all"", ""resource_instance_id"": ""8057035535632679842"", ""resource_project_id"": ""proyecto-2-cloud-509714"", ""resource_type"": ""gce_instance"", ""resource_zone"": ""us-central1-a"", ""vm"": ""8057035535632679842""}",0
2026-09-27T02:44:29.737020Z,"{""command"": ""cpuhp/0"", ""command_line"": """", ""owner"": ""root"", ""pid"": ""18"", ""process"": ""all"", ""resource_instance_id"": ""8057035535632679842"", ""resource_project_id"": ""proyecto-2-cloud-509714"", ""resource_type"": ""gce_instance"", ""resource_zone"": ""us-central1-a"", ""vm"": ""8057035535632679842""}",0
2026-09-27T02:43:59.738650Z,"{""command"": ""cpuhp/0"", ""command_line"": """", ""owner"": ""root"", ""pid"": ""18"", ""process"": ""all"", ""resource_instance_id"": ""8057035535632679842"", ""resource_project_id"": ""proyecto-2-cloud-509714"", ""resource_type"": ""gce_instance"", ""resource_zone"": ""us-central1-a"", ""vm"": ""8057035535632679842""}",0
2026-09-27T02:43:29.738855Z,"{""command"": ""cpuhp/0"", ""command_line"": """", ""owner"": ""root"", ""pid"": ""18"", ""process"": ""all"", ""resource_instance_id"": ""8057035535632679842"", ""resource_project_id"": ""proyecto-2-cloud-509714"", ""resource_type"": ""gce_instance"", ""resource_zone"": ""us-central1-a"", ""vm"": ""8057035535632679842""}",0
2026-09-27T02:42:59.733027Z,"{""command"": ""cpuhp/0"", ""command_line"": """", ""owner"": ""root"", ""pid"": ""18"", ""process"": ""all"", ""resource_instance_id"": ""8057035535632679842"", ""resource_project_id"": ""proyecto-2-cloud-509714"", ""resource_type"": ""gce_instance"", ""resource_zone"": ""us-central1-a"", ""vm"": ""8057035535632679842""}",0
2026-09-27T02:42:29.757803Z,"{""command"": ""cpuhp/0"", ""command_line"": """", ""owner"": ""root"", ""pid"": ""18"", ""process"": ""all"", ""resource_instance_id"": ""8057035535632679842"", ""resource_project_id"": ""proyecto-2-cloud-509714"", ""resource_type"": ""gce_instance"", ""resource_zone"": ""us-central1-a"", ""vm"": ""8057035535632679842""}",0
2026-09-27T02:41:59.736050Z,"{""command"": ""cpuhp/0"", ""command_line"": """", ""owner"": ""root"", ""pid"": ""18"", ""process"": ""all"", ""resource_instance_id"": ""8057035535632679842"", ""resource_project_id"": ""proyecto-2-cloud-509714"", ""resource_type"": ""gce_instance"", ""resource_zone"": ""us-central1-a"", ""vm"": ""8057035535632679842""}",0
2026-09-27T02:41:29.740144Z,"{""command"": ""cpuhp/0"", ""command_line"": """", ""owner"": ""root"", ""pid"": ""18"", ""process"": ""all"", ""resource_instance_id"": ""8057035535632679842"", ""resource_project_id"": ""proyecto-2-cloud-509714"", ""resource_type"": ""gce_instance"", ""resource_zone"": ""us-central1-a"", ""vm"": ""8057035535632679842""}",0
2026-09-27T02:40:59.727897Z,"{""command"": ""cpuhp/0"", ""command_line"": """", ""owner"": ""root"", ""pid"": ""18"", ""process"": ""all"", ""resource_instance_id"": ""8057035535632679842"", ""resource_project_id"": ""proyecto-2-cloud-509714"", ""resource_type"": ""gce_instance"", ""resource_zone"": ""us-central1-a"", ""vm"": ""8057035535632679842""}",0
2026-09-27T02:40:29.725712Z,"{""command"": ""cpuhp/0"", ""command_line"": """", ""owner"": ""root"", ""pid"": ""18"", ""process"": ""all"", ""resource_instance_id"": ""8057035535632679842"", ""resource_project_id"": ""proyecto-2-cloud-509714"", ""resource_type"": ""gce_instance"", ""resource_zone"": ""us-central1-a"", ""vm"": ""8057035535632679842""}",0
2026-09-27T02:39:59.730813Z,"{""command"": ""cpuhp/0"", ""command_line"": """", ""owner"": ""root"", ""pid"": ""18"", ""process"": ""all"", ""resource_instance_id"": ""8057035535632679842"", ""resource_project_id"": ""proyecto-2-cloud-509714"", ""resource_type"": ""gce_instance"", ""resource_zone"": ""us-central1-a"", ""vm"": ""8057035535632679842""}",0
2026-09-27T02:39:29.727948Z,"{""command"": ""cpuhp/0"", ""command_line"": """", ""owner"": ""root"", ""pid"": ""18"", ""process"": ""all"", ""resource_instance_id"": ""8057035535632679842"", ""resource_project_id"": ""proyecto-2-cloud-509714"", ""resource_type"": ""gce_instance"", ""resource_zone"": ""us-central1-a"", ""vm"": ""8057035535632679842""}",0
2026-09-27T02:38:59.731912Z,"{""command"": ""cpuhp/0"", ""command_line"": """", ""owner"": ""root"", ""pid"": ""18"", ""process"": ""all"", ""resource_instance_id"": ""8057035535632679842"", ""resource_project_id"": ""proyecto-2-cloud-509714"", ""resource_type"": ""gce_instance"", ""resource_zone"": ""us-central1-a"", ""vm"": ""8057035535632679842""}",0
2026-09-27T02:38:29.724577Z,"{""command"": ""cpuhp/0"", ""command_line"": """", ""owner"": ""root"", ""pid"": ""18"", ""process"": ""all"", ""resource_instance_id"": ""8057035535632679842"", ""resource_project_id"": ""proyecto-2-cloud-509714"", ""resource_type"": ""gce_instance"", ""resource_zone"": ""us-central1-a"", ""vm"": ""8057035535632679842""}",0
2026-09-27T02:37:59.735489Z,"{""command"": ""cpuhp/0"", ""command_line"": """", ""owner"": ""root"", ""pid"": ""18"", ""process"": ""all"", ""resource_instance_id"": ""8057035535632679842"", ""resource_project_id"": ""proyecto-2-cloud-509714"", ""resource_type"": ""gce_instance"", ""resource_zone"": ""us-central1-a"", ""vm"": ""8057035535632679842""}",0
2026-09-27T02:37:29.728466Z,"{""command"": ""cpuhp/0"", ""command_line"": """", ""owner"": ""root"", ""pid"": ""18"", ""process"": ""all"", ""resource_instance_id"": ""8057035535632679842"", ""resource_project_id"": ""proyecto-2-cloud-509714"", ""resource_type"": ""gce_instance"", ""resource_zone"": ""us-central1-a"", ""vm"": ""8057035535632679842""}",0
2026-09-27T02:36:59.735811Z,"{""command"": ""cpuhp/0"", ""command_line"": """", ""owner"": ""root"", ""pid"": ""18"", ""process"": ""all"", ""resource_instance_id"": ""8057035535632679842"", ""resource_project_id"": ""proyecto-2-cloud-509714"", ""resource_type"": ""gce_instance"", ""resource_zone"": ""us-central1-a"", ""vm"": ""8057035535632679842""}",0
2026-09-27T02:36:29.730943Z,"{""command"": ""cpuhp/0"", ""command_line"": """", ""owner"": ""root"", ""pid"": ""18"", ""process"": ""all"", ""resource_instance_id"": ""8057035535632679842"", ""resource_project_id"": ""proyecto-2-cloud-509714"", ""resource_type"": ""gce_instance"", ""resource_zone"": ""us-central1-a"", ""vm"": ""8057035535632679842""}",0
2026-09-27T02:35:59.724749Z,"{""command"": ""cpuhp/0"", ""command_line"": """", ""owner"": ""root"", ""pid"": ""18"", ""process"": ""all"", ""resource_instance_id"": ""8057035535632679842"", ""resource_project_id"": ""proyecto-2-cloud-509714"", ""resource_type"": ""gce_instance"", ""resource_zone"": ""us-central1-a"", ""vm"": ""8057035535632679842""}",0
2026-09-27T02:35:29.723630Z,"{""command"": ""cpuhp/0"", ""command_line"": """", ""owner"": ""root"", ""pid"": ""18"", ""process"": ""all"", ""resource_instance_id"": ""8057035535632679842"", ""resource_project_id"": ""proyecto-2-cloud-509714"", ""resource_type"": ""gce_instance"", ""resource_zone"": ""us-central1-a"", ""vm"": ""8057035535632679842""}",0
2026-09-27T02:34:59.728084Z,"{""command"": ""cpuhp/0"", ""command_line"": """", ""owner"": ""root"", ""pid"": ""18"", ""process"": ""all"", ""resource_instance_id"": ""8057035535632679842"", ""resource_project_id"": ""proyecto-2-cloud-509714"", ""resource_type"": ""gce_instance"", ""resource_zone"": ""us-central1-a"", ""vm"": ""8057035535632679842""}",0
2026-09-27T02:34:29.727758Z,"{""command"": ""cpuhp/0"", ""command_line"": """", ""owner"": ""root"", ""pid"": ""18"", ""process"": ""all"", ""resource_instance_id"": ""8057035535632679842"", ""resource_project_id"": ""proyecto-2-cloud-509714"", ""resource_type"": ""gce_instance"", ""resource_zone"": ""us-central1-a"", ""vm"": ""8057035535632679842""}",0
2026-09-27T02:33:59.734825Z,"{""command"": ""cpuhp/0"", ""command_line"": """", ""owner"": ""root"", ""pid"": ""18"", ""process"": ""all"", ""resource_instance_id"": ""8057035535632679842"", ""resource_project_id"": ""proyecto-2-cloud-509714"", ""resource_type"": ""gce_instance"", ""resource_zone"": ""us-central1-a"", ""vm"": ""8057035535632679842""}",0
2026-09-27T02:33:29.724272Z,"{""command"": ""cpuhp/0"", ""command_line"": """", ""owner"": ""root"", ""pid"": ""18"", ""process"": ""all"", ""resource_instance_id"": ""8057035535632679842"", ""resource_project_id"": ""proyecto-2-cloud-509714"", ""resource_type"": ""gce_instance"", ""resource_zone"": ""us-central1-a"", ""vm"": ""8057035535632679842""}",0
2026-09-27T02:32:59.741283Z,"{""command"": ""cpuhp/0"", ""command_line"": """", ""owner"": ""root"", ""pid"": ""18"", ""process"": ""all"", ""resource_instance_id"": ""8057035535632679842"", ""resource_project_id"": ""proyecto-2-cloud-509714"", ""resource_type"": ""gce_instance"", ""resource_zone"": ""us-central1-a"", ""vm"": ""8057035535632679842""}",0
2026-09-27T02:32:29.732426Z,"{""command"": ""cpuhp/0"", ""command_line"": """", ""owner"": ""root"", ""pid"": ""18"", ""process"": ""all"", ""resource_instance_id"": ""8057035535632679842"", ""resource_project_id"": ""proyecto-2-cloud-509714"", ""resource_type"": ""gce_instance"", ""resource_zone"": ""us-central1-a"", ""vm"": ""8057035535632679842""}",0
2026-09-27T02:31:59.732765Z,"{""command"": ""cpuhp/0"", ""command_line"": """", ""owner"": ""root"", ""pid"": ""18"", ""process"": ""all"", ""resource_instance_id"": ""8057035535632679842"", ""resource_project_id"": ""proyecto-2-cloud-509714"", ""resource_type"": ""gce_instance"", ""resource_zone"": ""us-central1-a"", ""vm"": ""8057035535632679842""}",0
2026-09-27T02:31:29.727285Z,"{""command"": ""cpuhp/0"", ""command_line"": """", ""owner"": ""root"", ""pid"": ""18"", ""process"": ""all"", ""resource_instance_id"": ""8057035535632679842"", ""resource_project_id"": ""proyecto-2-cloud-509714"", ""resource_type"": ""gce_instance"", ""resource_zone"": ""us-central1-a"", ""vm"": ""8057035535632679842""}",0
2026-09-27T02:30:59.741421Z,"{""command"": ""cpuhp/0"", ""command_line"": """", ""owner"": ""root"", ""pid"": ""18"", ""process"": ""all"", ""resource_instance_id"": ""8057035535632679842"", ""resource_project_id"": ""proyecto-2-cloud-509714"", ""resource_type"": ""gce_instance"", ""resource_zone"": ""us-central1-a"", ""vm"": ""8057035535632679842""}",0
2026-09-27T02:30:29.737509Z,"{""command"": ""cpuhp/0"", ""command_line"": """", ""owner"": ""root"", ""pid"": ""18"", ""process"": ""all"", ""resource_instance_id"": ""8057035535632679842"", ""resource_project_id"": ""proyecto-2-cloud-509714"", ""resource_type"": ""gce_instance"", ""resource_zone"": ""us-central1-a"", ""vm"": ""8057035535632679842""}",0
2026-09-27T02:30:22.323960Z,"{""command"": ""cpuhp/0"", ""command_line"": """", ""owner"": ""root"", ""pid"": ""18"", ""process"": ""all"", ""resource_instance_id"": ""8057035535632679842"", ""resource_project_id"": ""proyecto-2-cloud-509714"", ""resource_type"": ""gce_instance"", ""resource_zone"": ""us-central1-a"", ""vm"": ""8057035535632679842""}",0
2026-09-27T02:49:59.735580Z,"{""command"": ""cpuhp/1"", ""command_line"": """", ""owner"": ""root"", ""pid"": ""19"", ""process"": ""all"", ""resource_instance_id"": ""8057035535632679842"", ""resource_project_id"": ""proyecto-2-cloud-509714"", ""resource_type"": ""gce_instance"", ""resource_zone"": ""us-central1-a"", ""vm"": ""8057035535632679842""}",0
2026-09-27T02:49:29.732896Z,"{""command"": ""cpuhp/1"", ""command_line"": """", ""owner"": ""root"", ""pid"": ""19"", ""process"": ""all"", ""resource_instance_id"": ""8057035535632679842"", ""resource_project_id"": ""proyecto-2-cloud-509714"", ""resource_type"": ""gce_instance"", ""resource_zone"": ""us-central1-a"", ""vm"": ""8057035535632679842""}",0
2026-09-27T02:48:59.728080Z,"{""command"": ""cpuhp/1"", ""command_line"": """", ""owner"": ""root"", ""pid"": ""19"", ""process"": ""all"", ""resource_instance_id"": ""8057035535632679842"", ""resource_project_id"": ""proyecto-2-cloud-509714"", ""resource_type"": ""gce_instance"", ""resource_zone"": ""us-central1-a"", ""vm"": ""8057035535632679842""}",0
2026-09-27T02:48:29.733713Z,"{""command"": ""cpuhp/1"", ""command_line"": """", ""owner"": ""root"", ""pid"": ""19"", ""process"": ""all"", ""resource_instance_id"": ""8057035535632679842"", ""resource_project_id"": ""proyecto-2-cloud-509714"", ""resource_type"": ""gce_instance"", ""resource_zone"": ""us-central1-a"", ""vm"": ""8057035535632679842""}",0
2026-09-27T02:47:59.732403Z,"{""command"": ""cpuhp/1"", ""command_line"": """", ""owner"": ""root"", ""pid"": ""19"", ""process"": ""all"", ""resource_instance_id"": ""8057035535632679842"", ""resource_project_id"": ""proyecto-2-cloud-509714"", ""resource_type"": ""gce_instance"", ""resource_zone"": ""us-central1-a"", ""vm"": ""8057035535632679842""}",0
2026-09-27T02:47:29.728621Z,"{""command"": ""cpuhp/1"", ""command_line"": """", ""owner"": ""root"", ""pid"": ""19"", ""process"": ""all"", ""resource_instance_id"": ""8057035535632679842"", ""resource_project_id"": ""proyecto-2-cloud-509714"", ""resource_type"": ""gce_instance"", ""resource_zone"": ""us-central1-a"", ""vm"": ""8057035535632679842""}",0
2026-09-27T02:46:59.739387Z,"{""command"": ""cpuhp/1"", ""command_line"": """", ""owner"": ""root"", ""pid"": ""19"", ""process"": ""all"", ""resource_instance_id"": ""8057035535632679842"", ""resource_project_id"": ""proyecto-2-cloud-509714"", ""resource_type"": ""gce_instance"", ""resource_zone"": ""us-central1-a"", ""vm"": ""8057035535632679842""}",0
2026-09-27T02:46:29.734209Z,"{""command"": ""cpuhp/1"", ""command_line"": """", ""owner"": ""root"", ""pid"": ""19"", ""process"": ""all"", ""resource_instance_id"": ""8057035535632679842"", ""resource_project_id"": ""proyecto-2-cloud-509714"", ""resource_type"": ""gce_instance"", ""resource_zone"": ""us-central1-a"", ""vm"": ""8057035535632679842""}",0
2026-09-27T02:45:59.729016Z,"{""command"": ""cpuhp/1"", ""command_line"": """", ""owner"": ""root"", ""pid"": ""19"", ""process"": ""all"", ""resource_instance_id"": ""8057035535632679842"", ""resource_project_id"": ""proyecto-2-cloud-509714"", ""resource_type"": ""gce_instance"", ""resource_zone"": ""us-central1-a"", ""vm"": ""8057035535632679842""}",0
2026-09-27T02:45:29.734857Z,"{""command"": ""cpuhp/1"", ""command_line"": """", ""owner"": ""root"", ""pid"": ""19"", ""process"": ""all"", ""resource_instance_id"": ""8057035535632679842"", ""resource_project_id"": ""proyecto-2-cloud-509714"", ""resource_type"": ""gce_instance"", ""resource_zone"": ""us-central1-a"", ""vm"": ""8057035535632679842""}",0
2026-09-27T02:44:59.740030Z,"{""command"": ""cpuhp/1"", ""command_line"": """", ""owner"": ""root"", ""pid"": ""19"", ""process"": ""all"", ""resource_instance_id"": ""8057035535632679842"", ""resource_project_id"": ""proyecto-2-cloud-509714"", ""resource_type"": ""gce_instance"", ""resource_zone"": ""us-central1-a"", ""vm"": ""8057035535632679842""}",0
2026-09-27T02:44:29.737073Z,"{""command"": ""cpuhp/1"", ""command_line"": """", ""owner"": ""root"", ""pid"": ""19"", ""process"": ""all"", ""resource_instance_id"": ""8057035535632679842"", ""resource_project_id"": ""proyecto-2-cloud-509714"", ""resource_type"": ""gce_instance"", ""resource_zone"": ""us-central1-a"", ""vm"": ""8057035535632679842""}",0
2026-09-27T02:43:59.738709Z,"{""command"": ""cpuhp/1"", ""command_line"": """", ""owner"": ""root"", ""pid"": ""19"", ""process"": ""all"", ""resource_instance_id"": ""8057035535632679842"", ""resource_project_id"": ""proyecto-2-cloud-509714"", ""resource_type"": ""gce_instance"", ""resource_zone"": ""us-central1-a"", ""vm"": ""8057035535632679842""}",0
2026-09-27T02:43:29.738940Z,"{""command"": ""cpuhp/1"", ""command_line"": """", ""owner"": ""root"", ""pid"": ""19"", ""process"": ""all"", ""resource_instance_id"": ""8057035535632679842"", ""resource_project_id"": ""proyecto-2-cloud-509714"", ""resource_type"": ""gce_instance"", ""resource_zone"": ""us-central1-a"", ""vm"": ""8057035535632679842""}",0
2026-09-27T02:42:59.733083Z,"{""command"": ""cpuhp/1"", ""command_line"": """", ""owner"": ""root"", ""pid"": ""19"", ""process"": ""all"", ""resource_instance_id"": ""8057035535632679842"", ""resource_project_id"": ""proyecto-2-cloud-509714"", ""resource_type"": ""gce_instance"", ""resource_zone"": ""us-central1-a"", ""vm"": ""8057035535632679842""}",0
2026-09-27T02:42:29.757858Z,"{""command"": ""cpuhp/1"", ""command_line"": """", ""owner"": ""root"", ""pid"": ""19"", ""process"": ""all"", ""resource_instance_id"": ""8057035535632679842"", ""resource_project_id"": ""proyecto-2-cloud-509714"", ""resource_type"": ""gce_instance"", ""resource_zone"": ""us-central1-a"", ""vm"": ""8057035535632679842""}",0
2026-09-27T02:41:59.736113Z,"{""command"": ""cpuhp/1"", ""command_line"": """", ""owner"": ""root"", ""pid"": ""19"", ""process"": ""all"", ""resource_instance_id"": ""8057035535632679842"", ""resource_project_id"": ""proyecto-2-cloud-509714"", ""resource_type"": ""gce_instance"", ""resource_zone"": ""us-central1-a"", ""vm"": ""8057035535632679842""}",0
2026-09-27T02:41:29.740260Z,"{""command"": ""cpuhp/1"", ""command_line"": """", ""owner"": ""root"", ""pid"": ""19"", ""process"": ""all"", ""resource_instance_id"": ""8057035535632679842"", ""resource_project_id"": ""proyecto-2-cloud-509714"", ""resource_type"": ""gce_instance"", ""resource_zone"": ""us-central1-a"", ""vm"": ""8057035535632679842""}",0
2026-09-27T02:40:59.727951Z,"{""command"": ""cpuhp/1"", ""command_line"": """", ""owner"": ""root"", ""pid"": ""19"", ""process"": ""all"", ""resource_instance_id"": ""8057035535632679842"", ""resource_project_id"": ""proyecto-2-cloud-509714"", ""resource_type"": ""gce_instance"", ""resource_zone"": ""us-central1-a"", ""vm"": ""8057035535632679842""}",0
2026-09-27T02:40:29.725765Z,"{""command"": ""cpuhp/1"", ""command_line"": """", ""owner"": ""root"", ""pid"": ""19"", ""process"": ""all"", ""resource_instance_id"": ""8057035535632679842"", ""resource_project_id"": ""proyecto-2-cloud-509714"", ""resource_type"": ""gce_instance"", ""resource_zone"": ""us-central1-a"", ""vm"": ""8057035535632679842""}",0
2026-09-27T02:39:59.730934Z,"{""command"": ""cpuhp/1"", ""command_line"": """", ""owner"": ""root"", ""pid"": ""19"", ""process"": ""all"", ""resource_instance_id"": ""8057035535632679842"", ""resource_project_id"": ""proyecto-2-cloud-509714"", ""resource_type"": ""gce_instance"", ""resource_zone"": ""us-central1-a"", ""vm"": ""8057035535632679842""}",0
2026-09-27T02:39:29.728012Z,"{""command"": ""cpuhp/1"", ""command_line"": """", ""owner"": ""root"", ""pid"": ""19"", ""process"": ""all"", ""resource_instance_id"": ""8057035535632679842"", ""resource_project_id"": ""proyecto-2-cloud-509714"", ""resource_type"": ""gce_instance"", ""resource_zone"": ""us-central1-a"", ""vm"": ""8057035535632679842""}",0
2026-09-27T02:38:59.732006Z,"{""command"": ""cpuhp/1"", ""command_line"": """", ""owner"": ""root"", ""pid"": ""19"", ""process"": ""all"", ""resource_instance_id"": ""8057035535632679842"", ""resource_project_id"": ""proyecto-2-cloud-509714"", ""resource_type"": ""gce_instance"", ""resource_zone"": ""us-central1-a"", ""vm"": ""8057035535632679842""}",0
2026-09-27T02:38:29.724653Z,"{""command"": ""cpuhp/1"", ""command_line"": """", ""owner"": ""root"", ""pid"": ""19"", ""process"": ""all"", ""resource_instance_id"": ""8057035535632679842"", ""resource_project_id"": ""proyecto-2-cloud-509714"", ""resource_type"": ""gce_instance"", ""resource_zone"": ""us-central1-a"", ""vm"": ""8057035535632679842""}",0
2026-09-27T02:37:59.735545Z,"{""command"": ""cpuhp/1"", ""command_line"": """", ""owner"": ""root"", ""pid"": ""19"", ""process"": ""all"", ""resource_instance_id"": ""8057035535632679842"", ""resource_project_id"": ""proyecto-2-cloud-509714"", ""resource_type"": ""gce_instance"", ""resource_zone"": ""us-central1-a"", ""vm"": ""8057035535632679842""}",0
2026-09-27T02:37:29.728549Z,"{""command"": ""cpuhp/1"", ""command_line"": """", ""owner"": ""root"", ""pid"": ""19"", ""process"": ""all"", ""resource_instance_id"": ""8057035535632679842"", ""resource_project_id"": ""proyecto-2-cloud-509714"", ""resource_type"": ""gce_instance"", ""resource_zone"": ""us-central1-a"", ""vm"": ""8057035535632679842""}",0
2026-09-27T02:36:59.735934Z,"{""command"": ""cpuhp/1"", ""command_line"": """", ""owner"": ""root"", ""pid"": ""19"", ""process"": ""all"", ""resource_instance_id"": ""8057035535632679842"", ""resource_project_id"": ""proyecto-2-cloud-509714"", ""resource_type"": ""gce_instance"", ""resource_zone"": ""us-central1-a"", ""vm"": ""8057035535632679842""}",0
2026-09-27T02:36:29.731039Z,"{""command"": ""cpuhp/1"", ""command_line"": """", ""owner"": ""root"", ""pid"": ""19"", ""process"": ""all"", ""resource_instance_id"": ""8057035535632679842"", ""resource_project_id"": ""proyecto-2-cloud-509714"", ""resource_type"": ""gce_instance"", ""resource_zone"": ""us-central1-a"", ""vm"": ""8057035535632679842""}",0
2026-09-27T02:35:59.724806Z,"{""command"": ""cpuhp/1"", ""command_line"": """", ""owner"": ""root"", ""pid"": ""19"", ""process"": ""all"", ""resource_instance_id"": ""8057035535632679842"", ""resource_project_id"": ""proyecto-2-cloud-509714"", ""resource_type"": ""gce_instance"", ""resource_zone"": ""us-central1-a"", ""vm"": ""8057035535632679842""}",0
2026-09-27T02:35:29.723696Z,"{""command"": ""cpuhp/1"", ""command_line"": """", ""owner"": ""root"", ""pid"": ""19"", ""process"": ""all"", ""resource_instance_id"": ""8057035535632679842"", ""resource_project_id"": ""proyecto-2-cloud-509714"", ""resource_type"": ""gce_instance"", ""resource_zone"": ""us-central1-a"", ""vm"": ""8057035535632679842""}",0
2026-09-27T02:34:59.728153Z,"{""command"": ""cpuhp/1"", ""command_line"": """", ""owner"": ""root"", ""pid"": ""19"", ""process"": ""all"", ""resource_instance_id"": ""8057035535632679842"", ""resource_project_id"": ""proyecto-2-cloud-509714"", ""resource_type"": ""gce_instance"", ""resource_zone"": ""us-central1-a"", ""vm"": ""8057035535632679842""}",0
2026-09-27T02:34:29.727816Z,"{""command"": ""cpuhp/1"", ""command_line"": """", ""owner"": ""root"", ""pid"": ""19"", ""process"": ""all"", ""resource_instance_id"": ""8057035535632679842"", ""resource_project_id"": ""proyecto-2-cloud-509714"", ""resource_type"": ""gce_instance"", ""resource_zone"": ""us-central1-a"", ""vm"": ""8057035535632679842""}",0
2026-09-27T02:33:59.734884Z,"{""command"": ""cpuhp/1"", ""command_line"": """", ""owner"": ""root"", ""pid"": ""19"", ""process"": ""all"", ""resource_instance_id"": ""8057035535632679842"", ""resource_project_id"": ""proyecto-2-cloud-509714"", ""resource_type"": ""gce_instance"", ""resource_zone"": ""us-central1-a"", ""vm"": ""8057035535632679842""}",0
2026-09-27T02:33:29.724324Z,"{""command"": ""cpuhp/1"", ""command_line"": """", ""owner"": ""root"", ""pid"": ""19"", ""process"": ""all"", ""resource_instance_id"": ""8057035535632679842"", ""resource_project_id"": ""proyecto-2-cloud-509714"", ""resource_type"": ""gce_instance"", ""resource_zone"": ""us-central1-a"", ""vm"": ""8057035535632679842""}",0
2026-09-27T02:32:59.741341Z,"{""command"": ""cpuhp/1"", ""command_line"": """", ""owner"": ""root"", ""pid"": ""19"", ""process"": ""all"", ""resource_instance_id"": ""8057035535632679842"", ""resource_project_id"": ""proyecto-2-cloud-509714"", ""resource_type"": ""gce_instance"", ""resource_zone"": ""us-central1-a"", ""vm"": ""8057035535632679842""}",0
2026-09-27T02:32:29.732484Z,"{""command"": ""cpuhp/1"", ""command_line"": """", ""owner"": ""root"", ""pid"": ""19"", ""process"": ""all"", ""resource_instance_id"": ""8057035535632679842"", ""resource_project_id"": ""proyecto-2-cloud-509714"", ""resource_type"": ""gce_instance"", ""resource_zone"": ""us-central1-a"", ""vm"": ""8057035535632679842""}",0
2026-09-27T02:31:59.732818Z,"{""command"": ""cpuhp/1"", ""command_line"": """", ""owner"": ""root"", ""pid"": ""19"", ""process"": ""all"", ""resource_instance_id"": ""8057035535632679842"", ""resource_project_id"": ""proyecto-2-cloud-509714"", ""resource_type"": ""gce_instance"", ""resource_zone"": ""us-central1-a"", ""vm"": ""8057035535632679842""}",0
2026-09-27T02:31:29.727346Z,"{""command"": ""cpuhp/1"", ""command_line"": """", ""owner"": ""root"", ""pid"": ""19"", ""process"": ""all"", ""resource_instance_id"": ""8057035535632679842"", ""resource_project_id"": ""proyecto-2-cloud-509714"", ""resource_type"": ""gce_instance"", ""resource_zone"": ""us-central1-a"", ""vm"": ""8057035535632679842""}",0
2026-09-27T02:30:59.741809Z,"{""command"": ""cpuhp/1"", ""command_line"": """", ""owner"": ""root"", ""pid"": ""19"", ""process"": ""all"", ""resource_instance_id"": ""8057035535632679842"", ""resource_project_id"": ""proyecto-2-cloud-509714"", ""resource_type"": ""gce_instance"", ""resource_zone"": ""us-central1-a"", ""vm"": ""8057035535632679842""}",0
2026-09-27T02:30:29.737572Z,"{""command"": ""cpuhp/1"", ""command_line"": """", ""owner"": ""root"", ""pid"": ""19"", ""process"": ""all"", ""resource_instance_id"": ""8057035535632679842"", ""resource_project_id"": ""proyecto-2-cloud-509714"", ""resource_type"": ""gce_instance"", ""resource_zone"": ""us-central1-a"", ""vm"": ""8057035535632679842""}",0
2026-09-27T02:30:22.324028Z,"{""command"": ""cpuhp/1"", ""command_line"": """", ""owner"": ""root"", ""pid"": ""19"", ""process"": ""all"", ""resource_instance_id"": ""8057035535632679842"", ""resource_project_id"": ""proyecto-2-cloud-509714"", ""resource_type"": ""gce_instance"", ""resource_zone"": ""us-central1-a"", ""vm"": ""8057035535632679842""}",0
2026-09-27T02:49:59.739749Z,"{""command"": ""cron"", ""command_line"": ""/usr/sbin/cron -f"", ""owner"": ""root"", ""pid"": ""393"", ""process"": ""all"", ""resource_instance_id"": ""8057035535632679842"", ""resource_project_id"": ""proyecto-2-cloud-509714"", ""resource_type"": ""gce_instance"", ""resource_zone"": ""us-central1-a"", ""vm"": ""8057035535632679842""}",4124672
2026-09-27T02:49:29.735531Z,"{""command"": ""cron"", ""command_line"": ""/usr/sbin/cron -f"", ""owner"": ""root"", ""pid"": ""393"", ""process"": ""all"", ""resource_instance_id"": ""8057035535632679842"", ""resource_project_id"": ""proyecto-2-cloud-509714"", ""resource_type"": ""gce_instance"", ""resource_zone"": ""us-central1-a"", ""vm"": ""8057035535632679842""}",4124672
2026-09-27T02:48:59.730908Z,"{""command"": ""cron"", ""command_line"": ""/usr/sbin/cron -f"", ""owner"": ""root"", ""pid"": ""393"", ""process"": ""all"", ""resource_instance_id"": ""8057035535632679842"", ""resource_project_id"": ""proyecto-2-cloud-509714"", ""resource_type"": ""gce_instance"", ""resource_zone"": ""us-central1-a"", ""vm"": ""8057035535632679842""}",4124672
2026-09-27T02:48:29.737417Z,"{""command"": ""cron"", ""command_line"": ""/usr/sbin/cron -f"", ""owner"": ""root"", ""pid"": ""393"", ""process"": ""all"", ""resource_instance_id"": ""8057035535632679842"", ""resource_project_id"": ""proyecto-2-cloud-509714"", ""resource_type"": ""gce_instance"", ""resource_zone"": ""us-central1-a"", ""vm"": ""8057035535632679842""}",4124672
2026-09-27T02:47:59.735090Z,"{""command"": ""cron"", ""command_line"": ""/usr/sbin/cron -f"", ""owner"": ""root"", ""pid"": ""393"", ""process"": ""all"", ""resource_instance_id"": ""8057035535632679842"", ""resource_project_id"": ""proyecto-2-cloud-509714"", ""resource_type"": ""gce_instance"", ""resource_zone"": ""us-central1-a"", ""vm"": ""8057035535632679842""}",4124672
2026-09-27T02:47:29.732232Z,"{""command"": ""cron"", ""command_line"": ""/usr/sbin/cron -f"", ""owner"": ""root"", ""pid"": ""393"", ""process"": ""all"", ""resource_instance_id"": ""8057035535632679842"", ""resource_project_id"": ""proyecto-2-cloud-509714"", ""resource_type"": ""gce_instance"", ""resource_zone"": ""us-central1-a"", ""vm"": ""8057035535632679842""}",4124672
2026-09-27T02:46:59.742954Z,"{""command"": ""cron"", ""command_line"": ""/usr/sbin/cron -f"", ""owner"": ""root"", ""pid"": ""393"", ""process"": ""all"", ""resource_instance_id"": ""8057035535632679842"", ""resource_project_id"": ""proyecto-2-cloud-509714"", ""resource_type"": ""gce_instance"", ""resource_zone"": ""us-central1-a"", ""vm"": ""8057035535632679842""}",4124672
2026-09-27T02:46:29.737383Z,"{""command"": ""cron"", ""command_line"": ""/usr/sbin/cron -f"", ""owner"": ""root"", ""pid"": ""393"", ""process"": ""all"", ""resource_instance_id"": ""8057035535632679842"", ""resource_project_id"": ""proyecto-2-cloud-509714"", ""resource_type"": ""gce_instance"", ""resource_zone"": ""us-central1-a"", ""vm"": ""8057035535632679842""}",4124672
2026-09-27T02:45:59.731389Z,"{""command"": ""cron"", ""command_line"": ""/usr/sbin/cron -f"", ""owner"": ""root"", ""pid"": ""393"", ""process"": ""all"", ""resource_instance_id"": ""8057035535632679842"", ""resource_project_id"": ""proyecto-2-cloud-509714"", ""resource_type"": ""gce_instance"", ""resource_zone"": ""us-central1-a"", ""vm"": ""8057035535632679842""}",4124672
2026-09-27T02:45:29.737164Z,"{""command"": ""cron"", ""command_line"": ""/usr/sbin/cron -f"", ""owner"": ""root"", ""pid"": ""393"", ""process"": ""all"", ""resource_instance_id"": ""8057035535632679842"", ""resource_project_id"": ""proyecto-2-cloud-509714"", ""resource_type"": ""gce_instance"", ""resource_zone"": ""us-central1-a"", ""vm"": ""8057035535632679842""}",4124672
2026-09-27T02:44:59.742890Z,"{""command"": ""cron"", ""command_line"": ""/usr/sbin/cron -f"", ""owner"": ""root"", ""pid"": ""393"", ""process"": ""all"", ""resource_instance_id"": ""8057035535632679842"", ""resource_project_id"": ""proyecto-2-cloud-509714"", ""resource_type"": ""gce_instance"", ""resource_zone"": ""us-central1-a"", ""vm"": ""8057035535632679842""}",4124672
2026-09-27T02:44:29.739746Z,"{""command"": ""cron"", ""command_line"": ""/usr/sbin/cron -f"", ""owner"": ""root"", ""pid"": ""393"", ""process"": ""all"", ""resource_instance_id"": ""8057035535632679842"", ""resource_project_id"": ""proyecto-2-cloud-509714"", ""resource_type"": ""gce_instance"", ""resource_zone"": ""us-central1-a"", ""vm"": ""8057035535632679842""}",4124672
2026-09-27T02:43:59.741414Z,"{""command"": ""cron"", ""command_line"": ""/usr/sbin/cron -f"", ""owner"": ""root"", ""pid"": ""393"", ""process"": ""all"", ""resource_instance_id"": ""8057035535632679842"", ""resource_project_id"": ""proyecto-2-cloud-509714"", ""resource_type"": ""gce_instance"", ""resource_zone"": ""us-central1-a"", ""vm"": ""8057035535632679842""}",4124672
2026-09-27T02:43:29.742044Z,"{""command"": ""cron"", ""command_line"": ""/usr/sbin/cron -f"", ""owner"": ""root"", ""pid"": ""393"", ""process"": ""all"", ""resource_instance_id"": ""8057035535632679842"", ""resource_project_id"": ""proyecto-2-cloud-509714"", ""resource_type"": ""gce_instance"", ""resource_zone"": ""us-central1-a"", ""vm"": ""8057035535632679842""}",4124672
2026-09-27T02:42:59.735873Z,"{""command"": ""cron"", ""command_line"": ""/usr/sbin/cron -f"", ""owner"": ""root"", ""pid"": ""393"", ""process"": ""all"", ""resource_instance_id"": ""8057035535632679842"", ""resource_project_id"": ""proyecto-2-cloud-509714"", ""resource_type"": ""gce_instance"", ""resource_zone"": ""us-central1-a"", ""vm"": ""8057035535632679842""}",4124672
2026-09-27T02:42:29.761803Z,"{""command"": ""cron"", ""command_line"": ""/usr/sbin/cron -f"", ""owner"": ""root"", ""pid"": ""393"", ""process"": ""all"", ""resource_instance_id"": ""8057035535632679842"", ""resource_project_id"": ""proyecto-2-cloud-509714"", ""resource_type"": ""gce_instance"", ""resource_zone"": ""us-central1-a"", ""vm"": ""8057035535632679842""}",4124672
2026-09-27T02:41:59.739307Z,"{""command"": ""cron"", ""command_line"": ""/usr/sbin/cron -f"", ""owner"": ""root"", ""pid"": ""393"", ""process"": ""all"", ""resource_instance_id"": ""8057035535632679842"", ""resource_project_id"": ""proyecto-2-cloud-509714"", ""resource_type"": ""gce_instance"", ""resource_zone"": ""us-central1-a"", ""vm"": ""8057035535632679842""}",4124672
2026-09-27T02:41:29.742903Z,"{""command"": ""cron"", ""command_line"": ""/usr/sbin/cron -f"", ""owner"": ""root"", ""pid"": ""393"", ""process"": ""all"", ""resource_instance_id"": ""8057035535632679842"", ""resource_project_id"": ""proyecto-2-cloud-509714"", ""resource_type"": ""gce_instance"", ""resource_zone"": ""us-central1-a"", ""vm"": ""8057035535632679842""}",4124672
2026-09-27T02:40:59.730448Z,"{""command"": ""cron"", ""command_line"": ""/usr/sbin/cron -f"", ""owner"": ""root"", ""pid"": ""393"", ""process"": ""all"", ""resource_instance_id"": ""8057035535632679842"", ""resource_project_id"": ""proyecto-2-cloud-509714"", ""resource_type"": ""gce_instance"", ""resource_zone"": ""us-central1-a"", ""vm"": ""8057035535632679842""}",4124672
2026-09-27T02:40:29.728882Z,"{""command"": ""cron"", ""command_line"": ""/usr/sbin/cron -f"", ""owner"": ""root"", ""pid"": ""393"", ""process"": ""all"", ""resource_instance_id"": ""8057035535632679842"", ""resource_project_id"": ""proyecto-2-cloud-509714"", ""resource_type"": ""gce_instance"", ""resource_zone"": ""us-central1-a"", ""vm"": ""8057035535632679842""}",4124672
2026-09-27T02:39:59.736192Z,"{""command"": ""cron"", ""command_line"": ""/usr/sbin/cron -f"", ""owner"": ""root"", ""pid"": ""393"", ""process"": ""all"", ""resource_instance_id"": ""8057035535632679842"", ""resource_project_id"": ""proyecto-2-cloud-509714"", ""resource_type"": ""gce_instance"", ""resource_zone"": ""us-central1-a"", ""vm"": ""8057035535632679842""}",4124672
2026-09-27T02:39:29.730439Z,"{""command"": ""cron"", ""command_line"": ""/usr/sbin/cron -f"", ""owner"": ""root"", ""pid"": ""393"", ""process"": ""all"", ""resource_instance_id"": ""8057035535632679842"", ""resource_project_id"": ""proyecto-2-cloud-509714"", ""resource_type"": ""gce_instance"", ""resource_zone"": ""us-central1-a"", ""vm"": ""8057035535632679842""}",4124672
2026-09-27T02:38:59.736267Z,"{""command"": ""cron"", ""command_line"": ""/usr/sbin/cron -f"", ""owner"": ""root"", ""pid"": ""393"", ""process"": ""all"", ""resource_instance_id"": ""8057035535632679842"", ""resource_project_id"": ""proyecto-2-cloud-509714"", ""resource_type"": ""gce_instance"", ""resource_zone"": ""us-central1-a"", ""vm"": ""8057035535632679842""}",4124672
2026-09-27T02:38:29.727835Z,"{""command"": ""cron"", ""command_line"": ""/usr/sbin/cron -f"", ""owner"": ""root"", ""pid"": ""393"", ""process"": ""all"", ""resource_instance_id"": ""8057035535632679842"", ""resource_project_id"": ""proyecto-2-cloud-509714"", ""resource_type"": ""gce_instance"", ""resource_zone"": ""us-central1-a"", ""vm"": ""8057035535632679842""}",4124672
2026-09-27T02:37:59.738309Z,"{""command"": ""cron"", ""command_line"": ""/usr/sbin/cron -f"", ""owner"": ""root"", ""pid"": ""393"", ""process"": ""all"", ""resource_instance_id"": ""8057035535632679842"", ""resource_project_id"": ""proyecto-2-cloud-509714"", ""resource_type"": ""gce_instance"", ""resource_zone"": ""us-central1-a"", ""vm"": ""8057035535632679842""}",4124672
2026-09-27T02:37:29.732576Z,"{""command"": ""cron"", ""command_line"": ""/usr/sbin/cron -f"", ""owner"": ""root"", ""pid"": ""393"", ""process"": ""all"", ""resource_instance_id"": ""8057035535632679842"", ""resource_project_id"": ""proyecto-2-cloud-509714"", ""resource_type"": ""gce_instance"", ""resource_zone"": ""us-central1-a"", ""vm"": ""8057035535632679842""}",4124672
2026-09-27T02:36:59.739994Z,"{""command"": ""cron"", ""command_line"": ""/usr/sbin/cron -f"", ""owner"": ""root"", ""pid"": ""393"", ""process"": ""all"", ""resource_instance_id"": ""8057035535632679842"", ""resource_project_id"": ""proyecto-2-cloud-509714"", ""resource_type"": ""gce_instance"", ""resource_zone"": ""us-central1-a"", ""vm"": ""8057035535632679842""}",4124672
2026-09-27T02:36:29.735198Z,"{""command"": ""cron"", ""command_line"": ""/usr/sbin/cron -f"", ""owner"": ""root"", ""pid"": ""393"", ""process"": ""all"", ""resource_instance_id"": ""8057035535632679842"", ""resource_project_id"": ""proyecto-2-cloud-509714"", ""resource_type"": ""gce_instance"", ""resource_zone"": ""us-central1-a"", ""vm"": ""8057035535632679842""}",4124672
2026-09-27T02:35:59.727716Z,"{""command"": ""cron"", ""command_line"": ""/usr/sbin/cron -f"", ""owner"": ""root"", ""pid"": ""393"", ""process"": ""all"", ""resource_instance_id"": ""8057035535632679842"", ""resource_project_id"": ""proyecto-2-cloud-509714"", ""resource_type"": ""gce_instance"", ""resource_zone"": ""us-central1-a"", ""vm"": ""8057035535632679842""}",4124672
2026-09-27T02:35:29.726027Z,"{""command"": ""cron"", ""command_line"": ""/usr/sbin/cron -f"", ""owner"": ""root"", ""pid"": ""393"", ""process"": ""all"", ""resource_instance_id"": ""8057035535632679842"", ""resource_project_id"": ""proyecto-2-cloud-509714"", ""resource_type"": ""gce_instance"", ""resource_zone"": ""us-central1-a"", ""vm"": ""8057035535632679842""}",4124672
2026-09-27T02:34:59.731271Z,"{""command"": ""cron"", ""command_line"": ""/usr/sbin/cron -f"", ""owner"": ""root"", ""pid"": ""393"", ""process"": ""all"", ""resource_instance_id"": ""8057035535632679842"", ""resource_project_id"": ""proyecto-2-cloud-509714"", ""resource_type"": ""gce_instance"", ""resource_zone"": ""us-central1-a"", ""vm"": ""8057035535632679842""}",4124672
2026-09-27T02:34:29.731072Z,"{""command"": ""cron"", ""command_line"": ""/usr/sbin/cron -f"", ""owner"": ""root"", ""pid"": ""393"", ""process"": ""all"", ""resource_instance_id"": ""8057035535632679842"", ""resource_project_id"": ""proyecto-2-cloud-509714"", ""resource_type"": ""gce_instance"", ""resource_zone"": ""us-central1-a"", ""vm"": ""8057035535632679842""}",4124672
2026-09-27T02:33:59.737640Z,"{""command"": ""cron"", ""command_line"": ""/usr/sbin/cron -f"", ""owner"": ""root"", ""pid"": ""393"", ""process"": ""all"", ""resource_instance_id"": ""8057035535632679842"", ""resource_project_id"": ""proyecto-2-cloud-509714"", ""resource_type"": ""gce_instance"", ""resource_zone"": ""us-central1-a"", ""vm"": ""8057035535632679842""}",4124672
2026-09-27T02:33:29.726851Z,"{""command"": ""cron"", ""command_line"": ""/usr/sbin/cron -f"", ""owner"": ""root"", ""pid"": ""393"", ""process"": ""all"", ""resource_instance_id"": ""8057035535632679842"", ""resource_project_id"": ""proyecto-2-cloud-509714"", ""resource_type"": ""gce_instance"", ""resource_zone"": ""us-central1-a"", ""vm"": ""8057035535632679842""}",4124672
2026-09-27T02:32:59.744165Z,"{""command"": ""cron"", ""command_line"": ""/usr/sbin/cron -f"", ""owner"": ""root"", ""pid"": ""393"", ""process"": ""all"", ""resource_instance_id"": ""8057035535632679842"", ""resource_project_id"": ""proyecto-2-cloud-509714"", ""resource_type"": ""gce_instance"", ""resource_zone"": ""us-central1-a"", ""vm"": ""8057035535632679842""}",4124672
2026-09-27T02:32:29.735558Z,"{""command"": ""cron"", ""command_line"": ""/usr/sbin/cron -f"", ""owner"": ""root"", ""pid"": ""393"", ""process"": ""all"", ""resource_instance_id"": ""8057035535632679842"", ""resource_project_id"": ""proyecto-2-cloud-509714"", ""resource_type"": ""gce_instance"", ""resource_zone"": ""us-central1-a"", ""vm"": ""8057035535632679842""}",4124672
2026-09-27T02:31:59.735503Z,"{""command"": ""cron"", ""command_line"": ""/usr/sbin/cron -f"", ""owner"": ""root"", ""pid"": ""393"", ""process"": ""all"", ""resource_instance_id"": ""8057035535632679842"", ""resource_project_id"": ""proyecto-2-cloud-509714"", ""resource_type"": ""gce_instance"", ""resource_zone"": ""us-central1-a"", ""vm"": ""8057035535632679842""}",4124672
2026-09-27T02:31:29.729835Z,"{""command"": ""cron"", ""command_line"": ""/usr/sbin/cron -f"", ""owner"": ""root"", ""pid"": ""393"", ""process"": ""all"", ""resource_instance_id"": ""8057035535632679842"", ""resource_project_id"": ""proyecto-2-cloud-509714"", ""resource_type"": ""gce_instance"", ""resource_zone"": ""us-central1-a"", ""vm"": ""8057035535632679842""}",4124672
2026-09-27T02:30:59.746318Z,"{""command"": ""cron"", ""command_line"": ""/usr/sbin/cron -f"", ""owner"": ""root"", ""pid"": ""393"", ""process"": ""all"", ""resource_instance_id"": ""8057035535632679842"", ""resource_project_id"": ""proyecto-2-cloud-509714"", ""resource_type"": ""gce_instance"", ""resource_zone"": ""us-central1-a"", ""vm"": ""8057035535632679842""}",4124672
2026-09-27T02:30:29.740658Z,"{""command"": ""cron"", ""command_line"": ""/usr/sbin/cron -f"", ""owner"": ""root"", ""pid"": ""393"", ""process"": ""all"", ""resource_instance_id"": ""8057035535632679842"", ""resource_project_id"": ""proyecto-2-cloud-509714"", ""resource_type"": ""gce_instance"", ""resource_zone"": ""us-central1-a"", ""vm"": ""8057035535632679842""}",4124672
2026-09-27T02:30:22.327244Z,"{""command"": ""cron"", ""command_line"": ""/usr/sbin/cron -f"", ""owner"": ""root"", ""pid"": ""393"", ""process"": ""all"", ""resource_instance_id"": ""8057035535632679842"", ""resource_project_id"": ""proyecto-2-cloud-509714"", ""resource_type"": ""gce_instance"", ""resource_zone"": ""us-central1-a"", ""vm"": ""8057035535632679842""}",4124672
2026-09-27T02:49:59.739132Z,"{""command"": ""cryptd"", ""command_line"": """", ""owner"": ""root"", ""pid"": ""272"", ""process"": ""all"", ""resource_instance_id"": ""8057035535632679842"", ""resource_project_id"": ""proyecto-2-cloud-509714"", ""resource_type"": ""gce_instance"", ""resource_zone"": ""us-central1-a"", ""vm"": ""8057035535632679842""}",0
2026-09-27T02:49:29.735297Z,"{""command"": ""cryptd"", ""command_line"": """", ""owner"": ""root"", ""pid"": ""272"", ""process"": ""all"", ""resource_instance_id"": ""8057035535632679842"", ""resource_project_id"": ""proyecto-2-cloud-509714"", ""resource_type"": ""gce_instance"", ""resource_zone"": ""us-central1-a"", ""vm"": ""8057035535632679842""}",0
2026-09-27T02:48:59.730307Z,"{""command"": ""cryptd"", ""command_line"": """", ""owner"": ""root"", ""pid"": ""272"", ""process"": ""all"", ""resource_instance_id"": ""8057035535632679842"", ""resource_project_id"": ""proyecto-2-cloud-509714"", ""resource_type"": ""gce_instance"", ""resource_zone"": ""us-central1-a"", ""vm"": ""8057035535632679842""}",0
2026-09-27T02:48:29.737135Z,"{""command"": ""cryptd"", ""command_line"": """", ""owner"": ""root"", ""pid"": ""272"", ""process"": ""all"", ""resource_instance_id"": ""8057035535632679842"", ""resource_project_id"": ""proyecto-2-cloud-509714"", ""resource_type"": ""gce_instance"", ""resource_zone"": ""us-central1-a"", ""vm"": ""8057035535632679842""}",0
2026-09-27T02:47:59.734831Z,"{""command"": ""cryptd"", ""command_line"": """", ""owner"": ""root"", ""pid"": ""272"", ""process"": ""all"", ""resource_instance_id"": ""8057035535632679842"", ""resource_project_id"": ""proyecto-2-cloud-509714"", ""resource_type"": ""gce_instance"", ""resource_zone"": ""us-central1-a"", ""vm"": ""8057035535632679842""}",0
2026-09-27T02:47:29.731971Z,"{""command"": ""cryptd"", ""command_line"": """", ""owner"": ""root"", ""pid"": ""272"", ""process"": ""all"", ""resource_instance_id"": ""8057035535632679842"", ""resource_project_id"": ""proyecto-2-cloud-509714"", ""resource_type"": ""gce_instance"", ""resource_zone"": ""us-central1-a"", ""vm"": ""8057035535632679842""}",0
2026-09-27T02:46:59.742600Z,"{""command"": ""cryptd"", ""command_line"": """", ""owner"": ""root"", ""pid"": ""272"", ""process"": ""all"", ""resource_instance_id"": ""8057035535632679842"", ""resource_project_id"": ""proyecto-2-cloud-509714"", ""resource_type"": ""gce_instance"", ""resource_zone"": ""us-central1-a"", ""vm"": ""8057035535632679842""}",0
2026-09-27T02:46:29.737029Z,"{""command"": ""cryptd"", ""command_line"": """", ""owner"": ""root"", ""pid"": ""272"", ""process"": ""all"", ""resource_instance_id"": ""8057035535632679842"", ""resource_project_id"": ""proyecto-2-cloud-509714"", ""resource_type"": ""gce_instance"", ""resource_zone"": ""us-central1-a"", ""vm"": ""8057035535632679842""}",0
2026-09-27T02:45:59.731175Z,"{""command"": ""cryptd"", ""command_line"": """", ""owner"": ""root"", ""pid"": ""272"", ""process"": ""all"", ""resource_instance_id"": ""8057035535632679842"", ""resource_project_id"": ""proyecto-2-cloud-509714"", ""resource_type"": ""gce_instance"", ""resource_zone"": ""us-central1-a"", ""vm"": ""8057035535632679842""}",0
2026-09-27T02:45:29.736953Z,"{""command"": ""cryptd"", ""command_line"": """", ""owner"": ""root"", ""pid"": ""272"", ""process"": ""all"", ""resource_instance_id"": ""8057035535632679842"", ""resource_project_id"": ""proyecto-2-cloud-509714"", ""resource_type"": ""gce_instance"", ""resource_zone"": ""us-central1-a"", ""vm"": ""8057035535632679842""}",0
2026-09-27T02:44:59.742405Z,"{""command"": ""cryptd"", ""command_line"": """", ""owner"": ""root"", ""pid"": ""272"", ""process"": ""all"", ""resource_instance_id"": ""8057035535632679842"", ""resource_project_id"": ""proyecto-2-cloud-509714"", ""resource_type"": ""gce_instance"", ""resource_zone"": ""us-central1-a"", ""vm"": ""8057035535632679842""}",0
2026-09-27T02:44:29.739517Z,"{""command"": ""cryptd"", ""command_line"": """", ""owner"": ""root"", ""pid"": ""272"", ""process"": ""all"", ""resource_instance_id"": ""8057035535632679842"", ""resource_project_id"": ""proyecto-2-cloud-509714"", ""resource_type"": ""gce_instance"", ""resource_zone"": ""us-central1-a"", ""vm"": ""8057035535632679842""}",0
2026-09-27T02:43:59.741169Z,"{""command"": ""cryptd"", ""command_line"": """", ""owner"": ""root"", ""pid"": ""272"", ""process"": ""all"", ""resource_instance_id"": ""8057035535632679842"", ""resource_project_id"": ""proyecto-2-cloud-509714"", ""resource_type"": ""gce_instance"", ""resource_zone"": ""us-central1-a"", ""vm"": ""8057035535632679842""}",0
2026-09-27T02:43:29.741797Z,"{""command"": ""cryptd"", ""command_line"": """", ""owner"": ""root"", ""pid"": ""272"", ""process"": ""all"", ""resource_instance_id"": ""8057035535632679842"", ""resource_project_id"": ""proyecto-2-cloud-509714"", ""resource_type"": ""gce_instance"", ""resource_zone"": ""us-central1-a"", ""vm"": ""8057035535632679842""}",0
2026-09-27T02:42:59.735636Z,"{""command"": ""cryptd"", ""command_line"": """", ""owner"": ""root"", ""pid"": ""272"", ""process"": ""all"", ""resource_instance_id"": ""8057035535632679842"", ""resource_project_id"": ""proyecto-2-cloud-509714"", ""resource_type"": ""gce_instance"", ""resource_zone"": ""us-central1-a"", ""vm"": ""8057035535632679842""}",0
2026-09-27T02:42:29.761552Z,"{""command"": ""cryptd"", ""command_line"": """", ""owner"": ""root"", ""pid"": ""272"", ""process"": ""all"", ""resource_instance_id"": ""8057035535632679842"", ""resource_project_id"": ""proyecto-2-cloud-509714"", ""resource_type"": ""gce_instance"", ""resource_zone"": ""us-central1-a"", ""vm"": ""8057035535632679842""}",0
2026-09-27T02:41:59.739038Z,"{""command"": ""cryptd"", ""command_line"": """", ""owner"": ""root"", ""pid"": ""272"", ""process"": ""all"", ""resource_instance_id"": ""8057035535632679842"", ""resource_project_id"": ""proyecto-2-cloud-509714"", ""resource_type"": ""gce_instance"", ""resource_zone"": ""us-central1-a"", ""vm"": ""8057035535632679842""}",0
2026-09-27T02:41:29.742668Z,"{""command"": ""cryptd"", ""command_line"": """", ""owner"": ""root"", ""pid"": ""272"", ""process"": ""all"", ""resource_instance_id"": ""8057035535632679842"", ""resource_project_id"": ""proyecto-2-cloud-509714"", ""resource_type"": ""gce_instance"", ""resource_zone"": ""us-central1-a"", ""vm"": ""8057035535632679842""}",0
2026-09-27T02:40:59.730230Z,"{""command"": ""cryptd"", ""command_line"": """", ""owner"": ""root"", ""pid"": ""272"", ""process"": ""all"", ""resource_instance_id"": ""8057035535632679842"", ""resource_project_id"": ""proyecto-2-cloud-509714"", ""resource_type"": ""gce_instance"", ""resource_zone"": ""us-central1-a"", ""vm"": ""8057035535632679842""}",0
2026-09-27T02:40:29.728655Z,"{""command"": ""cryptd"", ""command_line"": """", ""owner"": ""root"", ""pid"": ""272"", ""process"": ""all"", ""resource_instance_id"": ""8057035535632679842"", ""resource_project_id"": ""proyecto-2-cloud-509714"", ""resource_type"": ""gce_instance"", ""resource_zone"": ""us-central1-a"", ""vm"": ""8057035535632679842""}",0
2026-09-27T02:39:59.735766Z,"{""command"": ""cryptd"", ""command_line"": """", ""owner"": ""root"", ""pid"": ""272"", ""process"": ""all"", ""resource_instance_id"": ""8057035535632679842"", ""resource_project_id"": ""proyecto-2-cloud-509714"", ""resource_type"": ""gce_instance"", ""resource_zone"": ""us-central1-a"", ""vm"": ""8057035535632679842""}",0
2026-09-27T02:39:29.730218Z,"{""command"": ""cryptd"", ""command_line"": """", ""owner"": ""root"", ""pid"": ""272"", ""process"": ""all"", ""resource_instance_id"": ""8057035535632679842"", ""resource_project_id"": ""proyecto-2-cloud-509714"", ""resource_type"": ""gce_instance"", ""resource_zone"": ""us-central1-a"", ""vm"": ""8057035535632679842""}",0
2026-09-27T02:38:59.735879Z,"{""command"": ""cryptd"", ""command_line"": """", ""owner"": ""root"", ""pid"": ""272"", ""process"": ""all"", ""resource_instance_id"": ""8057035535632679842"", ""resource_project_id"": ""proyecto-2-cloud-509714"", ""resource_type"": ""gce_instance"", ""resource_zone"": ""us-central1-a"", ""vm"": ""8057035535632679842""}",0
2026-09-27T02:38:29.727588Z,"{""command"": ""cryptd"", ""command_line"": """", ""owner"": ""root"", ""pid"": ""272"", ""process"": ""all"", ""resource_instance_id"": ""8057035535632679842"", ""resource_project_id"": ""proyecto-2-cloud-509714"", ""resource_type"": ""gce_instance"", ""resource_zone"": ""us-central1-a"", ""vm"": ""8057035535632679842""}",0
2026-09-27T02:37:59.738073Z,"{""command"": ""cryptd"", ""command_line"": """", ""owner"": ""root"", ""pid"": ""272"", ""process"": ""all"", ""resource_instance_id"": ""8057035535632679842"", ""resource_project_id"": ""proyecto-2-cloud-509714"", ""resource_type"": ""gce_instance"", ""resource_zone"": ""us-central1-a"", ""vm"": ""8057035535632679842""}",0
2026-09-27T02:37:29.732312Z,"{""command"": ""cryptd"", ""command_line"": """", ""owner"": ""root"", ""pid"": ""272"", ""process"": ""all"", ""resource_instance_id"": ""8057035535632679842"", ""resource_project_id"": ""proyecto-2-cloud-509714"", ""resource_type"": ""gce_instance"", ""resource_zone"": ""us-central1-a"", ""vm"": ""8057035535632679842""}",0
2026-09-27T02:36:59.739623Z,"{""command"": ""cryptd"", ""command_line"": """", ""owner"": ""root"", ""pid"": ""272"", ""process"": ""all"", ""resource_instance_id"": ""8057035535632679842"", ""resource_project_id"": ""proyecto-2-cloud-509714"", ""resource_type"": ""gce_instance"", ""resource_zone"": ""us-central1-a"", ""vm"": ""8057035535632679842""}",0
2026-09-27T02:36:29.734779Z,"{""command"": ""cryptd"", ""command_line"": """", ""owner"": ""root"", ""pid"": ""272"", ""process"": ""all"", ""resource_instance_id"": ""8057035535632679842"", ""resource_project_id"": ""proyecto-2-cloud-509714"", ""resource_type"": ""gce_instance"", ""resource_zone"": ""us-central1-a"", ""vm"": ""8057035535632679842""}",0
2026-09-27T02:35:59.727405Z,"{""command"": ""cryptd"", ""command_line"": """", ""owner"": ""root"", ""pid"": ""272"", ""process"": ""all"", ""resource_instance_id"": ""8057035535632679842"", ""resource_project_id"": ""proyecto-2-cloud-509714"", ""resource_type"": ""gce_instance"", ""resource_zone"": ""us-central1-a"", ""vm"": ""8057035535632679842""}",0
2026-09-27T02:35:29.725800Z,"{""command"": ""cryptd"", ""command_line"": """", ""owner"": ""root"", ""pid"": ""272"", ""process"": ""all"", ""resource_instance_id"": ""8057035535632679842"", ""resource_project_id"": ""proyecto-2-cloud-509714"", ""resource_type"": ""gce_instance"", ""resource_zone"": ""us-central1-a"", ""vm"": ""8057035535632679842""}",0
2026-09-27T02:34:59.730986Z,"{""command"": ""cryptd"", ""command_line"": """", ""owner"": ""root"", ""pid"": ""272"", ""process"": ""all"", ""resource_instance_id"": ""8057035535632679842"", ""resource_project_id"": ""proyecto-2-cloud-509714"", ""resource_type"": ""gce_instance"", ""resource_zone"": ""us-central1-a"", ""vm"": ""8057035535632679842""}",0
2026-09-27T02:34:29.730342Z,"{""command"": ""cryptd"", ""command_line"": """", ""owner"": ""root"", ""pid"": ""272"", ""process"": ""all"", ""resource_instance_id"": ""8057035535632679842"", ""resource_project_id"": ""proyecto-2-cloud-509714"", ""resource_type"": ""gce_instance"", ""resource_zone"": ""us-central1-a"", ""vm"": ""8057035535632679842""}",0
2026-09-27T02:33:59.737398Z,"{""command"": ""cryptd"", ""command_line"": """", ""owner"": ""root"", ""pid"": ""272"", ""process"": ""all"", ""resource_instance_id"": ""8057035535632679842"", ""resource_project_id"": ""proyecto-2-cloud-509714"", ""resource_type"": ""gce_instance"", ""resource_zone"": ""us-central1-a"", ""vm"": ""8057035535632679842""}",0
2026-09-27T02:33:29.726620Z,"{""command"": ""cryptd"", ""command_line"": """", ""owner"": ""root"", ""pid"": ""272"", ""process"": ""all"", ""resource_instance_id"": ""8057035535632679842"", ""resource_project_id"": ""proyecto-2-cloud-509714"", ""resource_type"": ""gce_instance"", ""resource_zone"": ""us-central1-a"", ""vm"": ""8057035535632679842""}",0
2026-09-27T02:32:59.743865Z,"{""command"": ""cryptd"", ""command_line"": """", ""owner"": ""root"", ""pid"": ""272"", ""process"": ""all"", ""resource_instance_id"": ""8057035535632679842"", ""resource_project_id"": ""proyecto-2-cloud-509714"", ""resource_type"": ""gce_instance"", ""resource_zone"": ""us-central1-a"", ""vm"": ""8057035535632679842""}",0
2026-09-27T02:32:29.735307Z,"{""command"": ""cryptd"", ""command_line"": """", ""owner"": ""root"", ""pid"": ""272"", ""process"": ""all"", ""resource_instance_id"": ""8057035535632679842"", ""resource_project_id"": ""proyecto-2-cloud-509714"", ""resource_type"": ""gce_instance"", ""resource_zone"": ""us-central1-a"", ""vm"": ""8057035535632679842""}",0
2026-09-27T02:31:59.735281Z,"{""command"": ""cryptd"", ""command_line"": """", ""owner"": ""root"", ""pid"": ""272"", ""process"": ""all"", ""resource_instance_id"": ""8057035535632679842"", ""resource_project_id"": ""proyecto-2-cloud-509714"", ""resource_type"": ""gce_instance"", ""resource_zone"": ""us-central1-a"", ""vm"": ""8057035535632679842""}",0
2026-09-27T02:31:29.729625Z,"{""command"": ""cryptd"", ""command_line"": """", ""owner"": ""root"", ""pid"": ""272"", ""process"": ""all"", ""resource_instance_id"": ""8057035535632679842"", ""resource_project_id"": ""proyecto-2-cloud-509714"", ""resource_type"": ""gce_instance"", ""resource_zone"": ""us-central1-a"", ""vm"": ""8057035535632679842""}",0
2026-09-27T02:30:59.745969Z,"{""command"": ""cryptd"", ""command_line"": """", ""owner"": ""root"", ""pid"": ""272"", ""process"": ""all"", ""resource_instance_id"": ""8057035535632679842"", ""resource_project_id"": ""proyecto-2-cloud-509714"", ""resource_type"": ""gce_instance"", ""resource_zone"": ""us-central1-a"", ""vm"": ""8057035535632679842""}",0
2026-09-27T02:30:29.740400Z,"{""command"": ""cryptd"", ""command_line"": """", ""owner"": ""root"", ""pid"": ""272"", ""process"": ""all"", ""resource_instance_id"": ""8057035535632679842"", ""resource_project_id"": ""proyecto-2-cloud-509714"", ""resource_type"": ""gce_instance"", ""resource_zone"": ""us-central1-a"", ""vm"": ""8057035535632679842""}",0
2026-09-27T02:30:22.326992Z,"{""command"": ""cryptd"", ""command_line"": """", ""owner"": ""root"", ""pid"": ""272"", ""process"": ""all"", ""resource_instance_id"": ""8057035535632679842"", ""resource_project_id"": ""proyecto-2-cloud-509714"", ""resource_type"": ""gce_instance"", ""resource_zone"": ""us-central1-a"", ""vm"": ""8057035535632679842""}",0
2026-09-27T02:49:59.739842Z,"{""command"": ""dbus-daemon"", ""command_line"": ""/usr/bin/dbus-daemon --system --address=systemd: --nofork --nopidfile --systemd-activation --syslog-only"", ""owner"": ""messagebus"", ""pid"": ""394"", ""process"": ""all"", ""resource_instance_id"": ""8057035535632679842"", ""resource_project_id"": ""proyecto-2-cloud-509714"", ""resource_type"": ""gce_instance"", ""resource_zone"": ""us-central1-a"", ""vm"": ""8057035535632679842""}",8269824
2026-09-27T02:49:29.735614Z,"{""command"": ""dbus-daemon"", ""command_line"": ""/usr/bin/dbus-daemon --system --address=systemd: --nofork --nopidfile --systemd-activation --syslog-only"", ""owner"": ""messagebus"", ""pid"": ""394"", ""process"": ""all"", ""resource_instance_id"": ""8057035535632679842"", ""resource_project_id"": ""proyecto-2-cloud-509714"", ""resource_type"": ""gce_instance"", ""resource_zone"": ""us-central1-a"", ""vm"": ""8057035535632679842""}",8269824
2026-09-27T02:48:59.730990Z,"{""command"": ""dbus-daemon"", ""command_line"": ""/usr/bin/dbus-daemon --system --address=systemd: --nofork --nopidfile --systemd-activation --syslog-only"", ""owner"": ""messagebus"", ""pid"": ""394"", ""process"": ""all"", ""resource_instance_id"": ""8057035535632679842"", ""resource_project_id"": ""proyecto-2-cloud-509714"", ""resource_type"": ""gce_instance"", ""resource_zone"": ""us-central1-a"", ""vm"": ""8057035535632679842""}",8269824
2026-09-27T02:48:29.737474Z,"{""command"": ""dbus-daemon"", ""command_line"": ""/usr/bin/dbus-daemon --system --address=systemd: --nofork --nopidfile --systemd-activation --syslog-only"", ""owner"": ""messagebus"", ""pid"": ""394"", ""process"": ""all"", ""resource_instance_id"": ""8057035535632679842"", ""resource_project_id"": ""proyecto-2-cloud-509714"", ""resource_type"": ""gce_instance"", ""resource_zone"": ""us-central1-a"", ""vm"": ""8057035535632679842""}",8269824
2026-09-27T02:47:59.735150Z,"{""command"": ""dbus-daemon"", ""command_line"": ""/usr/bin/dbus-daemon --system --address=systemd: --nofork --nopidfile --systemd-activation --syslog-only"", ""owner"": ""messagebus"", ""pid"": ""394"", ""process"": ""all"", ""resource_instance_id"": ""8057035535632679842"", ""resource_project_id"": ""proyecto-2-cloud-509714"", ""resource_type"": ""gce_instance"", ""resource_zone"": ""us-central1-a"", ""vm"": ""8057035535632679842""}",8269824
2026-09-27T02:47:29.732303Z,"{""command"": ""dbus-daemon"", ""command_line"": ""/usr/bin/dbus-daemon --system --address=systemd: --nofork --nopidfile --systemd-activation --syslog-only"", ""owner"": ""messagebus"", ""pid"": ""394"", ""process"": ""all"", ""resource_instance_id"": ""8057035535632679842"", ""resource_project_id"": ""proyecto-2-cloud-509714"", ""resource_type"": ""gce_instance"", ""resource_zone"": ""us-central1-a"", ""vm"": ""8057035535632679842""}",8269824
2026-09-27T02:46:59.743016Z,"{""command"": ""dbus-daemon"", ""command_line"": ""/usr/bin/dbus-daemon --system --address=systemd: --nofork --nopidfile --systemd-activation --syslog-only"", ""owner"": ""messagebus"", ""pid"": ""394"", ""process"": ""all"", ""resource_instance_id"": ""8057035535632679842"", ""resource_project_id"": ""proyecto-2-cloud-509714"", ""resource_type"": ""gce_instance"", ""resource_zone"": ""us-central1-a"", ""vm"": ""8057035535632679842""}",8269824
2026-09-27T02:46:29.737469Z,"{""command"": ""dbus-daemon"", ""command_line"": ""/usr/bin/dbus-daemon --system --address=systemd: --nofork --nopidfile --systemd-activation --syslog-only"", ""owner"": ""messagebus"", ""pid"": ""394"", ""process"": ""all"", ""resource_instance_id"": ""8057035535632679842"", ""resource_project_id"": ""proyecto-2-cloud-509714"", ""resource_type"": ""gce_instance"", ""resource_zone"": ""us-central1-a"", ""vm"": ""8057035535632679842""}",8269824
2026-09-27T02:45:59.731445Z,"{""command"": ""dbus-daemon"", ""command_line"": ""/usr/bin/dbus-daemon --system --address=systemd: --nofork --nopidfile --systemd-activation --syslog-only"", ""owner"": ""messagebus"", ""pid"": ""394"", ""process"": ""all"", ""resource_instance_id"": ""8057035535632679842"", ""resource_project_id"": ""proyecto-2-cloud-509714"", ""resource_type"": ""gce_instance"", ""resource_zone"": ""us-central1-a"", ""vm"": ""8057035535632679842""}",8269824
2026-09-27T02:45:29.737214Z,"{""command"": ""dbus-daemon"", ""command_line"": ""/usr/bin/dbus-daemon --system --address=systemd: --nofork --nopidfile --systemd-activation --syslog-only"", ""owner"": ""messagebus"", ""pid"": ""394"", ""process"": ""all"", ""resource_instance_id"": ""8057035535632679842"", ""resource_project_id"": ""proyecto-2-cloud-509714"", ""resource_type"": ""gce_instance"", ""resource_zone"": ""us-central1-a"", ""vm"": ""8057035535632679842""}",8269824
2026-09-27T02:44:59.742950Z,"{""command"": ""dbus-daemon"", ""command_line"": ""/usr/bin/dbus-daemon --system --address=systemd: --nofork --nopidfile --systemd-activation --syslog-only"", ""owner"": ""messagebus"", ""pid"": ""394"", ""process"": ""all"", ""resource_instance_id"": ""8057035535632679842"", ""resource_project_id"": ""proyecto-2-cloud-509714"", ""resource_type"": ""gce_instance"", ""resource_zone"": ""us-central1-a"", ""vm"": ""8057035535632679842""}",8269824
2026-09-27T02:44:29.739810Z,"{""command"": ""dbus-daemon"", ""command_line"": ""/usr/bin/dbus-daemon --system --address=systemd: --nofork --nopidfile --systemd-activation --syslog-only"", ""owner"": ""messagebus"", ""pid"": ""394"", ""process"": ""all"", ""resource_instance_id"": ""8057035535632679842"", ""resource_project_id"": ""proyecto-2-cloud-509714"", ""resource_type"": ""gce_instance"", ""resource_zone"": ""us-central1-a"", ""vm"": ""8057035535632679842""}",8269824
2026-09-27T02:43:59.741476Z,"{""command"": ""dbus-daemon"", ""command_line"": ""/usr/bin/dbus-daemon --system --address=systemd: --nofork --nopidfile --systemd-activation --syslog-only"", ""owner"": ""messagebus"", ""pid"": ""394"", ""process"": ""all"", ""resource_instance_id"": ""8057035535632679842"", ""resource_project_id"": ""proyecto-2-cloud-509714"", ""resource_type"": ""gce_instance"", ""resource_zone"": ""us-central1-a"", ""vm"": ""8057035535632679842""}",8269824
2026-09-27T02:43:29.742098Z,"{""command"": ""dbus-daemon"", ""command_line"": ""/usr/bin/dbus-daemon --system --address=systemd: --nofork --nopidfile --systemd-activation --syslog-only"", ""owner"": ""messagebus"", ""pid"": ""394"", ""process"": ""all"", ""resource_instance_id"": ""8057035535632679842"", ""resource_project_id"": ""proyecto-2-cloud-509714"", ""resource_type"": ""gce_instance"", ""resource_zone"": ""us-central1-a"", ""vm"": ""8057035535632679842""}",8269824
2026-09-27T02:42:59.735932Z,"{""command"": ""dbus-daemon"", ""command_line"": ""/usr/bin/dbus-daemon --system --address=systemd: --nofork --nopidfile --systemd-activation --syslog-only"", ""owner"": ""messagebus"", ""pid"": ""394"", ""process"": ""all"", ""resource_instance_id"": ""8057035535632679842"", ""resource_project_id"": ""proyecto-2-cloud-509714"", ""resource_type"": ""gce_instance"", ""resource_zone"": ""us-central1-a"", ""vm"": ""8057035535632679842""}",8269824
2026-09-27T02:42:29.761858Z,"{""command"": ""dbus-daemon"", ""command_line"": ""/usr/bin/dbus-daemon --system --address=systemd: --nofork --nopidfile --systemd-activation --syslog-only"", ""owner"": ""messagebus"", ""pid"": ""394"", ""process"": ""all"", ""resource_instance_id"": ""8057035535632679842"", ""resource_project_id"": ""proyecto-2-cloud-509714"", ""resource_type"": ""gce_instance"", ""resource_zone"": ""us-central1-a"", ""vm"": ""8057035535632679842""}",8269824
2026-09-27T02:41:59.739370Z,"{""command"": ""dbus-daemon"", ""command_line"": ""/usr/bin/dbus-daemon --system --address=systemd: --nofork --nopidfile --systemd-activation --syslog-only"", ""owner"": ""messagebus"", ""pid"": ""394"", ""process"": ""all"", ""resource_instance_id"": ""8057035535632679842"", ""resource_project_id"": ""proyecto-2-cloud-509714"", ""resource_type"": ""gce_instance"", ""resource_zone"": ""us-central1-a"", ""vm"": ""8057035535632679842""}",8269824
2026-09-27T02:41:29.742959Z,"{""command"": ""dbus-daemon"", ""command_line"": ""/usr/bin/dbus-daemon --system --address=systemd: --nofork --nopidfile --systemd-activation --syslog-only"", ""owner"": ""messagebus"", ""pid"": ""394"", ""process"": ""all"", ""resource_instance_id"": ""8057035535632679842"", ""resource_project_id"": ""proyecto-2-cloud-509714"", ""resource_type"": ""gce_instance"", ""resource_zone"": ""us-central1-a"", ""vm"": ""8057035535632679842""}",8269824
2026-09-27T02:40:59.730501Z,"{""command"": ""dbus-daemon"", ""command_line"": ""/usr/bin/dbus-daemon --system --address=systemd: --nofork --nopidfile --systemd-activation --syslog-only"", ""owner"": ""messagebus"", ""pid"": ""394"", ""process"": ""all"", ""resource_instance_id"": ""8057035535632679842"", ""resource_project_id"": ""proyecto-2-cloud-509714"", ""resource_type"": ""gce_instance"", ""resource_zone"": ""us-central1-a"", ""vm"": ""8057035535632679842""}",8269824
2026-09-27T02:40:29.728936Z,"{""command"": ""dbus-daemon"", ""command_line"": ""/usr/bin/dbus-daemon --system --address=systemd: --nofork --nopidfile --systemd-activation --syslog-only"", ""owner"": ""messagebus"", ""pid"": ""394"", ""process"": ""all"", ""resource_instance_id"": ""8057035535632679842"", ""resource_project_id"": ""proyecto-2-cloud-509714"", ""resource_type"": ""gce_instance"", ""resource_zone"": ""us-central1-a"", ""vm"": ""8057035535632679842""}",8269824
2026-09-27T02:39:59.736303Z,"{""command"": ""dbus-daemon"", ""command_line"": ""/usr/bin/dbus-daemon --system --address=systemd: --nofork --nopidfile --systemd-activation --syslog-only"", ""owner"": ""messagebus"", ""pid"": ""394"", ""process"": ""all"", ""resource_instance_id"": ""8057035535632679842"", ""resource_project_id"": ""proyecto-2-cloud-509714"", ""resource_type"": ""gce_instance"", ""resource_zone"": ""us-central1-a"", ""vm"": ""8057035535632679842""}",8269824
2026-09-27T02:39:29.730494Z,"{""command"": ""dbus-daemon"", ""command_line"": ""/usr/bin/dbus-daemon --system --address=systemd: --nofork --nopidfile --systemd-activation --syslog-only"", ""owner"": ""messagebus"", ""pid"": ""394"", ""process"": ""all"", ""resource_instance_id"": ""8057035535632679842"", ""resource_project_id"": ""proyecto-2-cloud-509714"", ""resource_type"": ""gce_instance"", ""resource_zone"": ""us-central1-a"", ""vm"": ""8057035535632679842""}",8269824
2026-09-27T02:38:59.736363Z,"{""command"": ""dbus-daemon"", ""command_line"": ""/usr/bin/dbus-daemon --system --address=systemd: --nofork --nopidfile --systemd-activation --syslog-only"", ""owner"": ""messagebus"", ""pid"": ""394"", ""process"": ""all"", ""resource_instance_id"": ""8057035535632679842"", ""resource_project_id"": ""proyecto-2-cloud-509714"", ""resource_type"": ""gce_instance"", ""resource_zone"": ""us-central1-a"", ""vm"": ""8057035535632679842""}",8269824
2026-09-27T02:38:29.727901Z,"{""command"": ""dbus-daemon"", ""command_line"": ""/usr/bin/dbus-daemon --system --address=systemd: --nofork --nopidfile --systemd-activation --syslog-only"", ""owner"": ""messagebus"", ""pid"": ""394"", ""process"": ""all"", ""resource_instance_id"": ""8057035535632679842"", ""resource_project_id"": ""proyecto-2-cloud-509714"", ""resource_type"": ""gce_instance"", ""resource_zone"": ""us-central1-a"", ""vm"": ""8057035535632679842""}",8269824
2026-09-27T02:37:59.738366Z,"{""command"": ""dbus-daemon"", ""command_line"": ""/usr/bin/dbus-daemon --system --address=systemd: --nofork --nopidfile --systemd-activation --syslog-only"", ""owner"": ""messagebus"", ""pid"": ""394"", ""process"": ""all"", ""resource_instance_id"": ""8057035535632679842"", ""resource_project_id"": ""proyecto-2-cloud-509714"", ""resource_type"": ""gce_instance"", ""resource_zone"": ""us-central1-a"", ""vm"": ""8057035535632679842""}",8269824
2026-09-27T02:37:29.732654Z,"{""command"": ""dbus-daemon"", ""command_line"": ""/usr/bin/dbus-daemon --system --address=systemd: --nofork --nopidfile --systemd-activation --syslog-only"", ""owner"": ""messagebus"", ""pid"": ""394"", ""process"": ""all"", ""resource_instance_id"": ""8057035535632679842"", ""resource_project_id"": ""proyecto-2-cloud-509714"", ""resource_type"": ""gce_instance"", ""resource_zone"": ""us-central1-a"", ""vm"": ""8057035535632679842""}",8269824
2026-09-27T02:36:59.740078Z,"{""command"": ""dbus-daemon"", ""command_line"": ""/usr/bin/dbus-daemon --system --address=systemd: --nofork --nopidfile --systemd-activation --syslog-only"", ""owner"": ""messagebus"", ""pid"": ""394"", ""process"": ""all"", ""resource_instance_id"": ""8057035535632679842"", ""resource_project_id"": ""proyecto-2-cloud-509714"", ""resource_type"": ""gce_instance"", ""resource_zone"": ""us-central1-a"", ""vm"": ""8057035535632679842""}",8269824
2026-09-27T02:36:29.735295Z,"{""command"": ""dbus-daemon"", ""command_line"": ""/usr/bin/dbus-daemon --system --address=systemd: --nofork --nopidfile --systemd-activation --syslog-only"", ""owner"": ""messagebus"", ""pid"": ""394"", ""process"": ""all"", ""resource_instance_id"": ""8057035535632679842"", ""resource_project_id"": ""proyecto-2-cloud-509714"", ""resource_type"": ""gce_instance"", ""resource_zone"": ""us-central1-a"", ""vm"": ""8057035535632679842""}",8269824
2026-09-27T02:35:59.727794Z,"{""command"": ""dbus-daemon"", ""command_line"": ""/usr/bin/dbus-daemon --system --address=systemd: --nofork --nopidfile --systemd-activation --syslog-only"", ""owner"": ""messagebus"", ""pid"": ""394"", ""process"": ""all"", ""resource_instance_id"": ""8057035535632679842"", ""resource_project_id"": ""proyecto-2-cloud-509714"", ""resource_type"": ""gce_instance"", ""resource_zone"": ""us-central1-a"", ""vm"": ""8057035535632679842""}",8269824
2026-09-27T02:35:29.726093Z,"{""command"": ""dbus-daemon"", ""command_line"": ""/usr/bin/dbus-daemon --system --address=systemd: --nofork --nopidfile --systemd-activation --syslog-only"", ""owner"": ""messagebus"", ""pid"": ""394"", ""process"": ""all"", ""resource_instance_id"": ""8057035535632679842"", ""resource_project_id"": ""proyecto-2-cloud-509714"", ""resource_type"": ""gce_instance"", ""resource_zone"": ""us-central1-a"", ""vm"": ""8057035535632679842""}",8269824
2026-09-27T02:34:59.731346Z,"{""command"": ""dbus-daemon"", ""command_line"": ""/usr/bin/dbus-daemon --system --address=systemd: --nofork --nopidfile --systemd-activation --syslog-only"", ""owner"": ""messagebus"", ""pid"": ""394"", ""process"": ""all"", ""resource_instance_id"": ""8057035535632679842"", ""resource_project_id"": ""proyecto-2-cloud-509714"", ""resource_type"": ""gce_instance"", ""resource_zone"": ""us-central1-a"", ""vm"": ""8057035535632679842""}",8269824
2026-09-27T02:34:29.731159Z,"{""command"": ""dbus-daemon"", ""command_line"": ""/usr/bin/dbus-daemon --system --address=systemd: --nofork --nopidfile --systemd-activation --syslog-only"", ""owner"": ""messagebus"", ""pid"": ""394"", ""process"": ""all"", ""resource_instance_id"": ""8057035535632679842"", ""resource_project_id"": ""proyecto-2-cloud-509714"", ""resource_type"": ""gce_instance"", ""resource_zone"": ""us-central1-a"", ""vm"": ""8057035535632679842""}",8269824
2026-09-27T02:33:59.737698Z,"{""command"": ""dbus-daemon"", ""command_line"": ""/usr/bin/dbus-daemon --system --address=systemd: --nofork --nopidfile --systemd-activation --syslog-only"", ""owner"": ""messagebus"", ""pid"": ""394"", ""process"": ""all"", ""resource_instance_id"": ""8057035535632679842"", ""resource_project_id"": ""proyecto-2-cloud-509714"", ""resource_type"": ""gce_instance"", ""resource_zone"": ""us-central1-a"", ""vm"": ""8057035535632679842""}",8269824
2026-09-27T02:33:29.726904Z,"{""command"": ""dbus-daemon"", ""command_line"": ""/usr/bin/dbus-daemon --system --address=systemd: --nofork --nopidfile --systemd-activation --syslog-only"", ""owner"": ""messagebus"", ""pid"": ""394"", ""process"": ""all"", ""resource_instance_id"": ""8057035535632679842"", ""resource_project_id"": ""proyecto-2-cloud-509714"", ""resource_type"": ""gce_instance"", ""resource_zone"": ""us-central1-a"", ""vm"": ""8057035535632679842""}",8269824
2026-09-27T02:32:59.744223Z,"{""command"": ""dbus-daemon"", ""command_line"": ""/usr/bin/dbus-daemon --system --address=systemd: --nofork --nopidfile --systemd-activation --syslog-only"", ""owner"": ""messagebus"", ""pid"": ""394"", ""process"": ""all"", ""resource_instance_id"": ""8057035535632679842"", ""resource_project_id"": ""proyecto-2-cloud-509714"", ""resource_type"": ""gce_instance"", ""resource_zone"": ""us-central1-a"", ""vm"": ""8057035535632679842""}",8269824
2026-09-27T02:32:29.735631Z,"{""command"": ""dbus-daemon"", ""command_line"": ""/usr/bin/dbus-daemon --system --address=systemd: --nofork --nopidfile --systemd-activation --syslog-only"", ""owner"": ""messagebus"", ""pid"": ""394"", ""process"": ""all"", ""resource_instance_id"": ""8057035535632679842"", ""resource_project_id"": ""proyecto-2-cloud-509714"", ""resource_type"": ""gce_instance"", ""resource_zone"": ""us-central1-a"", ""vm"": ""8057035535632679842""}",8269824
2026-09-27T02:31:59.735579Z,"{""command"": ""dbus-daemon"", ""command_line"": ""/usr/bin/dbus-daemon --system --address=systemd: --nofork --nopidfile --systemd-activation --syslog-only"", ""owner"": ""messagebus"", ""pid"": ""394"", ""process"": ""all"", ""resource_instance_id"": ""8057035535632679842"", ""resource_project_id"": ""proyecto-2-cloud-509714"", ""resource_type"": ""gce_instance"", ""resource_zone"": ""us-central1-a"", ""vm"": ""8057035535632679842""}",8269824
2026-09-27T02:31:29.729889Z,"{""command"": ""dbus-daemon"", ""command_line"": ""/usr/bin/dbus-daemon --system --address=systemd: --nofork --nopidfile --systemd-activation --syslog-only"", ""owner"": ""messagebus"", ""pid"": ""394"", ""process"": ""all"", ""resource_instance_id"": ""8057035535632679842"", ""resource_project_id"": ""proyecto-2-cloud-509714"", ""resource_type"": ""gce_instance"", ""resource_zone"": ""us-central1-a"", ""vm"": ""8057035535632679842""}",8269824
2026-09-27T02:30:59.746400Z,"{""command"": ""dbus-daemon"", ""command_line"": ""/usr/bin/dbus-daemon --system --address=systemd: --nofork --nopidfile --systemd-activation --syslog-only"", ""owner"": ""messagebus"", ""pid"": ""394"", ""process"": ""all"", ""resource_instance_id"": ""8057035535632679842"", ""resource_project_id"": ""proyecto-2-cloud-509714"", ""resource_type"": ""gce_instance"", ""resource_zone"": ""us-central1-a"", ""vm"": ""8057035535632679842""}",8269824
2026-09-27T02:30:29.740719Z,"{""command"": ""dbus-daemon"", ""command_line"": ""/usr/bin/dbus-daemon --system --address=systemd: --nofork --nopidfile --systemd-activation --syslog-only"", ""owner"": ""messagebus"", ""pid"": ""394"", ""process"": ""all"", ""resource_instance_id"": ""8057035535632679842"", ""resource_project_id"": ""proyecto-2-cloud-509714"", ""resource_type"": ""gce_instance"", ""resource_zone"": ""us-central1-a"", ""vm"": ""8057035535632679842""}",8269824
2026-09-27T02:30:22.327305Z,"{""command"": ""dbus-daemon"", ""command_line"": ""/usr/bin/dbus-daemon --system --address=systemd: --nofork --nopidfile --systemd-activation --syslog-only"", ""owner"": ""messagebus"", ""pid"": ""394"", ""process"": ""all"", ""resource_instance_id"": ""8057035535632679842"", ""resource_project_id"": ""proyecto-2-cloud-509714"", ""resource_type"": ""gce_instance"", ""resource_zone"": ""us-central1-a"", ""vm"": ""8057035535632679842""}",8269824
2026-09-27T02:49:59.742744Z,"{""command"": ""docker-proxy"", ""command_line"": ""/usr/bin/docker-proxy -proto tcp -host-ip 0.0.0.0 -host-port 6379 -container-ip 172.18.0.3 -container-port 6379 -use-listen-fd"", ""owner"": ""root"", ""pid"": ""6470"", ""process"": ""all"", ""resource_instance_id"": ""8057035535632679842"", ""resource_project_id"": ""proyecto-2-cloud-509714"", ""resource_type"": ""gce_instance"", ""resource_zone"": ""us-central1-a"", ""vm"": ""8057035535632679842""}",1713106944
2026-09-27T02:49:29.737358Z,"{""command"": ""docker-proxy"", ""command_line"": ""/usr/bin/docker-proxy -proto tcp -host-ip 0.0.0.0 -host-port 6379 -container-ip 172.18.0.3 -container-port 6379 -use-listen-fd"", ""owner"": ""root"", ""pid"": ""6470"", ""process"": ""all"", ""resource_instance_id"": ""8057035535632679842"", ""resource_project_id"": ""proyecto-2-cloud-509714"", ""resource_type"": ""gce_instance"", ""resource_zone"": ""us-central1-a"", ""vm"": ""8057035535632679842""}",1713106944
2026-09-27T02:48:59.733595Z,"{""command"": ""docker-proxy"", ""command_line"": ""/usr/bin/docker-proxy -proto tcp -host-ip 0.0.0.0 -host-port 6379 -container-ip 172.18.0.3 -container-port 6379 -use-listen-fd"", ""owner"": ""root"", ""pid"": ""6470"", ""process"": ""all"", ""resource_instance_id"": ""8057035535632679842"", ""resource_project_id"": ""proyecto-2-cloud-509714"", ""resource_type"": ""gce_instance"", ""resource_zone"": ""us-central1-a"", ""vm"": ""8057035535632679842""}",1713106944
2026-09-27T02:48:29.739928Z,"{""command"": ""docker-proxy"", ""command_line"": ""/usr/bin/docker-proxy -proto tcp -host-ip 0.0.0.0 -host-port 6379 -container-ip 172.18.0.3 -container-port 6379 -use-listen-fd"", ""owner"": ""root"", ""pid"": ""6470"", ""process"": ""all"", ""resource_instance_id"": ""8057035535632679842"", ""resource_project_id"": ""proyecto-2-cloud-509714"", ""resource_type"": ""gce_instance"", ""resource_zone"": ""us-central1-a"", ""vm"": ""8057035535632679842""}",1713106944
2026-09-27T02:47:59.736920Z,"{""command"": ""docker-proxy"", ""command_line"": ""/usr/bin/docker-proxy -proto tcp -host-ip 0.0.0.0 -host-port 6379 -container-ip 172.18.0.3 -container-port 6379 -use-listen-fd"", ""owner"": ""root"", ""pid"": ""6470"", ""process"": ""all"", ""resource_instance_id"": ""8057035535632679842"", ""resource_project_id"": ""proyecto-2-cloud-509714"", ""resource_type"": ""gce_instance"", ""resource_zone"": ""us-central1-a"", ""vm"": ""8057035535632679842""}",1713106944
2026-09-27T02:47:29.733948Z,"{""command"": ""docker-proxy"", ""command_line"": ""/usr/bin/docker-proxy -proto tcp -host-ip 0.0.0.0 -host-port 6379 -container-ip 172.18.0.3 -container-port 6379 -use-listen-fd"", ""owner"": ""root"", ""pid"": ""6470"", ""process"": ""all"", ""resource_instance_id"": ""8057035535632679842"", ""resource_project_id"": ""proyecto-2-cloud-509714"", ""resource_type"": ""gce_instance"", ""resource_zone"": ""us-central1-a"", ""vm"": ""8057035535632679842""}",1713106944
2026-09-27T02:46:59.744782Z,"{""command"": ""docker-proxy"", ""command_line"": ""/usr/bin/docker-proxy -proto tcp -host-ip 0.0.0.0 -host-port 6379 -container-ip 172.18.0.3 -container-port 6379 -use-listen-fd"", ""owner"": ""root"", ""pid"": ""6470"", ""process"": ""all"", ""resource_instance_id"": ""8057035535632679842"", ""resource_project_id"": ""proyecto-2-cloud-509714"", ""resource_type"": ""gce_instance"", ""resource_zone"": ""us-central1-a"", ""vm"": ""8057035535632679842""}",1713106944
2026-09-27T02:46:29.741367Z,"{""command"": ""docker-proxy"", ""command_line"": ""/usr/bin/docker-proxy -proto tcp -host-ip 0.0.0.0 -host-port 6379 -container-ip 172.18.0.3 -container-port 6379 -use-listen-fd"", ""owner"": ""root"", ""pid"": ""6470"", ""process"": ""all"", ""resource_instance_id"": ""8057035535632679842"", ""resource_project_id"": ""proyecto-2-cloud-509714"", ""resource_type"": ""gce_instance"", ""resource_zone"": ""us-central1-a"", ""vm"": ""8057035535632679842""}",1713106944
2026-09-27T02:45:59.732954Z,"{""command"": ""docker-proxy"", ""command_line"": ""/usr/bin/docker-proxy -proto tcp -host-ip 0.0.0.0 -host-port 6379 -container-ip 172.18.0.3 -container-port 6379 -use-listen-fd"", ""owner"": ""root"", ""pid"": ""6470"", ""process"": ""all"", ""resource_instance_id"": ""8057035535632679842"", ""resource_project_id"": ""proyecto-2-cloud-509714"", ""resource_type"": ""gce_instance"", ""resource_zone"": ""us-central1-a"", ""vm"": ""8057035535632679842""}",1713106944
2026-09-27T02:45:29.738804Z,"{""command"": ""docker-proxy"", ""command_line"": ""/usr/bin/docker-proxy -proto tcp -host-ip 0.0.0.0 -host-port 6379 -container-ip 172.18.0.3 -container-port 6379 -use-listen-fd"", ""owner"": ""root"", ""pid"": ""6470"", ""process"": ""all"", ""resource_instance_id"": ""8057035535632679842"", ""resource_project_id"": ""proyecto-2-cloud-509714"", ""resource_type"": ""gce_instance"", ""resource_zone"": ""us-central1-a"", ""vm"": ""8057035535632679842""}",1713106944
2026-09-27T02:44:59.744630Z,"{""command"": ""docker-proxy"", ""command_line"": ""/usr/bin/docker-proxy -proto tcp -host-ip 0.0.0.0 -host-port 6379 -container-ip 172.18.0.3 -container-port 6379 -use-listen-fd"", ""owner"": ""root"", ""pid"": ""6470"", ""process"": ""all"", ""resource_instance_id"": ""8057035535632679842"", ""resource_project_id"": ""proyecto-2-cloud-509714"", ""resource_type"": ""gce_instance"", ""resource_zone"": ""us-central1-a"", ""vm"": ""8057035535632679842""}",1713106944
2026-09-27T02:44:29.741509Z,"{""command"": ""docker-proxy"", ""command_line"": ""/usr/bin/docker-proxy -proto tcp -host-ip 0.0.0.0 -host-port 6379 -container-ip 172.18.0.3 -container-port 6379 -use-listen-fd"", ""owner"": ""root"", ""pid"": ""6470"", ""process"": ""all"", ""resource_instance_id"": ""8057035535632679842"", ""resource_project_id"": ""proyecto-2-cloud-509714"", ""resource_type"": ""gce_instance"", ""resource_zone"": ""us-central1-a"", ""vm"": ""8057035535632679842""}",1713106944
2026-09-27T02:43:59.743460Z,"{""command"": ""docker-proxy"", ""command_line"": ""/usr/bin/docker-proxy -proto tcp -host-ip 0.0.0.0 -host-port 6379 -container-ip 172.18.0.3 -container-port 6379 -use-listen-fd"", ""owner"": ""root"", ""pid"": ""6470"", ""process"": ""all"", ""resource_instance_id"": ""8057035535632679842"", ""resource_project_id"": ""proyecto-2-cloud-509714"", ""resource_type"": ""gce_instance"", ""resource_zone"": ""us-central1-a"", ""vm"": ""8057035535632679842""}",1713106944
2026-09-27T02:43:29.744819Z,"{""command"": ""docker-proxy"", ""command_line"": ""/usr/bin/docker-proxy -proto tcp -host-ip 0.0.0.0 -host-port 6379 -container-ip 172.18.0.3 -container-port 6379 -use-listen-fd"", ""owner"": ""root"", ""pid"": ""6470"", ""process"": ""all"", ""resource_instance_id"": ""8057035535632679842"", ""resource_project_id"": ""proyecto-2-cloud-509714"", ""resource_type"": ""gce_instance"", ""resource_zone"": ""us-central1-a"", ""vm"": ""8057035535632679842""}",1713106944
2026-09-27T02:42:59.737641Z,"{""command"": ""docker-proxy"", ""command_line"": ""/usr/bin/docker-proxy -proto tcp -host-ip 0.0.0.0 -host-port 6379 -container-ip 172.18.0.3 -container-port 6379 -use-listen-fd"", ""owner"": ""root"", ""pid"": ""6470"", ""process"": ""all"", ""resource_instance_id"": ""8057035535632679842"", ""resource_project_id"": ""proyecto-2-cloud-509714"", ""resource_type"": ""gce_instance"", ""resource_zone"": ""us-central1-a"", ""vm"": ""8057035535632679842""}",1713106944
2026-09-27T02:42:29.763554Z,"{""command"": ""docker-proxy"", ""command_line"": ""/usr/bin/docker-proxy -proto tcp -host-ip 0.0.0.0 -host-port 6379 -container-ip 172.18.0.3 -container-port 6379 -use-listen-fd"", ""owner"": ""root"", ""pid"": ""6470"", ""process"": ""all"", ""resource_instance_id"": ""8057035535632679842"", ""resource_project_id"": ""proyecto-2-cloud-509714"", ""resource_type"": ""gce_instance"", ""resource_zone"": ""us-central1-a"", ""vm"": ""8057035535632679842""}",1713106944
2026-09-27T02:41:59.741425Z,"{""command"": ""docker-proxy"", ""command_line"": ""/usr/bin/docker-proxy -proto tcp -host-ip 0.0.0.0 -host-port 6379 -container-ip 172.18.0.3 -container-port 6379 -use-listen-fd"", ""owner"": ""root"", ""pid"": ""6470"", ""process"": ""all"", ""resource_instance_id"": ""8057035535632679842"", ""resource_project_id"": ""proyecto-2-cloud-509714"", ""resource_type"": ""gce_instance"", ""resource_zone"": ""us-central1-a"", ""vm"": ""8057035535632679842""}",1713106944
2026-09-27T02:41:29.744575Z,"{""command"": ""docker-proxy"", ""command_line"": ""/usr/bin/docker-proxy -proto tcp -host-ip 0.0.0.0 -host-port 6379 -container-ip 172.18.0.3 -container-port 6379 -use-listen-fd"", ""owner"": ""root"", ""pid"": ""6470"", ""process"": ""all"", ""resource_instance_id"": ""8057035535632679842"", ""resource_project_id"": ""proyecto-2-cloud-509714"", ""resource_type"": ""gce_instance"", ""resource_zone"": ""us-central1-a"", ""vm"": ""8057035535632679842""}",1713106944
2026-09-27T02:40:59.733549Z,"{""command"": ""docker-proxy"", ""command_line"": ""/usr/bin/docker-proxy -proto tcp -host-ip 0.0.0.0 -host-port 6379 -container-ip 172.18.0.3 -container-port 6379 -use-listen-fd"", ""owner"": ""root"", ""pid"": ""6470"", ""process"": ""all"", ""resource_instance_id"": ""8057035535632679842"", ""resource_project_id"": ""proyecto-2-cloud-509714"", ""resource_type"": ""gce_instance"", ""resource_zone"": ""us-central1-a"", ""vm"": ""8057035535632679842""}",1713106944
2026-09-27T02:40:29.730643Z,"{""command"": ""docker-proxy"", ""command_line"": ""/usr/bin/docker-proxy -proto tcp -host-ip 0.0.0.0 -host-port 6379 -container-ip 172.18.0.3 -container-port 6379 -use-listen-fd"", ""owner"": ""root"", ""pid"": ""6470"", ""process"": ""all"", ""resource_instance_id"": ""8057035535632679842"", ""resource_project_id"": ""proyecto-2-cloud-509714"", ""resource_type"": ""gce_instance"", ""resource_zone"": ""us-central1-a"", ""vm"": ""8057035535632679842""}",1713106944
2026-09-27T02:39:59.740851Z,"{""command"": ""docker-proxy"", ""command_line"": ""/usr/bin/docker-proxy -proto tcp -host-ip 0.0.0.0 -host-port 6379 -container-ip 172.18.0.3 -container-port 6379 -use-listen-fd"", ""owner"": ""root"", ""pid"": ""6470"", ""process"": ""all"", ""resource_instance_id"": ""8057035535632679842"", ""resource_project_id"": ""proyecto-2-cloud-509714"", ""resource_type"": ""gce_instance"", ""resource_zone"": ""us-central1-a"", ""vm"": ""8057035535632679842""}",1713106944
2026-09-27T02:39:29.732279Z,"{""command"": ""docker-proxy"", ""command_line"": ""/usr/bin/docker-proxy -proto tcp -host-ip 0.0.0.0 -host-port 6379 -container-ip 172.18.0.3 -container-port 6379 -use-listen-fd"", ""owner"": ""root"", ""pid"": ""6470"", ""process"": ""all"", ""resource_instance_id"": ""8057035535632679842"", ""resource_project_id"": ""proyecto-2-cloud-509714"", ""resource_type"": ""gce_instance"", ""resource_zone"": ""us-central1-a"", ""vm"": ""8057035535632679842""}",1713106944
2026-09-27T02:38:59.739531Z,"{""command"": ""docker-proxy"", ""command_line"": ""/usr/bin/docker-proxy -proto tcp -host-ip 0.0.0.0 -host-port 6379 -container-ip 172.18.0.3 -container-port 6379 -use-listen-fd"", ""owner"": ""root"", ""pid"": ""6470"", ""process"": ""all"", ""resource_instance_id"": ""8057035535632679842"", ""resource_project_id"": ""proyecto-2-cloud-509714"", ""resource_type"": ""gce_instance"", ""resource_zone"": ""us-central1-a"", ""vm"": ""8057035535632679842""}",1713106944
2026-09-27T02:38:29.729403Z,"{""command"": ""docker-proxy"", ""command_line"": ""/usr/bin/docker-proxy -proto tcp -host-ip 0.0.0.0 -host-port 6379 -container-ip 172.18.0.3 -container-port 6379 -use-listen-fd"", ""owner"": ""root"", ""pid"": ""6470"", ""process"": ""all"", ""resource_instance_id"": ""8057035535632679842"", ""resource_project_id"": ""proyecto-2-cloud-509714"", ""resource_type"": ""gce_instance"", ""resource_zone"": ""us-central1-a"", ""vm"": ""8057035535632679842""}",1713106944
2026-09-27T02:37:59.740093Z,"{""command"": ""docker-proxy"", ""command_line"": ""/usr/bin/docker-proxy -proto tcp -host-ip 0.0.0.0 -host-port 6379 -container-ip 172.18.0.3 -container-port 6379 -use-listen-fd"", ""owner"": ""root"", ""pid"": ""6470"", ""process"": ""all"", ""resource_instance_id"": ""8057035535632679842"", ""resource_project_id"": ""proyecto-2-cloud-509714"", ""resource_type"": ""gce_instance"", ""resource_zone"": ""us-central1-a"", ""vm"": ""8057035535632679842""}",1713106944
2026-09-27T02:37:29.734357Z,"{""command"": ""docker-proxy"", ""command_line"": ""/usr/bin/docker-proxy -proto tcp -host-ip 0.0.0.0 -host-port 6379 -container-ip 172.18.0.3 -container-port 6379 -use-listen-fd"", ""owner"": ""root"", ""pid"": ""6470"", ""process"": ""all"", ""resource_instance_id"": ""8057035535632679842"", ""resource_project_id"": ""proyecto-2-cloud-509714"", ""resource_type"": ""gce_instance"", ""resource_zone"": ""us-central1-a"", ""vm"": ""8057035535632679842""}",1713106944
2026-09-27T02:36:59.742415Z,"{""command"": ""docker-proxy"", ""command_line"": ""/usr/bin/docker-proxy -proto tcp -host-ip 0.0.0.0 -host-port 6379 -container-ip 172.18.0.3 -container-port 6379 -use-listen-fd"", ""owner"": ""root"", ""pid"": ""6470"", ""process"": ""all"", ""resource_instance_id"": ""8057035535632679842"", ""resource_project_id"": ""proyecto-2-cloud-509714"", ""resource_type"": ""gce_instance"", ""resource_zone"": ""us-central1-a"", ""vm"": ""8057035535632679842""}",1713106944
2026-09-27T02:36:29.738086Z,"{""command"": ""docker-proxy"", ""command_line"": ""/usr/bin/docker-proxy -proto tcp -host-ip 0.0.0.0 -host-port 6379 -container-ip 172.18.0.3 -container-port 6379 -use-listen-fd"", ""owner"": ""root"", ""pid"": ""6470"", ""process"": ""all"", ""resource_instance_id"": ""8057035535632679842"", ""resource_project_id"": ""proyecto-2-cloud-509714"", ""resource_type"": ""gce_instance"", ""resource_zone"": ""us-central1-a"", ""vm"": ""8057035535632679842""}",1713106944
2026-09-27T02:35:59.730742Z,"{""command"": ""docker-proxy"", ""command_line"": ""/usr/bin/docker-proxy -proto tcp -host-ip 0.0.0.0 -host-port 6379 -container-ip 172.18.0.3 -container-port 6379 -use-listen-fd"", ""owner"": ""root"", ""pid"": ""6470"", ""process"": ""all"", ""resource_instance_id"": ""8057035535632679842"", ""resource_project_id"": ""proyecto-2-cloud-509714"", ""resource_type"": ""gce_instance"", ""resource_zone"": ""us-central1-a"", ""vm"": ""8057035535632679842""}",1713106944
2026-09-27T02:35:29.727679Z,"{""command"": ""docker-proxy"", ""command_line"": ""/usr/bin/docker-proxy -proto tcp -host-ip 0.0.0.0 -host-port 6379 -container-ip 172.18.0.3 -container-port 6379 -use-listen-fd"", ""owner"": ""root"", ""pid"": ""6470"", ""process"": ""all"", ""resource_instance_id"": ""8057035535632679842"", ""resource_project_id"": ""proyecto-2-cloud-509714"", ""resource_type"": ""gce_instance"", ""resource_zone"": ""us-central1-a"", ""vm"": ""8057035535632679842""}",1713106944
2026-09-27T02:34:59.734300Z,"{""command"": ""docker-proxy"", ""command_line"": ""/usr/bin/docker-proxy -proto tcp -host-ip 0.0.0.0 -host-port 6379 -container-ip 172.18.0.3 -container-port 6379 -use-listen-fd"", ""owner"": ""root"", ""pid"": ""6470"", ""process"": ""all"", ""resource_instance_id"": ""8057035535632679842"", ""resource_project_id"": ""proyecto-2-cloud-509714"", ""resource_type"": ""gce_instance"", ""resource_zone"": ""us-central1-a"", ""vm"": ""8057035535632679842""}",1713106944
2026-09-27T02:34:29.733931Z,"{""command"": ""docker-proxy"", ""command_line"": ""/usr/bin/docker-proxy -proto tcp -host-ip 0.0.0.0 -host-port 6379 -container-ip 172.18.0.3 -container-port 6379 -use-listen-fd"", ""owner"": ""root"", ""pid"": ""6470"", ""process"": ""all"", ""resource_instance_id"": ""8057035535632679842"", ""resource_project_id"": ""proyecto-2-cloud-509714"", ""resource_type"": ""gce_instance"", ""resource_zone"": ""us-central1-a"", ""vm"": ""8057035535632679842""}",1713106944
2026-09-27T02:33:59.739734Z,"{""command"": ""docker-proxy"", ""command_line"": ""/usr/bin/docker-proxy -proto tcp -host-ip 0.0.0.0 -host-port 6379 -container-ip 172.18.0.3 -container-port 6379 -use-listen-fd"", ""owner"": ""root"", ""pid"": ""6470"", ""process"": ""all"", ""resource_instance_id"": ""8057035535632679842"", ""resource_project_id"": ""proyecto-2-cloud-509714"", ""resource_type"": ""gce_instance"", ""resource_zone"": ""us-central1-a"", ""vm"": ""8057035535632679842""}",1713106944
2026-09-27T02:33:29.728559Z,"{""command"": ""docker-proxy"", ""command_line"": ""/usr/bin/docker-proxy -proto tcp -host-ip 0.0.0.0 -host-port 6379 -container-ip 172.18.0.3 -container-port 6379 -use-listen-fd"", ""owner"": ""root"", ""pid"": ""6470"", ""process"": ""all"", ""resource_instance_id"": ""8057035535632679842"", ""resource_project_id"": ""proyecto-2-cloud-509714"", ""resource_type"": ""gce_instance"", ""resource_zone"": ""us-central1-a"", ""vm"": ""8057035535632679842""}",1713106944
2026-09-27T02:32:59.746132Z,"{""command"": ""docker-proxy"", ""command_line"": ""/usr/bin/docker-proxy -proto tcp -host-ip 0.0.0.0 -host-port 6379 -container-ip 172.18.0.3 -container-port 6379 -use-listen-fd"", ""owner"": ""root"", ""pid"": ""6470"", ""process"": ""all"", ""resource_instance_id"": ""8057035535632679842"", ""resource_project_id"": ""proyecto-2-cloud-509714"", ""resource_type"": ""gce_instance"", ""resource_zone"": ""us-central1-a"", ""vm"": ""8057035535632679842""}",1713106944
2026-09-27T02:32:29.737702Z,"{""command"": ""docker-proxy"", ""command_line"": ""/usr/bin/docker-proxy -proto tcp -host-ip 0.0.0.0 -host-port 6379 -container-ip 172.18.0.3 -container-port 6379 -use-listen-fd"", ""owner"": ""root"", ""pid"": ""6470"", ""process"": ""all"", ""resource_instance_id"": ""8057035535632679842"", ""resource_project_id"": ""proyecto-2-cloud-509714"", ""resource_type"": ""gce_instance"", ""resource_zone"": ""us-central1-a"", ""vm"": ""8057035535632679842""}",1713106944
2026-09-27T02:31:59.737479Z,"{""command"": ""docker-proxy"", ""command_line"": ""/usr/bin/docker-proxy -proto tcp -host-ip 0.0.0.0 -host-port 6379 -container-ip 172.18.0.3 -container-port 6379 -use-listen-fd"", ""owner"": ""root"", ""pid"": ""6470"", ""process"": ""all"", ""resource_instance_id"": ""8057035535632679842"", ""resource_project_id"": ""proyecto-2-cloud-509714"", ""resource_type"": ""gce_instance"", ""resource_zone"": ""us-central1-a"", ""vm"": ""8057035535632679842""}",1713106944
2026-09-27T02:31:29.731933Z,"{""command"": ""docker-proxy"", ""command_line"": ""/usr/bin/docker-proxy -proto tcp -host-ip 0.0.0.0 -host-port 6379 -container-ip 172.18.0.3 -container-port 6379 -use-listen-fd"", ""owner"": ""root"", ""pid"": ""6470"", ""process"": ""all"", ""resource_instance_id"": ""8057035535632679842"", ""resource_project_id"": ""proyecto-2-cloud-509714"", ""resource_type"": ""gce_instance"", ""resource_zone"": ""us-central1-a"", ""vm"": ""8057035535632679842""}",1713106944
2026-09-27T02:30:59.748557Z,"{""command"": ""docker-proxy"", ""command_line"": ""/usr/bin/docker-proxy -proto tcp -host-ip 0.0.0.0 -host-port 6379 -container-ip 172.18.0.3 -container-port 6379 -use-listen-fd"", ""owner"": ""root"", ""pid"": ""6470"", ""process"": ""all"", ""resource_instance_id"": ""8057035535632679842"", ""resource_project_id"": ""proyecto-2-cloud-509714"", ""resource_type"": ""gce_instance"", ""resource_zone"": ""us-central1-a"", ""vm"": ""8057035535632679842""}",1713106944
2026-09-27T02:30:29.743041Z,"{""command"": ""docker-proxy"", ""command_line"": ""/usr/bin/docker-proxy -proto tcp -host-ip 0.0.0.0 -host-port 6379 -container-ip 172.18.0.3 -container-port 6379 -use-listen-fd"", ""owner"": ""root"", ""pid"": ""6470"", ""process"": ""all"", ""resource_instance_id"": ""8057035535632679842"", ""resource_project_id"": ""proyecto-2-cloud-509714"", ""resource_type"": ""gce_instance"", ""resource_zone"": ""us-central1-a"", ""vm"": ""8057035535632679842""}",1713106944
2026-09-27T02:30:22.329847Z,"{""command"": ""docker-proxy"", ""command_line"": ""/usr/bin/docker-proxy -proto tcp -host-ip 0.0.0.0 -host-port 6379 -container-ip 172.18.0.3 -container-port 6379 -use-listen-fd"", ""owner"": ""root"", ""pid"": ""6470"", ""process"": ""all"", ""resource_instance_id"": ""8057035535632679842"", ""resource_project_id"": ""proyecto-2-cloud-509714"", ""resource_type"": ""gce_instance"", ""resource_zone"": ""us-central1-a"", ""vm"": ""8057035535632679842""}",1713106944
2026-09-27T02:49:59.743219Z,"{""command"": ""docker-proxy"", ""command_line"": ""/usr/bin/docker-proxy -proto tcp -host-ip 127.0.0.1 -host-port 9101 -container-ip 172.18.0.4 -container-port 9101 -use-listen-fd"", ""owner"": ""root"", ""pid"": ""6576"", ""process"": ""all"", ""resource_instance_id"": ""8057035535632679842"", ""resource_project_id"": ""proyecto-2-cloud-509714"", ""resource_type"": ""gce_instance"", ""resource_zone"": ""us-central1-a"", ""vm"": ""8057035535632679842""}",1788608512
2026-09-27T02:49:29.737608Z,"{""command"": ""docker-proxy"", ""command_line"": ""/usr/bin/docker-proxy -proto tcp -host-ip 127.0.0.1 -host-port 9101 -container-ip 172.18.0.4 -container-port 9101 -use-listen-fd"", ""owner"": ""root"", ""pid"": ""6576"", ""process"": ""all"", ""resource_instance_id"": ""8057035535632679842"", ""resource_project_id"": ""proyecto-2-cloud-509714"", ""resource_type"": ""gce_instance"", ""resource_zone"": ""us-central1-a"", ""vm"": ""8057035535632679842""}",1788608512
2026-09-27T02:48:59.733940Z,"{""command"": ""docker-proxy"", ""command_line"": ""/usr/bin/docker-proxy -proto tcp -host-ip 127.0.0.1 -host-port 9101 -container-ip 172.18.0.4 -container-port 9101 -use-listen-fd"", ""owner"": ""root"", ""pid"": ""6576"", ""process"": ""all"", ""resource_instance_id"": ""8057035535632679842"", ""resource_project_id"": ""proyecto-2-cloud-509714"", ""resource_type"": ""gce_instance"", ""resource_zone"": ""us-central1-a"", ""vm"": ""8057035535632679842""}",1788608512
2026-09-27T02:48:29.740210Z,"{""command"": ""docker-proxy"", ""command_line"": ""/usr/bin/docker-proxy -proto tcp -host-ip 127.0.0.1 -host-port 9101 -container-ip 172.18.0.4 -container-port 9101 -use-listen-fd"", ""owner"": ""root"", ""pid"": ""6576"", ""process"": ""all"", ""resource_instance_id"": ""8057035535632679842"", ""resource_project_id"": ""proyecto-2-cloud-509714"", ""resource_type"": ""gce_instance"", ""resource_zone"": ""us-central1-a"", ""vm"": ""8057035535632679842""}",1788608512
2026-09-27T02:47:59.737151Z,"{""command"": ""docker-proxy"", ""command_line"": ""/usr/bin/docker-proxy -proto tcp -host-ip 127.0.0.1 -host-port 9101 -container-ip 172.18.0.4 -container-port 9101 -use-listen-fd"", ""owner"": ""root"", ""pid"": ""6576"", ""process"": ""all"", ""resource_instance_id"": ""8057035535632679842"", ""resource_project_id"": ""proyecto-2-cloud-509714"", ""resource_type"": ""gce_instance"", ""resource_zone"": ""us-central1-a"", ""vm"": ""8057035535632679842""}",1788608512
2026-09-27T02:47:29.734214Z,"{""command"": ""docker-proxy"", ""command_line"": ""/usr/bin/docker-proxy -proto tcp -host-ip 127.0.0.1 -host-port 9101 -container-ip 172.18.0.4 -container-port 9101 -use-listen-fd"", ""owner"": ""root"", ""pid"": ""6576"", ""process"": ""all"", ""resource_instance_id"": ""8057035535632679842"", ""resource_project_id"": ""proyecto-2-cloud-509714"", ""resource_type"": ""gce_instance"", ""resource_zone"": ""us-central1-a"", ""vm"": ""8057035535632679842""}",1788608512
2026-09-27T02:46:59.745042Z,"{""command"": ""docker-proxy"", ""command_line"": ""/usr/bin/docker-proxy -proto tcp -host-ip 127.0.0.1 -host-port 9101 -container-ip 172.18.0.4 -container-port 9101 -use-listen-fd"", ""owner"": ""root"", ""pid"": ""6576"", ""process"": ""all"", ""resource_instance_id"": ""8057035535632679842"", ""resource_project_id"": ""proyecto-2-cloud-509714"", ""resource_type"": ""gce_instance"", ""resource_zone"": ""us-central1-a"", ""vm"": ""8057035535632679842""}",1788608512
2026-09-27T02:46:29.741755Z,"{""command"": ""docker-proxy"", ""command_line"": ""/usr/bin/docker-proxy -proto tcp -host-ip 127.0.0.1 -host-port 9101 -container-ip 172.18.0.4 -container-port 9101 -use-listen-fd"", ""owner"": ""root"", ""pid"": ""6576"", ""process"": ""all"", ""resource_instance_id"": ""8057035535632679842"", ""resource_project_id"": ""proyecto-2-cloud-509714"", ""resource_type"": ""gce_instance"", ""resource_zone"": ""us-central1-a"", ""vm"": ""8057035535632679842""}",1788608512
2026-09-27T02:45:59.733187Z,"{""command"": ""docker-proxy"", ""command_line"": ""/usr/bin/docker-proxy -proto tcp -host-ip 127.0.0.1 -host-port 9101 -container-ip 172.18.0.4 -container-port 9101 -use-listen-fd"", ""owner"": ""root"", ""pid"": ""6576"", ""process"": ""all"", ""resource_instance_id"": ""8057035535632679842"", ""resource_project_id"": ""proyecto-2-cloud-509714"", ""resource_type"": ""gce_instance"", ""resource_zone"": ""us-central1-a"", ""vm"": ""8057035535632679842""}",1788608512
2026-09-27T02:45:29.739036Z,"{""command"": ""docker-proxy"", ""command_line"": ""/usr/bin/docker-proxy -proto tcp -host-ip 127.0.0.1 -host-port 9101 -container-ip 172.18.0.4 -container-port 9101 -use-listen-fd"", ""owner"": ""root"", ""pid"": ""6576"", ""process"": ""all"", ""resource_instance_id"": ""8057035535632679842"", ""resource_project_id"": ""proyecto-2-cloud-509714"", ""resource_type"": ""gce_instance"", ""resource_zone"": ""us-central1-a"", ""vm"": ""8057035535632679842""}",1788608512
2026-09-27T02:44:59.744899Z,"{""command"": ""docker-proxy"", ""command_line"": ""/usr/bin/docker-proxy -proto tcp -host-ip 127.0.0.1 -host-port 9101 -container-ip 172.18.0.4 -container-port 9101 -use-listen-fd"", ""owner"": ""root"", ""pid"": ""6576"", ""process"": ""all"", ""resource_instance_id"": ""8057035535632679842"", ""resource_project_id"": ""proyecto-2-cloud-509714"", ""resource_type"": ""gce_instance"", ""resource_zone"": ""us-central1-a"", ""vm"": ""8057035535632679842""}",1788608512
2026-09-27T02:44:29.741733Z,"{""command"": ""docker-proxy"", ""command_line"": ""/usr/bin/docker-proxy -proto tcp -host-ip 127.0.0.1 -host-port 9101 -container-ip 172.18.0.4 -container-port 9101 -use-listen-fd"", ""owner"": ""root"", ""pid"": ""6576"", ""process"": ""all"", ""resource_instance_id"": ""8057035535632679842"", ""resource_project_id"": ""proyecto-2-cloud-509714"", ""resource_type"": ""gce_instance"", ""resource_zone"": ""us-central1-a"", ""vm"": ""8057035535632679842""}",1788608512
2026-09-27T02:43:59.743751Z,"{""command"": ""docker-proxy"", ""command_line"": ""/usr/bin/docker-proxy -proto tcp -host-ip 127.0.0.1 -host-port 9101 -container-ip 172.18.0.4 -container-port 9101 -use-listen-fd"", ""owner"": ""root"", ""pid"": ""6576"", ""process"": ""all"", ""resource_instance_id"": ""8057035535632679842"", ""resource_project_id"": ""proyecto-2-cloud-509714"", ""resource_type"": ""gce_instance"", ""resource_zone"": ""us-central1-a"", ""vm"": ""8057035535632679842""}",1788608512
2026-09-27T02:43:29.745102Z,"{""command"": ""docker-proxy"", ""command_line"": ""/usr/bin/docker-proxy -proto tcp -host-ip 127.0.0.1 -host-port 9101 -container-ip 172.18.0.4 -container-port 9101 -use-listen-fd"", ""owner"": ""root"", ""pid"": ""6576"", ""process"": ""all"", ""resource_instance_id"": ""8057035535632679842"", ""resource_project_id"": ""proyecto-2-cloud-509714"", ""resource_type"": ""gce_instance"", ""resource_zone"": ""us-central1-a"", ""vm"": ""8057035535632679842""}",1788608512
2026-09-27T02:42:59.738039Z,"{""command"": ""docker-proxy"", ""command_line"": ""/usr/bin/docker-proxy -proto tcp -host-ip 127.0.0.1 -host-port 9101 -container-ip 172.18.0.4 -container-port 9101 -use-listen-fd"", ""owner"": ""root"", ""pid"": ""6576"", ""process"": ""all"", ""resource_instance_id"": ""8057035535632679842"", ""resource_project_id"": ""proyecto-2-cloud-509714"", ""resource_type"": ""gce_instance"", ""resource_zone"": ""us-central1-a"", ""vm"": ""8057035535632679842""}",1788608512
2026-09-27T02:42:29.763820Z,"{""command"": ""docker-proxy"", ""command_line"": ""/usr/bin/docker-proxy -proto tcp -host-ip 127.0.0.1 -host-port 9101 -container-ip 172.18.0.4 -container-port 9101 -use-listen-fd"", ""owner"": ""root"", ""pid"": ""6576"", ""process"": ""all"", ""resource_instance_id"": ""8057035535632679842"", ""resource_project_id"": ""proyecto-2-cloud-509714"", ""resource_type"": ""gce_instance"", ""resource_zone"": ""us-central1-a"", ""vm"": ""8057035535632679842""}",1788608512
2026-09-27T02:41:59.741774Z,"{""command"": ""docker-proxy"", ""command_line"": ""/usr/bin/docker-proxy -proto tcp -host-ip 127.0.0.1 -host-port 9101 -container-ip 172.18.0.4 -container-port 9101 -use-listen-fd"", ""owner"": ""root"", ""pid"": ""6576"", ""process"": ""all"", ""resource_instance_id"": ""8057035535632679842"", ""resource_project_id"": ""proyecto-2-cloud-509714"", ""resource_type"": ""gce_instance"", ""resource_zone"": ""us-central1-a"", ""vm"": ""8057035535632679842""}",1788608512
2026-09-27T02:41:29.745169Z,"{""command"": ""docker-proxy"", ""command_line"": ""/usr/bin/docker-proxy -proto tcp -host-ip 127.0.0.1 -host-port 9101 -container-ip 172.18.0.4 -container-port 9101 -use-listen-fd"", ""owner"": ""root"", ""pid"": ""6576"", ""process"": ""all"", ""resource_instance_id"": ""8057035535632679842"", ""resource_project_id"": ""proyecto-2-cloud-509714"", ""resource_type"": ""gce_instance"", ""resource_zone"": ""us-central1-a"", ""vm"": ""8057035535632679842""}",1788608512
2026-09-27T02:40:59.733920Z,"{""command"": ""docker-proxy"", ""command_line"": ""/usr/bin/docker-proxy -proto tcp -host-ip 127.0.0.1 -host-port 9101 -container-ip 172.18.0.4 -container-port 9101 -use-listen-fd"", ""owner"": ""root"", ""pid"": ""6576"", ""process"": ""all"", ""resource_instance_id"": ""8057035535632679842"", ""resource_project_id"": ""proyecto-2-cloud-509714"", ""resource_type"": ""gce_instance"", ""resource_zone"": ""us-central1-a"", ""vm"": ""8057035535632679842""}",1788608512
2026-09-27T02:40:29.730881Z,"{""command"": ""docker-proxy"", ""command_line"": ""/usr/bin/docker-proxy -proto tcp -host-ip 127.0.0.1 -host-port 9101 -container-ip 172.18.0.4 -container-port 9101 -use-listen-fd"", ""owner"": ""root"", ""pid"": ""6576"", ""process"": ""all"", ""resource_instance_id"": ""8057035535632679842"", ""resource_project_id"": ""proyecto-2-cloud-509714"", ""resource_type"": ""gce_instance"", ""resource_zone"": ""us-central1-a"", ""vm"": ""8057035535632679842""}",1788608512
2026-09-27T02:39:59.741314Z,"{""command"": ""docker-proxy"", ""command_line"": ""/usr/bin/docker-proxy -proto tcp -host-ip 127.0.0.1 -host-port 9101 -container-ip 172.18.0.4 -container-port 9101 -use-listen-fd"", ""owner"": ""root"", ""pid"": ""6576"", ""process"": ""all"", ""resource_instance_id"": ""8057035535632679842"", ""resource_project_id"": ""proyecto-2-cloud-509714"", ""resource_type"": ""gce_instance"", ""resource_zone"": ""us-central1-a"", ""vm"": ""8057035535632679842""}",1788608512
2026-09-27T02:39:29.732514Z,"{""command"": ""docker-proxy"", ""command_line"": ""/usr/bin/docker-proxy -proto tcp -host-ip 127.0.0.1 -host-port 9101 -container-ip 172.18.0.4 -container-port 9101 -use-listen-fd"", ""owner"": ""root"", ""pid"": ""6576"", ""process"": ""all"", ""resource_instance_id"": ""8057035535632679842"", ""resource_project_id"": ""proyecto-2-cloud-509714"", ""resource_type"": ""gce_instance"", ""resource_zone"": ""us-central1-a"", ""vm"": ""8057035535632679842""}",1788608512
2026-09-27T02:38:59.739951Z,"{""command"": ""docker-proxy"", ""command_line"": ""/usr/bin/docker-proxy -proto tcp -host-ip 127.0.0.1 -host-port 9101 -container-ip 172.18.0.4 -container-port 9101 -use-listen-fd"", ""owner"": ""root"", ""pid"": ""6576"", ""process"": ""all"", ""resource_instance_id"": ""8057035535632679842"", ""resource_project_id"": ""proyecto-2-cloud-509714"", ""resource_type"": ""gce_instance"", ""resource_zone"": ""us-central1-a"", ""vm"": ""8057035535632679842""}",1788608512
2026-09-27T02:38:29.729615Z,"{""command"": ""docker-proxy"", ""command_line"": ""/usr/bin/docker-proxy -proto tcp -host-ip 127.0.0.1 -host-port 9101 -container-ip 172.18.0.4 -container-port 9101 -use-listen-fd"", ""owner"": ""root"", ""pid"": ""6576"", ""process"": ""all"", ""resource_instance_id"": ""8057035535632679842"", ""resource_project_id"": ""proyecto-2-cloud-509714"", ""resource_type"": ""gce_instance"", ""resource_zone"": ""us-central1-a"", ""vm"": ""8057035535632679842""}",1788608512
2026-09-27T02:37:59.740339Z,"{""command"": ""docker-proxy"", ""command_line"": ""/usr/bin/docker-proxy -proto tcp -host-ip 127.0.0.1 -host-port 9101 -container-ip 172.18.0.4 -container-port 9101 -use-listen-fd"", ""owner"": ""root"", ""pid"": ""6576"", ""process"": ""all"", ""resource_instance_id"": ""8057035535632679842"", ""resource_project_id"": ""proyecto-2-cloud-509714"", ""resource_type"": ""gce_instance"", ""resource_zone"": ""us-central1-a"", ""vm"": ""8057035535632679842""}",1788608512
2026-09-27T02:37:29.734661Z,"{""command"": ""docker-proxy"", ""command_line"": ""/usr/bin/docker-proxy -proto tcp -host-ip 127.0.0.1 -host-port 9101 -container-ip 172.18.0.4 -container-port 9101 -use-listen-fd"", ""owner"": ""root"", ""pid"": ""6576"", ""process"": ""all"", ""resource_instance_id"": ""8057035535632679842"", ""resource_project_id"": ""proyecto-2-cloud-509714"", ""resource_type"": ""gce_instance"", ""resource_zone"": ""us-central1-a"", ""vm"": ""8057035535632679842""}",1788608512
2026-09-27T02:36:59.742738Z,"{""command"": ""docker-proxy"", ""command_line"": ""/usr/bin/docker-proxy -proto tcp -host-ip 127.0.0.1 -host-port 9101 -container-ip 172.18.0.4 -container-port 9101 -use-listen-fd"", ""owner"": ""root"", ""pid"": ""6576"", ""process"": ""all"", ""resource_instance_id"": ""8057035535632679842"", ""resource_project_id"": ""proyecto-2-cloud-509714"", ""resource_type"": ""gce_instance"", ""resource_zone"": ""us-central1-a"", ""vm"": ""8057035535632679842""}",1788608512
2026-09-27T02:36:29.738466Z,"{""command"": ""docker-proxy"", ""command_line"": ""/usr/bin/docker-proxy -proto tcp -host-ip 127.0.0.1 -host-port 9101 -container-ip 172.18.0.4 -container-port 9101 -use-listen-fd"", ""owner"": ""root"", ""pid"": ""6576"", ""process"": ""all"", ""resource_instance_id"": ""8057035535632679842"", ""resource_project_id"": ""proyecto-2-cloud-509714"", ""resource_type"": ""gce_instance"", ""resource_zone"": ""us-central1-a"", ""vm"": ""8057035535632679842""}",1788608512
2026-09-27T02:35:59.731112Z,"{""command"": ""docker-proxy"", ""command_line"": ""/usr/bin/docker-proxy -proto tcp -host-ip 127.0.0.1 -host-port 9101 -container-ip 172.18.0.4 -container-port 9101 -use-listen-fd"", ""owner"": ""root"", ""pid"": ""6576"", ""process"": ""all"", ""resource_instance_id"": ""8057035535632679842"", ""resource_project_id"": ""proyecto-2-cloud-509714"", ""resource_type"": ""gce_instance"", ""resource_zone"": ""us-central1-a"", ""vm"": ""8057035535632679842""}",1788608512
2026-09-27T02:35:29.727893Z,"{""command"": ""docker-proxy"", ""command_line"": ""/usr/bin/docker-proxy -proto tcp -host-ip 127.0.0.1 -host-port 9101 -container-ip 172.18.0.4 -container-port 9101 -use-listen-fd"", ""owner"": ""root"", ""pid"": ""6576"", ""process"": ""all"", ""resource_instance_id"": ""8057035535632679842"", ""resource_project_id"": ""proyecto-2-cloud-509714"", ""resource_type"": ""gce_instance"", ""resource_zone"": ""us-central1-a"", ""vm"": ""8057035535632679842""}",1788608512
2026-09-27T02:34:59.735197Z,"{""command"": ""docker-proxy"", ""command_line"": ""/usr/bin/docker-proxy -proto tcp -host-ip 127.0.0.1 -host-port 9101 -container-ip 172.18.0.4 -container-port 9101 -use-listen-fd"", ""owner"": ""root"", ""pid"": ""6576"", ""process"": ""all"", ""resource_instance_id"": ""8057035535632679842"", ""resource_project_id"": ""proyecto-2-cloud-509714"", ""resource_type"": ""gce_instance"", ""resource_zone"": ""us-central1-a"", ""vm"": ""8057035535632679842""}",1788608512
2026-09-27T02:34:29.734305Z,"{""command"": ""docker-proxy"", ""command_line"": ""/usr/bin/docker-proxy -proto tcp -host-ip 127.0.0.1 -host-port 9101 -container-ip 172.18.0.4 -container-port 9101 -use-listen-fd"", ""owner"": ""root"", ""pid"": ""6576"", ""process"": ""all"", ""resource_instance_id"": ""8057035535632679842"", ""resource_project_id"": ""proyecto-2-cloud-509714"", ""resource_type"": ""gce_instance"", ""resource_zone"": ""us-central1-a"", ""vm"": ""8057035535632679842""}",1788608512
2026-09-27T02:33:59.739989Z,"{""command"": ""docker-proxy"", ""command_line"": ""/usr/bin/docker-proxy -proto tcp -host-ip 127.0.0.1 -host-port 9101 -container-ip 172.18.0.4 -container-port 9101 -use-listen-fd"", ""owner"": ""root"", ""pid"": ""6576"", ""process"": ""all"", ""resource_instance_id"": ""8057035535632679842"", ""resource_project_id"": ""proyecto-2-cloud-509714"", ""resource_type"": ""gce_instance"", ""resource_zone"": ""us-central1-a"", ""vm"": ""8057035535632679842""}",1788608512
2026-09-27T02:33:29.728779Z,"{""command"": ""docker-proxy"", ""command_line"": ""/usr/bin/docker-proxy -proto tcp -host-ip 127.0.0.1 -host-port 9101 -container-ip 172.18.0.4 -container-port 9101 -use-listen-fd"", ""owner"": ""root"", ""pid"": ""6576"", ""process"": ""all"", ""resource_instance_id"": ""8057035535632679842"", ""resource_project_id"": ""proyecto-2-cloud-509714"", ""resource_type"": ""gce_instance"", ""resource_zone"": ""us-central1-a"", ""vm"": ""8057035535632679842""}",1788608512
2026-09-27T02:32:59.746415Z,"{""command"": ""docker-proxy"", ""command_line"": ""/usr/bin/docker-proxy -proto tcp -host-ip 127.0.0.1 -host-port 9101 -container-ip 172.18.0.4 -container-port 9101 -use-listen-fd"", ""owner"": ""root"", ""pid"": ""6576"", ""process"": ""all"", ""resource_instance_id"": ""8057035535632679842"", ""resource_project_id"": ""proyecto-2-cloud-509714"", ""resource_type"": ""gce_instance"", ""resource_zone"": ""us-central1-a"", ""vm"": ""8057035535632679842""}",1788608512
2026-09-27T02:32:29.737970Z,"{""command"": ""docker-proxy"", ""command_line"": ""/usr/bin/docker-proxy -proto tcp -host-ip 127.0.0.1 -host-port 9101 -container-ip 172.18.0.4 -container-port 9101 -use-listen-fd"", ""owner"": ""root"", ""pid"": ""6576"", ""process"": ""all"", ""resource_instance_id"": ""8057035535632679842"", ""resource_project_id"": ""proyecto-2-cloud-509714"", ""resource_type"": ""gce_instance"", ""resource_zone"": ""us-central1-a"", ""vm"": ""8057035535632679842""}",1788608512
2026-09-27T02:31:59.737728Z,"{""command"": ""docker-proxy"", ""command_line"": ""/usr/bin/docker-proxy -proto tcp -host-ip 127.0.0.1 -host-port 9101 -container-ip 172.18.0.4 -container-port 9101 -use-listen-fd"", ""owner"": ""root"", ""pid"": ""6576"", ""process"": ""all"", ""resource_instance_id"": ""8057035535632679842"", ""resource_project_id"": ""proyecto-2-cloud-509714"", ""resource_type"": ""gce_instance"", ""resource_zone"": ""us-central1-a"", ""vm"": ""8057035535632679842""}",1788608512
2026-09-27T02:31:29.732203Z,"{""command"": ""docker-proxy"", ""command_line"": ""/usr/bin/docker-proxy -proto tcp -host-ip 127.0.0.1 -host-port 9101 -container-ip 172.18.0.4 -container-port 9101 -use-listen-fd"", ""owner"": ""root"", ""pid"": ""6576"", ""process"": ""all"", ""resource_instance_id"": ""8057035535632679842"", ""resource_project_id"": ""proyecto-2-cloud-509714"", ""resource_type"": ""gce_instance"", ""resource_zone"": ""us-central1-a"", ""vm"": ""8057035535632679842""}",1788608512
2026-09-27T02:30:59.748887Z,"{""command"": ""docker-proxy"", ""command_line"": ""/usr/bin/docker-proxy -proto tcp -host-ip 127.0.0.1 -host-port 9101 -container-ip 172.18.0.4 -container-port 9101 -use-listen-fd"", ""owner"": ""root"", ""pid"": ""6576"", ""process"": ""all"", ""resource_instance_id"": ""8057035535632679842"", ""resource_project_id"": ""proyecto-2-cloud-509714"", ""resource_type"": ""gce_instance"", ""resource_zone"": ""us-central1-a"", ""vm"": ""8057035535632679842""}",1788608512
2026-09-27T02:30:29.743288Z,"{""command"": ""docker-proxy"", ""command_line"": ""/usr/bin/docker-proxy -proto tcp -host-ip 127.0.0.1 -host-port 9101 -container-ip 172.18.0.4 -container-port 9101 -use-listen-fd"", ""owner"": ""root"", ""pid"": ""6576"", ""process"": ""all"", ""resource_instance_id"": ""8057035535632679842"", ""resource_project_id"": ""proyecto-2-cloud-509714"", ""resource_type"": ""gce_instance"", ""resource_zone"": ""us-central1-a"", ""vm"": ""8057035535632679842""}",1788608512
2026-09-27T02:30:22.330150Z,"{""command"": ""docker-proxy"", ""command_line"": ""/usr/bin/docker-proxy -proto tcp -host-ip 127.0.0.1 -host-port 9101 -container-ip 172.18.0.4 -container-port 9101 -use-listen-fd"", ""owner"": ""root"", ""pid"": ""6576"", ""process"": ""all"", ""resource_instance_id"": ""8057035535632679842"", ""resource_project_id"": ""proyecto-2-cloud-509714"", ""resource_type"": ""gce_instance"", ""resource_zone"": ""us-central1-a"", ""vm"": ""8057035535632679842""}",1788608512
2026-09-27T02:49:59.742861Z,"{""command"": ""docker-proxy"", ""command_line"": ""/usr/bin/docker-proxy -proto tcp -host-ip :: -host-port 6379 -container-ip 172.18.0.3 -container-port 6379 -use-listen-fd"", ""owner"": ""root"", ""pid"": ""6475"", ""process"": ""all"", ""resource_instance_id"": ""8057035535632679842"", ""resource_project_id"": ""proyecto-2-cloud-509714"", ""resource_type"": ""gce_instance"", ""resource_zone"": ""us-central1-a"", ""vm"": ""8057035535632679842""}",1637605376
2026-09-27T02:49:29.737421Z,"{""command"": ""docker-proxy"", ""command_line"": ""/usr/bin/docker-proxy -proto tcp -host-ip :: -host-port 6379 -container-ip 172.18.0.3 -container-port 6379 -use-listen-fd"", ""owner"": ""root"", ""pid"": ""6475"", ""process"": ""all"", ""resource_instance_id"": ""8057035535632679842"", ""resource_project_id"": ""proyecto-2-cloud-509714"", ""resource_type"": ""gce_instance"", ""resource_zone"": ""us-central1-a"", ""vm"": ""8057035535632679842""}",1637605376
2026-09-27T02:48:59.733685Z,"{""command"": ""docker-proxy"", ""command_line"": ""/usr/bin/docker-proxy -proto tcp -host-ip :: -host-port 6379 -container-ip 172.18.0.3 -container-port 6379 -use-listen-fd"", ""owner"": ""root"", ""pid"": ""6475"", ""process"": ""all"", ""resource_instance_id"": ""8057035535632679842"", ""resource_project_id"": ""proyecto-2-cloud-509714"", ""resource_type"": ""gce_instance"", ""resource_zone"": ""us-central1-a"", ""vm"": ""8057035535632679842""}",1637605376
2026-09-27T02:48:29.740006Z,"{""command"": ""docker-proxy"", ""command_line"": ""/usr/bin/docker-proxy -proto tcp -host-ip :: -host-port 6379 -container-ip 172.18.0.3 -container-port 6379 -use-listen-fd"", ""owner"": ""root"", ""pid"": ""6475"", ""process"": ""all"", ""resource_instance_id"": ""8057035535632679842"", ""resource_project_id"": ""proyecto-2-cloud-509714"", ""resource_type"": ""gce_instance"", ""resource_zone"": ""us-central1-a"", ""vm"": ""8057035535632679842""}",1637605376
2026-09-27T02:47:59.736978Z,"{""command"": ""docker-proxy"", ""command_line"": ""/usr/bin/docker-proxy -proto tcp -host-ip :: -host-port 6379 -container-ip 172.18.0.3 -container-port 6379 -use-listen-fd"", ""owner"": ""root"", ""pid"": ""6475"", ""process"": ""all"", ""resource_instance_id"": ""8057035535632679842"", ""resource_project_id"": ""proyecto-2-cloud-509714"", ""resource_type"": ""gce_instance"", ""resource_zone"": ""us-central1-a"", ""vm"": ""8057035535632679842""}",1637605376
2026-09-27T02:47:29.734008Z,"{""command"": ""docker-proxy"", ""command_line"": ""/usr/bin/docker-proxy -proto tcp -host-ip :: -host-port 6379 -container-ip 172.18.0.3 -container-port 6379 -use-listen-fd"", ""owner"": ""root"", ""pid"": ""6475"", ""process"": ""all"", ""resource_instance_id"": ""8057035535632679842"", ""resource_project_id"": ""proyecto-2-cloud-509714"", ""resource_type"": ""gce_instance"", ""resource_zone"": ""us-central1-a"", ""vm"": ""8057035535632679842""}",1637605376
2026-09-27T02:46:59.744845Z,"{""command"": ""docker-proxy"", ""command_line"": ""/usr/bin/docker-proxy -proto tcp -host-ip :: -host-port 6379 -container-ip 172.18.0.3 -container-port 6379 -use-listen-fd"", ""owner"": ""root"", ""pid"": ""6475"", ""process"": ""all"", ""resource_instance_id"": ""8057035535632679842"", ""resource_project_id"": ""proyecto-2-cloud-509714"", ""resource_type"": ""gce_instance"", ""resource_zone"": ""us-central1-a"", ""vm"": ""8057035535632679842""}",1637605376
2026-09-27T02:46:29.741459Z,"{""command"": ""docker-proxy"", ""command_line"": ""/usr/bin/docker-proxy -proto tcp -host-ip :: -host-port 6379 -container-ip 172.18.0.3 -container-port 6379 -use-listen-fd"", ""owner"": ""root"", ""pid"": ""6475"", ""process"": ""all"", ""resource_instance_id"": ""8057035535632679842"", ""resource_project_id"": ""proyecto-2-cloud-509714"", ""resource_type"": ""gce_instance"", ""resource_zone"": ""us-central1-a"", ""vm"": ""8057035535632679842""}",1637605376
2026-09-27T02:45:59.733009Z,"{""command"": ""docker-proxy"", ""command_line"": ""/usr/bin/docker-proxy -proto tcp -host-ip :: -host-port 6379 -container-ip 172.18.0.3 -container-port 6379 -use-listen-fd"", ""owner"": ""root"", ""pid"": ""6475"", ""process"": ""all"", ""resource_instance_id"": ""8057035535632679842"", ""resource_project_id"": ""proyecto-2-cloud-509714"", ""resource_type"": ""gce_instance"", ""resource_zone"": ""us-central1-a"", ""vm"": ""8057035535632679842""}",1637605376
2026-09-27T02:45:29.738859Z,"{""command"": ""docker-proxy"", ""command_line"": ""/usr/bin/docker-proxy -proto tcp -host-ip :: -host-port 6379 -container-ip 172.18.0.3 -container-port 6379 -use-listen-fd"", ""owner"": ""root"", ""pid"": ""6475"", ""process"": ""all"", ""resource_instance_id"": ""8057035535632679842"", ""resource_project_id"": ""proyecto-2-cloud-509714"", ""resource_type"": ""gce_instance"", ""resource_zone"": ""us-central1-a"", ""vm"": ""8057035535632679842""}",1637605376
2026-09-27T02:44:59.744690Z,"{""command"": ""docker-proxy"", ""command_line"": ""/usr/bin/docker-proxy -proto tcp -host-ip :: -host-port 6379 -container-ip 172.18.0.3 -container-port 6379 -use-listen-fd"", ""owner"": ""root"", ""pid"": ""6475"", ""process"": ""all"", ""resource_instance_id"": ""8057035535632679842"", ""resource_project_id"": ""proyecto-2-cloud-509714"", ""resource_type"": ""gce_instance"", ""resource_zone"": ""us-central1-a"", ""vm"": ""8057035535632679842""}",1637605376
2026-09-27T02:44:29.741565Z,"{""command"": ""docker-proxy"", ""command_line"": ""/usr/bin/docker-proxy -proto tcp -host-ip :: -host-port 6379 -container-ip 172.18.0.3 -container-port 6379 -use-listen-fd"", ""owner"": ""root"", ""pid"": ""6475"", ""process"": ""all"", ""resource_instance_id"": ""8057035535632679842"", ""resource_project_id"": ""proyecto-2-cloud-509714"", ""resource_type"": ""gce_instance"", ""resource_zone"": ""us-central1-a"", ""vm"": ""8057035535632679842""}",1637605376
2026-09-27T02:43:59.743563Z,"{""command"": ""docker-proxy"", ""command_line"": ""/usr/bin/docker-proxy -proto tcp -host-ip :: -host-port 6379 -container-ip 172.18.0.3 -container-port 6379 -use-listen-fd"", ""owner"": ""root"", ""pid"": ""6475"", ""process"": ""all"", ""resource_instance_id"": ""8057035535632679842"", ""resource_project_id"": ""proyecto-2-cloud-509714"", ""resource_type"": ""gce_instance"", ""resource_zone"": ""us-central1-a"", ""vm"": ""8057035535632679842""}",1637605376
2026-09-27T02:43:29.744909Z,"{""command"": ""docker-proxy"", ""command_line"": ""/usr/bin/docker-proxy -proto tcp -host-ip :: -host-port 6379 -container-ip 172.18.0.3 -container-port 6379 -use-listen-fd"", ""owner"": ""root"", ""pid"": ""6475"", ""process"": ""all"", ""resource_instance_id"": ""8057035535632679842"", ""resource_project_id"": ""proyecto-2-cloud-509714"", ""resource_type"": ""gce_instance"", ""resource_zone"": ""us-central1-a"", ""vm"": ""8057035535632679842""}",1637605376
2026-09-27T02:42:59.737791Z,"{""command"": ""docker-proxy"", ""command_line"": ""/usr/bin/docker-proxy -proto tcp -host-ip :: -host-port 6379 -container-ip 172.18.0.3 -container-port 6379 -use-listen-fd"", ""owner"": ""root"", ""pid"": ""6475"", ""process"": ""all"", ""resource_instance_id"": ""8057035535632679842"", ""resource_project_id"": ""proyecto-2-cloud-509714"", ""resource_type"": ""gce_instance"", ""resource_zone"": ""us-central1-a"", ""vm"": ""8057035535632679842""}",1637605376
2026-09-27T02:42:29.763613Z,"{""command"": ""docker-proxy"", ""command_line"": ""/usr/bin/docker-proxy -proto tcp -host-ip :: -host-port 6379 -container-ip 172.18.0.3 -container-port 6379 -use-listen-fd"", ""owner"": ""root"", ""pid"": ""6475"", ""process"": ""all"", ""resource_instance_id"": ""8057035535632679842"", ""resource_project_id"": ""proyecto-2-cloud-509714"", ""resource_type"": ""gce_instance"", ""resource_zone"": ""us-central1-a"", ""vm"": ""8057035535632679842""}",1637605376
2026-09-27T02:41:59.741507Z,"{""command"": ""docker-proxy"", ""command_line"": ""/usr/bin/docker-proxy -proto tcp -host-ip :: -host-port 6379 -container-ip 172.18.0.3 -container-port 6379 -use-listen-fd"", ""owner"": ""root"", ""pid"": ""6475"", ""process"": ""all"", ""resource_instance_id"": ""8057035535632679842"", ""resource_project_id"": ""proyecto-2-cloud-509714"", ""resource_type"": ""gce_instance"", ""resource_zone"": ""us-central1-a"", ""vm"": ""8057035535632679842""}",1637605376
2026-09-27T02:41:29.744634Z,"{""command"": ""docker-proxy"", ""command_line"": ""/usr/bin/docker-proxy -proto tcp -host-ip :: -host-port 6379 -container-ip 172.18.0.3 -container-port 6379 -use-listen-fd"", ""owner"": ""root"", ""pid"": ""6475"", ""process"": ""all"", ""resource_instance_id"": ""8057035535632679842"", ""resource_project_id"": ""proyecto-2-cloud-509714"", ""resource_type"": ""gce_instance"", ""resource_zone"": ""us-central1-a"", ""vm"": ""8057035535632679842""}",1637605376
2026-09-27T02:40:59.733648Z,"{""command"": ""docker-proxy"", ""command_line"": ""/usr/bin/docker-proxy -proto tcp -host-ip :: -host-port 6379 -container-ip 172.18.0.3 -container-port 6379 -use-listen-fd"", ""owner"": ""root"", ""pid"": ""6475"", ""process"": ""all"", ""resource_instance_id"": ""8057035535632679842"", ""resource_project_id"": ""proyecto-2-cloud-509714"", ""resource_type"": ""gce_instance"", ""resource_zone"": ""us-central1-a"", ""vm"": ""8057035535632679842""}",1637605376
2026-09-27T02:40:29.730711Z,"{""command"": ""docker-proxy"", ""command_line"": ""/usr/bin/docker-proxy -proto tcp -host-ip :: -host-port 6379 -container-ip 172.18.0.3 -container-port 6379 -use-listen-fd"", ""owner"": ""root"", ""pid"": ""6475"", ""process"": ""all"", ""resource_instance_id"": ""8057035535632679842"", ""resource_project_id"": ""proyecto-2-cloud-509714"", ""resource_type"": ""gce_instance"", ""resource_zone"": ""us-central1-a"", ""vm"": ""8057035535632679842""}",1637605376
2026-09-27T02:39:59.740973Z,"{""command"": ""docker-proxy"", ""command_line"": ""/usr/bin/docker-proxy -proto tcp -host-ip :: -host-port 6379 -container-ip 172.18.0.3 -container-port 6379 -use-listen-fd"", ""owner"": ""root"", ""pid"": ""6475"", ""process"": ""all"", ""resource_instance_id"": ""8057035535632679842"", ""resource_project_id"": ""proyecto-2-cloud-509714"", ""resource_type"": ""gce_instance"", ""resource_zone"": ""us-central1-a"", ""vm"": ""8057035535632679842""}",1637605376
2026-09-27T02:39:29.732331Z,"{""command"": ""docker-proxy"", ""command_line"": ""/usr/bin/docker-proxy -proto tcp -host-ip :: -host-port 6379 -container-ip 172.18.0.3 -container-port 6379 -use-listen-fd"", ""owner"": ""root"", ""pid"": ""6475"", ""process"": ""all"", ""resource_instance_id"": ""8057035535632679842"", ""resource_project_id"": ""proyecto-2-cloud-509714"", ""resource_type"": ""gce_instance"", ""resource_zone"": ""us-central1-a"", ""vm"": ""8057035535632679842""}",1637605376
2026-09-27T02:38:59.739639Z,"{""command"": ""docker-proxy"", ""command_line"": ""/usr/bin/docker-proxy -proto tcp -host-ip :: -host-port 6379 -container-ip 172.18.0.3 -container-port 6379 -use-listen-fd"", ""owner"": ""root"", ""pid"": ""6475"", ""process"": ""all"", ""resource_instance_id"": ""8057035535632679842"", ""resource_project_id"": ""proyecto-2-cloud-509714"", ""resource_type"": ""gce_instance"", ""resource_zone"": ""us-central1-a"", ""vm"": ""8057035535632679842""}",1637605376
2026-09-27T02:38:29.729457Z,"{""command"": ""docker-proxy"", ""command_line"": ""/usr/bin/docker-proxy -proto tcp -host-ip :: -host-port 6379 -container-ip 172.18.0.3 -container-port 6379 -use-listen-fd"", ""owner"": ""root"", ""pid"": ""6475"", ""process"": ""all"", ""resource_instance_id"": ""8057035535632679842"", ""resource_project_id"": ""proyecto-2-cloud-509714"", ""resource_type"": ""gce_instance"", ""resource_zone"": ""us-central1-a"", ""vm"": ""8057035535632679842""}",1637605376
2026-09-27T02:37:59.740155Z,"{""command"": ""docker-proxy"", ""command_line"": ""/usr/bin/docker-proxy -proto tcp -host-ip :: -host-port 6379 -container-ip 172.18.0.3 -container-port 6379 -use-listen-fd"", ""owner"": ""root"", ""pid"": ""6475"", ""process"": ""all"", ""resource_instance_id"": ""8057035535632679842"", ""resource_project_id"": ""proyecto-2-cloud-509714"", ""resource_type"": ""gce_instance"", ""resource_zone"": ""us-central1-a"", ""vm"": ""8057035535632679842""}",1637605376
2026-09-27T02:37:29.734429Z,"{""command"": ""docker-proxy"", ""command_line"": ""/usr/bin/docker-proxy -proto tcp -host-ip :: -host-port 6379 -container-ip 172.18.0.3 -container-port 6379 -use-listen-fd"", ""owner"": ""root"", ""pid"": ""6475"", ""process"": ""all"", ""resource_instance_id"": ""8057035535632679842"", ""resource_project_id"": ""proyecto-2-cloud-509714"", ""resource_type"": ""gce_instance"", ""resource_zone"": ""us-central1-a"", ""vm"": ""8057035535632679842""}",1637605376
2026-09-27T02:36:59.742480Z,"{""command"": ""docker-proxy"", ""command_line"": ""/usr/bin/docker-proxy -proto tcp -host-ip :: -host-port 6379 -container-ip 172.18.0.3 -container-port 6379 -use-listen-fd"", ""owner"": ""root"", ""pid"": ""6475"", ""process"": ""all"", ""resource_instance_id"": ""8057035535632679842"", ""resource_project_id"": ""proyecto-2-cloud-509714"", ""resource_type"": ""gce_instance"", ""resource_zone"": ""us-central1-a"", ""vm"": ""8057035535632679842""}",1637605376
2026-09-27T02:36:29.738187Z,"{""command"": ""docker-proxy"", ""command_line"": ""/usr/bin/docker-proxy -proto tcp -host-ip :: -host-port 6379 -container-ip 172.18.0.3 -container-port 6379 -use-listen-fd"", ""owner"": ""root"", ""pid"": ""6475"", ""process"": ""all"", ""resource_instance_id"": ""8057035535632679842"", ""resource_project_id"": ""proyecto-2-cloud-509714"", ""resource_type"": ""gce_instance"", ""resource_zone"": ""us-central1-a"", ""vm"": ""8057035535632679842""}",1637605376
2026-09-27T02:35:59.730840Z,"{""command"": ""docker-proxy"", ""command_line"": ""/usr/bin/docker-proxy -proto tcp -host-ip :: -host-port 6379 -container-ip 172.18.0.3 -container-port 6379 -use-listen-fd"", ""owner"": ""root"", ""pid"": ""6475"", ""process"": ""all"", ""resource_instance_id"": ""8057035535632679842"", ""resource_project_id"": ""proyecto-2-cloud-509714"", ""resource_type"": ""gce_instance"", ""resource_zone"": ""us-central1-a"", ""vm"": ""8057035535632679842""}",1637605376
2026-09-27T02:35:29.727733Z,"{""command"": ""docker-proxy"", ""command_line"": ""/usr/bin/docker-proxy -proto tcp -host-ip :: -host-port 6379 -container-ip 172.18.0.3 -container-port 6379 -use-listen-fd"", ""owner"": ""root"", ""pid"": ""6475"", ""process"": ""all"", ""resource_instance_id"": ""8057035535632679842"", ""resource_project_id"": ""proyecto-2-cloud-509714"", ""resource_type"": ""gce_instance"", ""resource_zone"": ""us-central1-a"", ""vm"": ""8057035535632679842""}",1637605376
2026-09-27T02:34:59.734429Z,"{""command"": ""docker-proxy"", ""command_line"": ""/usr/bin/docker-proxy -proto tcp -host-ip :: -host-port 6379 -container-ip 172.18.0.3 -container-port 6379 -use-listen-fd"", ""owner"": ""root"", ""pid"": ""6475"", ""process"": ""all"", ""resource_instance_id"": ""8057035535632679842"", ""resource_project_id"": ""proyecto-2-cloud-509714"", ""resource_type"": ""gce_instance"", ""resource_zone"": ""us-central1-a"", ""vm"": ""8057035535632679842""}",1637605376
2026-09-27T02:34:29.734022Z,"{""command"": ""docker-proxy"", ""command_line"": ""/usr/bin/docker-proxy -proto tcp -host-ip :: -host-port 6379 -container-ip 172.18.0.3 -container-port 6379 -use-listen-fd"", ""owner"": ""root"", ""pid"": ""6475"", ""process"": ""all"", ""resource_instance_id"": ""8057035535632679842"", ""resource_project_id"": ""proyecto-2-cloud-509714"", ""resource_type"": ""gce_instance"", ""resource_zone"": ""us-central1-a"", ""vm"": ""8057035535632679842""}",1637605376
2026-09-27T02:33:59.739797Z,"{""command"": ""docker-proxy"", ""command_line"": ""/usr/bin/docker-proxy -proto tcp -host-ip :: -host-port 6379 -container-ip 172.18.0.3 -container-port 6379 -use-listen-fd"", ""owner"": ""root"", ""pid"": ""6475"", ""process"": ""all"", ""resource_instance_id"": ""8057035535632679842"", ""resource_project_id"": ""proyecto-2-cloud-509714"", ""resource_type"": ""gce_instance"", ""resource_zone"": ""us-central1-a"", ""vm"": ""8057035535632679842""}",1637605376
2026-09-27T02:33:29.728616Z,"{""command"": ""docker-proxy"", ""command_line"": ""/usr/bin/docker-proxy -proto tcp -host-ip :: -host-port 6379 -container-ip 172.18.0.3 -container-port 6379 -use-listen-fd"", ""owner"": ""root"", ""pid"": ""6475"", ""process"": ""all"", ""resource_instance_id"": ""8057035535632679842"", ""resource_project_id"": ""proyecto-2-cloud-509714"", ""resource_type"": ""gce_instance"", ""resource_zone"": ""us-central1-a"", ""vm"": ""8057035535632679842""}",1637605376
2026-09-27T02:32:59.746203Z,"{""command"": ""docker-proxy"", ""command_line"": ""/usr/bin/docker-proxy -proto tcp -host-ip :: -host-port 6379 -container-ip 172.18.0.3 -container-port 6379 -use-listen-fd"", ""owner"": ""root"", ""pid"": ""6475"", ""process"": ""all"", ""resource_instance_id"": ""8057035535632679842"", ""resource_project_id"": ""proyecto-2-cloud-509714"", ""resource_type"": ""gce_instance"", ""resource_zone"": ""us-central1-a"", ""vm"": ""8057035535632679842""}",1637605376
2026-09-27T02:32:29.737769Z,"{""command"": ""docker-proxy"", ""command_line"": ""/usr/bin/docker-proxy -proto tcp -host-ip :: -host-port 6379 -container-ip 172.18.0.3 -container-port 6379 -use-listen-fd"", ""owner"": ""root"", ""pid"": ""6475"", ""process"": ""all"", ""resource_instance_id"": ""8057035535632679842"", ""resource_project_id"": ""proyecto-2-cloud-509714"", ""resource_type"": ""gce_instance"", ""resource_zone"": ""us-central1-a"", ""vm"": ""8057035535632679842""}",1637605376
2026-09-27T02:31:59.737549Z,"{""command"": ""docker-proxy"", ""command_line"": ""/usr/bin/docker-proxy -proto tcp -host-ip :: -host-port 6379 -container-ip 172.18.0.3 -container-port 6379 -use-listen-fd"", ""owner"": ""root"", ""pid"": ""6475"", ""process"": ""all"", ""resource_instance_id"": ""8057035535632679842"", ""resource_project_id"": ""proyecto-2-cloud-509714"", ""resource_type"": ""gce_instance"", ""resource_zone"": ""us-central1-a"", ""vm"": ""8057035535632679842""}",1637605376
2026-09-27T02:31:29.731998Z,"{""command"": ""docker-proxy"", ""command_line"": ""/usr/bin/docker-proxy -proto tcp -host-ip :: -host-port 6379 -container-ip 172.18.0.3 -container-port 6379 -use-listen-fd"", ""owner"": ""root"", ""pid"": ""6475"", ""process"": ""all"", ""resource_instance_id"": ""8057035535632679842"", ""resource_project_id"": ""proyecto-2-cloud-509714"", ""resource_type"": ""gce_instance"", ""resource_zone"": ""us-central1-a"", ""vm"": ""8057035535632679842""}",1637605376
2026-09-27T02:30:59.748655Z,"{""command"": ""docker-proxy"", ""command_line"": ""/usr/bin/docker-proxy -proto tcp -host-ip :: -host-port 6379 -container-ip 172.18.0.3 -container-port 6379 -use-listen-fd"", ""owner"": ""root"", ""pid"": ""6475"", ""process"": ""all"", ""resource_instance_id"": ""8057035535632679842"", ""resource_project_id"": ""proyecto-2-cloud-509714"", ""resource_type"": ""gce_instance"", ""resource_zone"": ""us-central1-a"", ""vm"": ""8057035535632679842""}",1637605376
2026-09-27T02:30:29.743100Z,"{""command"": ""docker-proxy"", ""command_line"": ""/usr/bin/docker-proxy -proto tcp -host-ip :: -host-port 6379 -container-ip 172.18.0.3 -container-port 6379 -use-listen-fd"", ""owner"": ""root"", ""pid"": ""6475"", ""process"": ""all"", ""resource_instance_id"": ""8057035535632679842"", ""resource_project_id"": ""proyecto-2-cloud-509714"", ""resource_type"": ""gce_instance"", ""resource_zone"": ""us-central1-a"", ""vm"": ""8057035535632679842""}",1637605376
2026-09-27T02:30:22.329920Z,"{""command"": ""docker-proxy"", ""command_line"": ""/usr/bin/docker-proxy -proto tcp -host-ip :: -host-port 6379 -container-ip 172.18.0.3 -container-port 6379 -use-listen-fd"", ""owner"": ""root"", ""pid"": ""6475"", ""process"": ""all"", ""resource_instance_id"": ""8057035535632679842"", ""resource_project_id"": ""proyecto-2-cloud-509714"", ""resource_type"": ""gce_instance"", ""resource_zone"": ""us-central1-a"", ""vm"": ""8057035535632679842""}",1637605376
2026-09-27T02:49:59.741435Z,"{""command"": ""dockerd"", ""command_line"": ""/usr/bin/dockerd -H fd:// --containerd=/run/containerd/containerd.sock"", ""owner"": ""root"", ""pid"": ""2375"", ""process"": ""all"", ""resource_instance_id"": ""8057035535632679842"", ""resource_project_id"": ""proyecto-2-cloud-509714"", ""resource_type"": ""gce_instance"", ""resource_zone"": ""us-central1-a"", ""vm"": ""8057035535632679842""}",2450857984
2026-09-27T02:49:29.736631Z,"{""command"": ""dockerd"", ""command_line"": ""/usr/bin/dockerd -H fd:// --containerd=/run/containerd/containerd.sock"", ""owner"": ""root"", ""pid"": ""2375"", ""process"": ""all"", ""resource_instance_id"": ""8057035535632679842"", ""resource_project_id"": ""proyecto-2-cloud-509714"", ""resource_type"": ""gce_instance"", ""resource_zone"": ""us-central1-a"", ""vm"": ""8057035535632679842""}",2450857984
2026-09-27T02:48:59.732730Z,"{""command"": ""dockerd"", ""command_line"": ""/usr/bin/dockerd -H fd:// --containerd=/run/containerd/containerd.sock"", ""owner"": ""root"", ""pid"": ""2375"", ""process"": ""all"", ""resource_instance_id"": ""8057035535632679842"", ""resource_project_id"": ""proyecto-2-cloud-509714"", ""resource_type"": ""gce_instance"", ""resource_zone"": ""us-central1-a"", ""vm"": ""8057035535632679842""}",2450857984
2026-09-27T02:48:29.738694Z,"{""command"": ""dockerd"", ""command_line"": ""/usr/bin/dockerd -H fd:// --containerd=/run/containerd/containerd.sock"", ""owner"": ""root"", ""pid"": ""2375"", ""process"": ""all"", ""resource_instance_id"": ""8057035535632679842"", ""resource_project_id"": ""proyecto-2-cloud-509714"", ""resource_type"": ""gce_instance"", ""resource_zone"": ""us-central1-a"", ""vm"": ""8057035535632679842""}",2450857984
2026-09-27T02:47:59.736314Z,"{""command"": ""dockerd"", ""command_line"": ""/usr/bin/dockerd -H fd:// --containerd=/run/containerd/containerd.sock"", ""owner"": ""root"", ""pid"": ""2375"", ""process"": ""all"", ""resource_instance_id"": ""8057035535632679842"", ""resource_project_id"": ""proyecto-2-cloud-509714"", ""resource_type"": ""gce_instance"", ""resource_zone"": ""us-central1-a"", ""vm"": ""8057035535632679842""}",2450857984
2026-09-27T02:47:29.733307Z,"{""command"": ""dockerd"", ""command_line"": ""/usr/bin/dockerd -H fd:// --containerd=/run/containerd/containerd.sock"", ""owner"": ""root"", ""pid"": ""2375"", ""process"": ""all"", ""resource_instance_id"": ""8057035535632679842"", ""resource_project_id"": ""proyecto-2-cloud-509714"", ""resource_type"": ""gce_instance"", ""resource_zone"": ""us-central1-a"", ""vm"": ""8057035535632679842""}",2450857984
2026-09-27T02:46:59.744094Z,"{""command"": ""dockerd"", ""command_line"": ""/usr/bin/dockerd -H fd:// --containerd=/run/containerd/containerd.sock"", ""owner"": ""root"", ""pid"": ""2375"", ""process"": ""all"", ""resource_instance_id"": ""8057035535632679842"", ""resource_project_id"": ""proyecto-2-cloud-509714"", ""resource_type"": ""gce_instance"", ""resource_zone"": ""us-central1-a"", ""vm"": ""8057035535632679842""}",2450857984
2026-09-27T02:46:29.740356Z,"{""command"": ""dockerd"", ""command_line"": ""/usr/bin/dockerd -H fd:// --containerd=/run/containerd/containerd.sock"", ""owner"": ""root"", ""pid"": ""2375"", ""process"": ""all"", ""resource_instance_id"": ""8057035535632679842"", ""resource_project_id"": ""proyecto-2-cloud-509714"", ""resource_type"": ""gce_instance"", ""resource_zone"": ""us-central1-a"", ""vm"": ""8057035535632679842""}",2450857984
2026-09-27T02:45:59.732333Z,"{""command"": ""dockerd"", ""command_line"": ""/usr/bin/dockerd -H fd:// --containerd=/run/containerd/containerd.sock"", ""owner"": ""root"", ""pid"": ""2375"", ""process"": ""all"", ""resource_instance_id"": ""8057035535632679842"", ""resource_project_id"": ""proyecto-2-cloud-509714"", ""resource_type"": ""gce_instance"", ""resource_zone"": ""us-central1-a"", ""vm"": ""8057035535632679842""}",2450857984
2026-09-27T02:45:29.738138Z,"{""command"": ""dockerd"", ""command_line"": ""/usr/bin/dockerd -H fd:// --containerd=/run/containerd/containerd.sock"", ""owner"": ""root"", ""pid"": ""2375"", ""process"": ""all"", ""resource_instance_id"": ""8057035535632679842"", ""resource_project_id"": ""proyecto-2-cloud-509714"", ""resource_type"": ""gce_instance"", ""resource_zone"": ""us-central1-a"", ""vm"": ""8057035535632679842""}",2450857984
2026-09-27T02:44:59.743951Z,"{""command"": ""dockerd"", ""command_line"": ""/usr/bin/dockerd -H fd:// --containerd=/run/containerd/containerd.sock"", ""owner"": ""root"", ""pid"": ""2375"", ""process"": ""all"", ""resource_instance_id"": ""8057035535632679842"", ""resource_project_id"": ""proyecto-2-cloud-509714"", ""resource_type"": ""gce_instance"", ""resource_zone"": ""us-central1-a"", ""vm"": ""8057035535632679842""}",2450857984
2026-09-27T02:44:29.740861Z,"{""command"": ""dockerd"", ""command_line"": ""/usr/bin/dockerd -H fd:// --containerd=/run/containerd/containerd.sock"", ""owner"": ""root"", ""pid"": ""2375"", ""process"": ""all"", ""resource_instance_id"": ""8057035535632679842"", ""resource_project_id"": ""proyecto-2-cloud-509714"", ""resource_type"": ""gce_instance"", ""resource_zone"": ""us-central1-a"", ""vm"": ""8057035535632679842""}",2450857984
2026-09-27T02:43:59.742521Z,"{""command"": ""dockerd"", ""command_line"": ""/usr/bin/dockerd -H fd:// --containerd=/run/containerd/containerd.sock"", ""owner"": ""root"", ""pid"": ""2375"", ""process"": ""all"", ""resource_instance_id"": ""8057035535632679842"", ""resource_project_id"": ""proyecto-2-cloud-509714"", ""resource_type"": ""gce_instance"", ""resource_zone"": ""us-central1-a"", ""vm"": ""8057035535632679842""}",2450857984
2026-09-27T02:43:29.744011Z,"{""command"": ""dockerd"", ""command_line"": ""/usr/bin/dockerd -H fd:// --containerd=/run/containerd/containerd.sock"", ""owner"": ""root"", ""pid"": ""2375"", ""process"": ""all"", ""resource_instance_id"": ""8057035535632679842"", ""resource_project_id"": ""proyecto-2-cloud-509714"", ""resource_type"": ""gce_instance"", ""resource_zone"": ""us-central1-a"", ""vm"": ""8057035535632679842""}",2450857984
2026-09-27T02:42:59.736942Z,"{""command"": ""dockerd"", ""command_line"": ""/usr/bin/dockerd -H fd:// --containerd=/run/containerd/containerd.sock"", ""owner"": ""root"", ""pid"": ""2375"", ""process"": ""all"", ""resource_instance_id"": ""8057035535632679842"", ""resource_project_id"": ""proyecto-2-cloud-509714"", ""resource_type"": ""gce_instance"", ""resource_zone"": ""us-central1-a"", ""vm"": ""8057035535632679842""}",2450857984
2026-09-27T02:42:29.762906Z,"{""command"": ""dockerd"", ""command_line"": ""/usr/bin/dockerd -H fd:// --containerd=/run/containerd/containerd.sock"", ""owner"": ""root"", ""pid"": ""2375"", ""process"": ""all"", ""resource_instance_id"": ""8057035535632679842"", ""resource_project_id"": ""proyecto-2-cloud-509714"", ""resource_type"": ""gce_instance"", ""resource_zone"": ""us-central1-a"", ""vm"": ""8057035535632679842""}",2450857984
2026-09-27T02:41:59.740623Z,"{""command"": ""dockerd"", ""command_line"": ""/usr/bin/dockerd -H fd:// --containerd=/run/containerd/containerd.sock"", ""owner"": ""root"", ""pid"": ""2375"", ""process"": ""all"", ""resource_instance_id"": ""8057035535632679842"", ""resource_project_id"": ""proyecto-2-cloud-509714"", ""resource_type"": ""gce_instance"", ""resource_zone"": ""us-central1-a"", ""vm"": ""8057035535632679842""}",2375356416
2026-09-27T02:41:29.743902Z,"{""command"": ""dockerd"", ""command_line"": ""/usr/bin/dockerd -H fd:// --containerd=/run/containerd/containerd.sock"", ""owner"": ""root"", ""pid"": ""2375"", ""process"": ""all"", ""resource_instance_id"": ""8057035535632679842"", ""resource_project_id"": ""proyecto-2-cloud-509714"", ""resource_type"": ""gce_instance"", ""resource_zone"": ""us-central1-a"", ""vm"": ""8057035535632679842""}",2375356416
2026-09-27T02:40:59.732402Z,"{""command"": ""dockerd"", ""command_line"": ""/usr/bin/dockerd -H fd:// --containerd=/run/containerd/containerd.sock"", ""owner"": ""root"", ""pid"": ""2375"", ""process"": ""all"", ""resource_instance_id"": ""8057035535632679842"", ""resource_project_id"": ""proyecto-2-cloud-509714"", ""resource_type"": ""gce_instance"", ""resource_zone"": ""us-central1-a"", ""vm"": ""8057035535632679842""}",2375356416
2026-09-27T02:40:29.729949Z,"{""command"": ""dockerd"", ""command_line"": ""/usr/bin/dockerd -H fd:// --containerd=/run/containerd/containerd.sock"", ""owner"": ""root"", ""pid"": ""2375"", ""process"": ""all"", ""resource_instance_id"": ""8057035535632679842"", ""resource_project_id"": ""proyecto-2-cloud-509714"", ""resource_type"": ""gce_instance"", ""resource_zone"": ""us-central1-a"", ""vm"": ""8057035535632679842""}",2375356416
2026-09-27T02:39:59.739562Z,"{""command"": ""dockerd"", ""command_line"": ""/usr/bin/dockerd -H fd:// --containerd=/run/containerd/containerd.sock"", ""owner"": ""root"", ""pid"": ""2375"", ""process"": ""all"", ""resource_instance_id"": ""8057035535632679842"", ""resource_project_id"": ""proyecto-2-cloud-509714"", ""resource_type"": ""gce_instance"", ""resource_zone"": ""us-central1-a"", ""vm"": ""8057035535632679842""}",2375356416
2026-09-27T02:39:29.731628Z,"{""command"": ""dockerd"", ""command_line"": ""/usr/bin/dockerd -H fd:// --containerd=/run/containerd/containerd.sock"", ""owner"": ""root"", ""pid"": ""2375"", ""process"": ""all"", ""resource_instance_id"": ""8057035535632679842"", ""resource_project_id"": ""proyecto-2-cloud-509714"", ""resource_type"": ""gce_instance"", ""resource_zone"": ""us-central1-a"", ""vm"": ""8057035535632679842""}",2375356416
2026-09-27T02:38:59.738125Z,"{""command"": ""dockerd"", ""command_line"": ""/usr/bin/dockerd -H fd:// --containerd=/run/containerd/containerd.sock"", ""owner"": ""root"", ""pid"": ""2375"", ""process"": ""all"", ""resource_instance_id"": ""8057035535632679842"", ""resource_project_id"": ""proyecto-2-cloud-509714"", ""resource_type"": ""gce_instance"", ""resource_zone"": ""us-central1-a"", ""vm"": ""8057035535632679842""}",2375356416
2026-09-27T02:38:29.728766Z,"{""command"": ""dockerd"", ""command_line"": ""/usr/bin/dockerd -H fd:// --containerd=/run/containerd/containerd.sock"", ""owner"": ""root"", ""pid"": ""2375"", ""process"": ""all"", ""resource_instance_id"": ""8057035535632679842"", ""resource_project_id"": ""proyecto-2-cloud-509714"", ""resource_type"": ""gce_instance"", ""resource_zone"": ""us-central1-a"", ""vm"": ""8057035535632679842""}",2375356416
2026-09-27T02:37:59.739425Z,"{""command"": ""dockerd"", ""command_line"": ""/usr/bin/dockerd -H fd:// --containerd=/run/containerd/containerd.sock"", ""owner"": ""root"", ""pid"": ""2375"", ""process"": ""all"", ""resource_instance_id"": ""8057035535632679842"", ""resource_project_id"": ""proyecto-2-cloud-509714"", ""resource_type"": ""gce_instance"", ""resource_zone"": ""us-central1-a"", ""vm"": ""8057035535632679842""}",2375356416
2026-09-27T02:37:29.733658Z,"{""command"": ""dockerd"", ""command_line"": ""/usr/bin/dockerd -H fd:// --containerd=/run/containerd/containerd.sock"", ""owner"": ""root"", ""pid"": ""2375"", ""process"": ""all"", ""resource_instance_id"": ""8057035535632679842"", ""resource_project_id"": ""proyecto-2-cloud-509714"", ""resource_type"": ""gce_instance"", ""resource_zone"": ""us-central1-a"", ""vm"": ""8057035535632679842""}",2375356416
2026-09-27T02:36:59.741581Z,"{""command"": ""dockerd"", ""command_line"": ""/usr/bin/dockerd -H fd:// --containerd=/run/containerd/containerd.sock"", ""owner"": ""root"", ""pid"": ""2375"", ""process"": ""all"", ""resource_instance_id"": ""8057035535632679842"", ""resource_project_id"": ""proyecto-2-cloud-509714"", ""resource_type"": ""gce_instance"", ""resource_zone"": ""us-central1-a"", ""vm"": ""8057035535632679842""}",2375356416
2026-09-27T02:36:29.736924Z,"{""command"": ""dockerd"", ""command_line"": ""/usr/bin/dockerd -H fd:// --containerd=/run/containerd/containerd.sock"", ""owner"": ""root"", ""pid"": ""2375"", ""process"": ""all"", ""resource_instance_id"": ""8057035535632679842"", ""resource_project_id"": ""proyecto-2-cloud-509714"", ""resource_type"": ""gce_instance"", ""resource_zone"": ""us-central1-a"", ""vm"": ""8057035535632679842""}",2375356416
2026-09-27T02:35:59.729604Z,"{""command"": ""dockerd"", ""command_line"": ""/usr/bin/dockerd -H fd:// --containerd=/run/containerd/containerd.sock"", ""owner"": ""root"", ""pid"": ""2375"", ""process"": ""all"", ""resource_instance_id"": ""8057035535632679842"", ""resource_project_id"": ""proyecto-2-cloud-509714"", ""resource_type"": ""gce_instance"", ""resource_zone"": ""us-central1-a"", ""vm"": ""8057035535632679842""}",2375356416
2026-09-27T02:35:29.727087Z,"{""command"": ""dockerd"", ""command_line"": ""/usr/bin/dockerd -H fd:// --containerd=/run/containerd/containerd.sock"", ""owner"": ""root"", ""pid"": ""2375"", ""process"": ""all"", ""resource_instance_id"": ""8057035535632679842"", ""resource_project_id"": ""proyecto-2-cloud-509714"", ""resource_type"": ""gce_instance"", ""resource_zone"": ""us-central1-a"", ""vm"": ""8057035535632679842""}",2375356416
2026-09-27T02:34:59.733062Z,"{""command"": ""dockerd"", ""command_line"": ""/usr/bin/dockerd -H fd:// --containerd=/run/containerd/containerd.sock"", ""owner"": ""root"", ""pid"": ""2375"", ""process"": ""all"", ""resource_instance_id"": ""8057035535632679842"", ""resource_project_id"": ""proyecto-2-cloud-509714"", ""resource_type"": ""gce_instance"", ""resource_zone"": ""us-central1-a"", ""vm"": ""8057035535632679842""}",2375356416
2026-09-27T02:34:29.732835Z,"{""command"": ""dockerd"", ""command_line"": ""/usr/bin/dockerd -H fd:// --containerd=/run/containerd/containerd.sock"", ""owner"": ""root"", ""pid"": ""2375"", ""process"": ""all"", ""resource_instance_id"": ""8057035535632679842"", ""resource_project_id"": ""proyecto-2-cloud-509714"", ""resource_type"": ""gce_instance"", ""resource_zone"": ""us-central1-a"", ""vm"": ""8057035535632679842""}",2375356416
2026-09-27T02:33:59.738880Z,"{""command"": ""dockerd"", ""command_line"": ""/usr/bin/dockerd -H fd:// --containerd=/run/containerd/containerd.sock"", ""owner"": ""root"", ""pid"": ""2375"", ""process"": ""all"", ""resource_instance_id"": ""8057035535632679842"", ""resource_project_id"": ""proyecto-2-cloud-509714"", ""resource_type"": ""gce_instance"", ""resource_zone"": ""us-central1-a"", ""vm"": ""8057035535632679842""}",2375356416
2026-09-27T02:33:29.727835Z,"{""command"": ""dockerd"", ""command_line"": ""/usr/bin/dockerd -H fd:// --containerd=/run/containerd/containerd.sock"", ""owner"": ""root"", ""pid"": ""2375"", ""process"": ""all"", ""resource_instance_id"": ""8057035535632679842"", ""resource_project_id"": ""proyecto-2-cloud-509714"", ""resource_type"": ""gce_instance"", ""resource_zone"": ""us-central1-a"", ""vm"": ""8057035535632679842""}",2375356416
2026-09-27T02:32:59.745258Z,"{""command"": ""dockerd"", ""command_line"": ""/usr/bin/dockerd -H fd:// --containerd=/run/containerd/containerd.sock"", ""owner"": ""root"", ""pid"": ""2375"", ""process"": ""all"", ""resource_instance_id"": ""8057035535632679842"", ""resource_project_id"": ""proyecto-2-cloud-509714"", ""resource_type"": ""gce_instance"", ""resource_zone"": ""us-central1-a"", ""vm"": ""8057035535632679842""}",2375356416
2026-09-27T02:32:29.736633Z,"{""command"": ""dockerd"", ""command_line"": ""/usr/bin/dockerd -H fd:// --containerd=/run/containerd/containerd.sock"", ""owner"": ""root"", ""pid"": ""2375"", ""process"": ""all"", ""resource_instance_id"": ""8057035535632679842"", ""resource_project_id"": ""proyecto-2-cloud-509714"", ""resource_type"": ""gce_instance"", ""resource_zone"": ""us-central1-a"", ""vm"": ""8057035535632679842""}",2375356416
2026-09-27T02:31:59.736612Z,"{""command"": ""dockerd"", ""command_line"": ""/usr/bin/dockerd -H fd:// --containerd=/run/containerd/containerd.sock"", ""owner"": ""root"", ""pid"": ""2375"", ""process"": ""all"", ""resource_instance_id"": ""8057035535632679842"", ""resource_project_id"": ""proyecto-2-cloud-509714"", ""resource_type"": ""gce_instance"", ""resource_zone"": ""us-central1-a"", ""vm"": ""8057035535632679842""}",2375356416
2026-09-27T02:31:29.731006Z,"{""command"": ""dockerd"", ""command_line"": ""/usr/bin/dockerd -H fd:// --containerd=/run/containerd/containerd.sock"", ""owner"": ""root"", ""pid"": ""2375"", ""process"": ""all"", ""resource_instance_id"": ""8057035535632679842"", ""resource_project_id"": ""proyecto-2-cloud-509714"", ""resource_type"": ""gce_instance"", ""resource_zone"": ""us-central1-a"", ""vm"": ""8057035535632679842""}",2375356416
2026-09-27T02:30:59.747633Z,"{""command"": ""dockerd"", ""command_line"": ""/usr/bin/dockerd -H fd:// --containerd=/run/containerd/containerd.sock"", ""owner"": ""root"", ""pid"": ""2375"", ""process"": ""all"", ""resource_instance_id"": ""8057035535632679842"", ""resource_project_id"": ""proyecto-2-cloud-509714"", ""resource_type"": ""gce_instance"", ""resource_zone"": ""us-central1-a"", ""vm"": ""8057035535632679842""}",2375356416
2026-09-27T02:30:29.741892Z,"{""command"": ""dockerd"", ""command_line"": ""/usr/bin/dockerd -H fd:// --containerd=/run/containerd/containerd.sock"", ""owner"": ""root"", ""pid"": ""2375"", ""process"": ""all"", ""resource_instance_id"": ""8057035535632679842"", ""resource_project_id"": ""proyecto-2-cloud-509714"", ""resource_type"": ""gce_instance"", ""resource_zone"": ""us-central1-a"", ""vm"": ""8057035535632679842""}",2375356416
2026-09-27T02:30:22.328785Z,"{""command"": ""dockerd"", ""command_line"": ""/usr/bin/dockerd -H fd:// --containerd=/run/containerd/containerd.sock"", ""owner"": ""root"", ""pid"": ""2375"", ""process"": ""all"", ""resource_instance_id"": ""8057035535632679842"", ""resource_project_id"": ""proyecto-2-cloud-509714"", ""resource_type"": ""gce_instance"", ""resource_zone"": ""us-central1-a"", ""vm"": ""8057035535632679842""}",2375356416
2026-09-27T02:49:59.741053Z,"{""command"": ""exim4"", ""command_line"": ""/usr/sbin/exim4 -bd -q30m"", ""owner"": ""Debian-exim"", ""pid"": ""741"", ""process"": ""all"", ""resource_instance_id"": ""8057035535632679842"", ""resource_project_id"": ""proyecto-2-cloud-509714"", ""resource_type"": ""gce_instance"", ""resource_zone"": ""us-central1-a"", ""vm"": ""8057035535632679842""}",31203328
2026-09-27T02:49:29.736378Z,"{""command"": ""exim4"", ""command_line"": ""/usr/sbin/exim4 -bd -q30m"", ""owner"": ""Debian-exim"", ""pid"": ""741"", ""process"": ""all"", ""resource_instance_id"": ""8057035535632679842"", ""resource_project_id"": ""proyecto-2-cloud-509714"", ""resource_type"": ""gce_instance"", ""resource_zone"": ""us-central1-a"", ""vm"": ""8057035535632679842""}",31203328
2026-09-27T02:48:59.732384Z,"{""command"": ""exim4"", ""command_line"": ""/usr/sbin/exim4 -bd -q30m"", ""owner"": ""Debian-exim"", ""pid"": ""741"", ""process"": ""all"", ""resource_instance_id"": ""8057035535632679842"", ""resource_project_id"": ""proyecto-2-cloud-509714"", ""resource_type"": ""gce_instance"", ""resource_zone"": ""us-central1-a"", ""vm"": ""8057035535632679842""}",31203328
2026-09-27T02:48:29.738349Z,"{""command"": ""exim4"", ""command_line"": ""/usr/sbin/exim4 -bd -q30m"", ""owner"": ""Debian-exim"", ""pid"": ""741"", ""process"": ""all"", ""resource_instance_id"": ""8057035535632679842"", ""resource_project_id"": ""proyecto-2-cloud-509714"", ""resource_type"": ""gce_instance"", ""resource_zone"": ""us-central1-a"", ""vm"": ""8057035535632679842""}",31203328
2026-09-27T02:47:59.735952Z,"{""command"": ""exim4"", ""command_line"": ""/usr/sbin/exim4 -bd -q30m"", ""owner"": ""Debian-exim"", ""pid"": ""741"", ""process"": ""all"", ""resource_instance_id"": ""8057035535632679842"", ""resource_project_id"": ""proyecto-2-cloud-509714"", ""resource_type"": ""gce_instance"", ""resource_zone"": ""us-central1-a"", ""vm"": ""8057035535632679842""}",31203328
2026-09-27T02:47:29.733066Z,"{""command"": ""exim4"", ""command_line"": ""/usr/sbin/exim4 -bd -q30m"", ""owner"": ""Debian-exim"", ""pid"": ""741"", ""process"": ""all"", ""resource_instance_id"": ""8057035535632679842"", ""resource_project_id"": ""proyecto-2-cloud-509714"", ""resource_type"": ""gce_instance"", ""resource_zone"": ""us-central1-a"", ""vm"": ""8057035535632679842""}",31203328
2026-09-27T02:46:59.743814Z,"{""command"": ""exim4"", ""command_line"": ""/usr/sbin/exim4 -bd -q30m"", ""owner"": ""Debian-exim"", ""pid"": ""741"", ""process"": ""all"", ""resource_instance_id"": ""8057035535632679842"", ""resource_project_id"": ""proyecto-2-cloud-509714"", ""resource_type"": ""gce_instance"", ""resource_zone"": ""us-central1-a"", ""vm"": ""8057035535632679842""}",31203328
2026-09-27T02:46:29.739900Z,"{""command"": ""exim4"", ""command_line"": ""/usr/sbin/exim4 -bd -q30m"", ""owner"": ""Debian-exim"", ""pid"": ""741"", ""process"": ""all"", ""resource_instance_id"": ""8057035535632679842"", ""resource_project_id"": ""proyecto-2-cloud-509714"", ""resource_type"": ""gce_instance"", ""resource_zone"": ""us-central1-a"", ""vm"": ""8057035535632679842""}",31203328
2026-09-27T02:45:59.732119Z,"{""command"": ""exim4"", ""command_line"": ""/usr/sbin/exim4 -bd -q30m"", ""owner"": ""Debian-exim"", ""pid"": ""741"", ""process"": ""all"", ""resource_instance_id"": ""8057035535632679842"", ""resource_project_id"": ""proyecto-2-cloud-509714"", ""resource_type"": ""gce_instance"", ""resource_zone"": ""us-central1-a"", ""vm"": ""8057035535632679842""}",31203328
2026-09-27T02:45:29.737921Z,"{""command"": ""exim4"", ""command_line"": ""/usr/sbin/exim4 -bd -q30m"", ""owner"": ""Debian-exim"", ""pid"": ""741"", ""process"": ""all"", ""resource_instance_id"": ""8057035535632679842"", ""resource_project_id"": ""proyecto-2-cloud-509714"", ""resource_type"": ""gce_instance"", ""resource_zone"": ""us-central1-a"", ""vm"": ""8057035535632679842""}",31203328
2026-09-27T02:44:59.743702Z,"{""command"": ""exim4"", ""command_line"": ""/usr/sbin/exim4 -bd -q30m"", ""owner"": ""Debian-exim"", ""pid"": ""741"", ""process"": ""all"", ""resource_instance_id"": ""8057035535632679842"", ""resource_project_id"": ""proyecto-2-cloud-509714"", ""resource_type"": ""gce_instance"", ""resource_zone"": ""us-central1-a"", ""vm"": ""8057035535632679842""}",31203328
2026-09-27T02:44:29.740587Z,"{""command"": ""exim4"", ""command_line"": ""/usr/sbin/exim4 -bd -q30m"", ""owner"": ""Debian-exim"", ""pid"": ""741"", ""process"": ""all"", ""resource_instance_id"": ""8057035535632679842"", ""resource_project_id"": ""proyecto-2-cloud-509714"", ""resource_type"": ""gce_instance"", ""resource_zone"": ""us-central1-a"", ""vm"": ""8057035535632679842""}",31203328
2026-09-27T02:43:59.742262Z,"{""command"": ""exim4"", ""command_line"": ""/usr/sbin/exim4 -bd -q30m"", ""owner"": ""Debian-exim"", ""pid"": ""741"", ""process"": ""all"", ""resource_instance_id"": ""8057035535632679842"", ""resource_project_id"": ""proyecto-2-cloud-509714"", ""resource_type"": ""gce_instance"", ""resource_zone"": ""us-central1-a"", ""vm"": ""8057035535632679842""}",31203328
2026-09-27T02:43:29.743635Z,"{""command"": ""exim4"", ""command_line"": ""/usr/sbin/exim4 -bd -q30m"", ""owner"": ""Debian-exim"", ""pid"": ""741"", ""process"": ""all"", ""resource_instance_id"": ""8057035535632679842"", ""resource_project_id"": ""proyecto-2-cloud-509714"", ""resource_type"": ""gce_instance"", ""resource_zone"": ""us-central1-a"", ""vm"": ""8057035535632679842""}",31203328
2026-09-27T02:42:59.736691Z,"{""command"": ""exim4"", ""command_line"": ""/usr/sbin/exim4 -bd -q30m"", ""owner"": ""Debian-exim"", ""pid"": ""741"", ""process"": ""all"", ""resource_instance_id"": ""8057035535632679842"", ""resource_project_id"": ""proyecto-2-cloud-509714"", ""resource_type"": ""gce_instance"", ""resource_zone"": ""us-central1-a"", ""vm"": ""8057035535632679842""}",31203328
2026-09-27T02:42:29.762622Z,"{""command"": ""exim4"", ""command_line"": ""/usr/sbin/exim4 -bd -q30m"", ""owner"": ""Debian-exim"", ""pid"": ""741"", ""process"": ""all"", ""resource_instance_id"": ""8057035535632679842"", ""resource_project_id"": ""proyecto-2-cloud-509714"", ""resource_type"": ""gce_instance"", ""resource_zone"": ""us-central1-a"", ""vm"": ""8057035535632679842""}",31203328
2026-09-27T02:41:59.740240Z,"{""command"": ""exim4"", ""command_line"": ""/usr/sbin/exim4 -bd -q30m"", ""owner"": ""Debian-exim"", ""pid"": ""741"", ""process"": ""all"", ""resource_instance_id"": ""8057035535632679842"", ""resource_project_id"": ""proyecto-2-cloud-509714"", ""resource_type"": ""gce_instance"", ""resource_zone"": ""us-central1-a"", ""vm"": ""8057035535632679842""}",31203328
2026-09-27T02:41:29.743668Z,"{""command"": ""exim4"", ""command_line"": ""/usr/sbin/exim4 -bd -q30m"", ""owner"": ""Debian-exim"", ""pid"": ""741"", ""process"": ""all"", ""resource_instance_id"": ""8057035535632679842"", ""resource_project_id"": ""proyecto-2-cloud-509714"", ""resource_type"": ""gce_instance"", ""resource_zone"": ""us-central1-a"", ""vm"": ""8057035535632679842""}",31203328
2026-09-27T02:40:59.731960Z,"{""command"": ""exim4"", ""command_line"": ""/usr/sbin/exim4 -bd -q30m"", ""owner"": ""Debian-exim"", ""pid"": ""741"", ""process"": ""all"", ""resource_instance_id"": ""8057035535632679842"", ""resource_project_id"": ""proyecto-2-cloud-509714"", ""resource_type"": ""gce_instance"", ""resource_zone"": ""us-central1-a"", ""vm"": ""8057035535632679842""}",31203328
2026-09-27T02:40:29.729716Z,"{""command"": ""exim4"", ""command_line"": ""/usr/sbin/exim4 -bd -q30m"", ""owner"": ""Debian-exim"", ""pid"": ""741"", ""process"": ""all"", ""resource_instance_id"": ""8057035535632679842"", ""resource_project_id"": ""proyecto-2-cloud-509714"", ""resource_type"": ""gce_instance"", ""resource_zone"": ""us-central1-a"", ""vm"": ""8057035535632679842""}",31203328
2026-09-27T02:39:59.737593Z,"{""command"": ""exim4"", ""command_line"": ""/usr/sbin/exim4 -bd -q30m"", ""owner"": ""Debian-exim"", ""pid"": ""741"", ""process"": ""all"", ""resource_instance_id"": ""8057035535632679842"", ""resource_project_id"": ""proyecto-2-cloud-509714"", ""resource_type"": ""gce_instance"", ""resource_zone"": ""us-central1-a"", ""vm"": ""8057035535632679842""}",31203328
2026-09-27T02:39:29.731334Z,"{""command"": ""exim4"", ""command_line"": ""/usr/sbin/exim4 -bd -q30m"", ""owner"": ""Debian-exim"", ""pid"": ""741"", ""process"": ""all"", ""resource_instance_id"": ""8057035535632679842"", ""resource_project_id"": ""proyecto-2-cloud-509714"", ""resource_type"": ""gce_instance"", ""resource_zone"": ""us-central1-a"", ""vm"": ""8057035535632679842""}",31203328
2026-09-27T02:38:59.737666Z,"{""command"": ""exim4"", ""command_line"": ""/usr/sbin/exim4 -bd -q30m"", ""owner"": ""Debian-exim"", ""pid"": ""741"", ""process"": ""all"", ""resource_instance_id"": ""8057035535632679842"", ""resource_project_id"": ""proyecto-2-cloud-509714"", ""resource_type"": ""gce_instance"", ""resource_zone"": ""us-central1-a"", ""vm"": ""8057035535632679842""}",31203328
2026-09-27T02:38:29.728546Z,"{""command"": ""exim4"", ""command_line"": ""/usr/sbin/exim4 -bd -q30m"", ""owner"": ""Debian-exim"", ""pid"": ""741"", ""process"": ""all"", ""resource_instance_id"": ""8057035535632679842"", ""resource_project_id"": ""proyecto-2-cloud-509714"", ""resource_type"": ""gce_instance"", ""resource_zone"": ""us-central1-a"", ""vm"": ""8057035535632679842""}",31203328
2026-09-27T02:37:59.739158Z,"{""command"": ""exim4"", ""command_line"": ""/usr/sbin/exim4 -bd -q30m"", ""owner"": ""Debian-exim"", ""pid"": ""741"", ""process"": ""all"", ""resource_instance_id"": ""8057035535632679842"", ""resource_project_id"": ""proyecto-2-cloud-509714"", ""resource_type"": ""gce_instance"", ""resource_zone"": ""us-central1-a"", ""vm"": ""8057035535632679842""}",31203328
2026-09-27T02:37:29.733408Z,"{""command"": ""exim4"", ""command_line"": ""/usr/sbin/exim4 -bd -q30m"", ""owner"": ""Debian-exim"", ""pid"": ""741"", ""process"": ""all"", ""resource_instance_id"": ""8057035535632679842"", ""resource_project_id"": ""proyecto-2-cloud-509714"", ""resource_type"": ""gce_instance"", ""resource_zone"": ""us-central1-a"", ""vm"": ""8057035535632679842""}",31203328
2026-09-27T02:36:59.741256Z,"{""command"": ""exim4"", ""command_line"": ""/usr/sbin/exim4 -bd -q30m"", ""owner"": ""Debian-exim"", ""pid"": ""741"", ""process"": ""all"", ""resource_instance_id"": ""8057035535632679842"", ""resource_project_id"": ""proyecto-2-cloud-509714"", ""resource_type"": ""gce_instance"", ""resource_zone"": ""us-central1-a"", ""vm"": ""8057035535632679842""}",31203328
2026-09-27T02:36:29.736515Z,"{""command"": ""exim4"", ""command_line"": ""/usr/sbin/exim4 -bd -q30m"", ""owner"": ""Debian-exim"", ""pid"": ""741"", ""process"": ""all"", ""resource_instance_id"": ""8057035535632679842"", ""resource_project_id"": ""proyecto-2-cloud-509714"", ""resource_type"": ""gce_instance"", ""resource_zone"": ""us-central1-a"", ""vm"": ""8057035535632679842""}",31203328
2026-09-27T02:35:59.729089Z,"{""command"": ""exim4"", ""command_line"": ""/usr/sbin/exim4 -bd -q30m"", ""owner"": ""Debian-exim"", ""pid"": ""741"", ""process"": ""all"", ""resource_instance_id"": ""8057035535632679842"", ""resource_project_id"": ""proyecto-2-cloud-509714"", ""resource_type"": ""gce_instance"", ""resource_zone"": ""us-central1-a"", ""vm"": ""8057035535632679842""}",31203328
2026-09-27T02:35:29.726848Z,"{""command"": ""exim4"", ""command_line"": ""/usr/sbin/exim4 -bd -q30m"", ""owner"": ""Debian-exim"", ""pid"": ""741"", ""process"": ""all"", ""resource_instance_id"": ""8057035535632679842"", ""resource_project_id"": ""proyecto-2-cloud-509714"", ""resource_type"": ""gce_instance"", ""resource_zone"": ""us-central1-a"", ""vm"": ""8057035535632679842""}",31203328
2026-09-27T02:34:59.732640Z,"{""command"": ""exim4"", ""command_line"": ""/usr/sbin/exim4 -bd -q30m"", ""owner"": ""Debian-exim"", ""pid"": ""741"", ""process"": ""all"", ""resource_instance_id"": ""8057035535632679842"", ""resource_project_id"": ""proyecto-2-cloud-509714"", ""resource_type"": ""gce_instance"", ""resource_zone"": ""us-central1-a"", ""vm"": ""8057035535632679842""}",31203328
2026-09-27T02:34:29.732429Z,"{""command"": ""exim4"", ""command_line"": ""/usr/sbin/exim4 -bd -q30m"", ""owner"": ""Debian-exim"", ""pid"": ""741"", ""process"": ""all"", ""resource_instance_id"": ""8057035535632679842"", ""resource_project_id"": ""proyecto-2-cloud-509714"", ""resource_type"": ""gce_instance"", ""resource_zone"": ""us-central1-a"", ""vm"": ""8057035535632679842""}",31203328
2026-09-27T02:33:59.738442Z,"{""command"": ""exim4"", ""command_line"": ""/usr/sbin/exim4 -bd -q30m"", ""owner"": ""Debian-exim"", ""pid"": ""741"", ""process"": ""all"", ""resource_instance_id"": ""8057035535632679842"", ""resource_project_id"": ""proyecto-2-cloud-509714"", ""resource_type"": ""gce_instance"", ""resource_zone"": ""us-central1-a"", ""vm"": ""8057035535632679842""}",31203328
2026-09-27T02:33:29.727623Z,"{""command"": ""exim4"", ""command_line"": ""/usr/sbin/exim4 -bd -q30m"", ""owner"": ""Debian-exim"", ""pid"": ""741"", ""process"": ""all"", ""resource_instance_id"": ""8057035535632679842"", ""resource_project_id"": ""proyecto-2-cloud-509714"", ""resource_type"": ""gce_instance"", ""resource_zone"": ""us-central1-a"", ""vm"": ""8057035535632679842""}",31203328
2026-09-27T02:32:59.744942Z,"{""command"": ""exim4"", ""command_line"": ""/usr/sbin/exim4 -bd -q30m"", ""owner"": ""Debian-exim"", ""pid"": ""741"", ""process"": ""all"", ""resource_instance_id"": ""8057035535632679842"", ""resource_project_id"": ""proyecto-2-cloud-509714"", ""resource_type"": ""gce_instance"", ""resource_zone"": ""us-central1-a"", ""vm"": ""8057035535632679842""}",31203328
2026-09-27T02:32:29.736374Z,"{""command"": ""exim4"", ""command_line"": ""/usr/sbin/exim4 -bd -q30m"", ""owner"": ""Debian-exim"", ""pid"": ""741"", ""process"": ""all"", ""resource_instance_id"": ""8057035535632679842"", ""resource_project_id"": ""proyecto-2-cloud-509714"", ""resource_type"": ""gce_instance"", ""resource_zone"": ""us-central1-a"", ""vm"": ""8057035535632679842""}",31203328
2026-09-27T02:31:59.736367Z,"{""command"": ""exim4"", ""command_line"": ""/usr/sbin/exim4 -bd -q30m"", ""owner"": ""Debian-exim"", ""pid"": ""741"", ""process"": ""all"", ""resource_instance_id"": ""8057035535632679842"", ""resource_project_id"": ""proyecto-2-cloud-509714"", ""resource_type"": ""gce_instance"", ""resource_zone"": ""us-central1-a"", ""vm"": ""8057035535632679842""}",31203328
2026-09-27T02:31:29.730778Z,"{""command"": ""exim4"", ""command_line"": ""/usr/sbin/exim4 -bd -q30m"", ""owner"": ""Debian-exim"", ""pid"": ""741"", ""process"": ""all"", ""resource_instance_id"": ""8057035535632679842"", ""resource_project_id"": ""proyecto-2-cloud-509714"", ""resource_type"": ""gce_instance"", ""resource_zone"": ""us-central1-a"", ""vm"": ""8057035535632679842""}",31203328
2026-09-27T02:30:59.747365Z,"{""command"": ""exim4"", ""command_line"": ""/usr/sbin/exim4 -bd -q30m"", ""owner"": ""Debian-exim"", ""pid"": ""741"", ""process"": ""all"", ""resource_instance_id"": ""8057035535632679842"", ""resource_project_id"": ""proyecto-2-cloud-509714"", ""resource_type"": ""gce_instance"", ""resource_zone"": ""us-central1-a"", ""vm"": ""8057035535632679842""}",31203328
2026-09-27T02:30:29.741580Z,"{""command"": ""exim4"", ""command_line"": ""/usr/sbin/exim4 -bd -q30m"", ""owner"": ""Debian-exim"", ""pid"": ""741"", ""process"": ""all"", ""resource_instance_id"": ""8057035535632679842"", ""resource_project_id"": ""proyecto-2-cloud-509714"", ""resource_type"": ""gce_instance"", ""resource_zone"": ""us-central1-a"", ""vm"": ""8057035535632679842""}",31203328
2026-09-27T02:30:22.328199Z,"{""command"": ""exim4"", ""command_line"": ""/usr/sbin/exim4 -bd -q30m"", ""owner"": ""Debian-exim"", ""pid"": ""741"", ""process"": ""all"", ""resource_instance_id"": ""8057035535632679842"", ""resource_project_id"": ""proyecto-2-cloud-509714"", ""resource_type"": ""gce_instance"", ""resource_zone"": ""us-central1-a"", ""vm"": ""8057035535632679842""}",31203328
2026-09-27T02:49:59.738554Z,"{""command"": ""ext4-rsv-conver"", ""command_line"": """", ""owner"": ""root"", ""pid"": ""185"", ""process"": ""all"", ""resource_instance_id"": ""8057035535632679842"", ""resource_project_id"": ""proyecto-2-cloud-509714"", ""resource_type"": ""gce_instance"", ""resource_zone"": ""us-central1-a"", ""vm"": ""8057035535632679842""}",0
2026-09-27T02:49:29.734952Z,"{""command"": ""ext4-rsv-conver"", ""command_line"": """", ""owner"": ""root"", ""pid"": ""185"", ""process"": ""all"", ""resource_instance_id"": ""8057035535632679842"", ""resource_project_id"": ""proyecto-2-cloud-509714"", ""resource_type"": ""gce_instance"", ""resource_zone"": ""us-central1-a"", ""vm"": ""8057035535632679842""}",0
2026-09-27T02:48:59.729794Z,"{""command"": ""ext4-rsv-conver"", ""command_line"": """", ""owner"": ""root"", ""pid"": ""185"", ""process"": ""all"", ""resource_instance_id"": ""8057035535632679842"", ""resource_project_id"": ""proyecto-2-cloud-509714"", ""resource_type"": ""gce_instance"", ""resource_zone"": ""us-central1-a"", ""vm"": ""8057035535632679842""}",0
2026-09-27T02:48:29.736697Z,"{""command"": ""ext4-rsv-conver"", ""command_line"": """", ""owner"": ""root"", ""pid"": ""185"", ""process"": ""all"", ""resource_instance_id"": ""8057035535632679842"", ""resource_project_id"": ""proyecto-2-cloud-509714"", ""resource_type"": ""gce_instance"", ""resource_zone"": ""us-central1-a"", ""vm"": ""8057035535632679842""}",0
2026-09-27T02:47:59.734310Z,"{""command"": ""ext4-rsv-conver"", ""command_line"": """", ""owner"": ""root"", ""pid"": ""185"", ""process"": ""all"", ""resource_instance_id"": ""8057035535632679842"", ""resource_project_id"": ""proyecto-2-cloud-509714"", ""resource_type"": ""gce_instance"", ""resource_zone"": ""us-central1-a"", ""vm"": ""8057035535632679842""}",0
2026-09-27T02:47:29.731555Z,"{""command"": ""ext4-rsv-conver"", ""command_line"": """", ""owner"": ""root"", ""pid"": ""185"", ""process"": ""all"", ""resource_instance_id"": ""8057035535632679842"", ""resource_project_id"": ""proyecto-2-cloud-509714"", ""resource_type"": ""gce_instance"", ""resource_zone"": ""us-central1-a"", ""vm"": ""8057035535632679842""}",0
2026-09-27T02:46:59.742081Z,"{""command"": ""ext4-rsv-conver"", ""command_line"": """", ""owner"": ""root"", ""pid"": ""185"", ""process"": ""all"", ""resource_instance_id"": ""8057035535632679842"", ""resource_project_id"": ""proyecto-2-cloud-509714"", ""resource_type"": ""gce_instance"", ""resource_zone"": ""us-central1-a"", ""vm"": ""8057035535632679842""}",0
2026-09-27T02:46:29.736255Z,"{""command"": ""ext4-rsv-conver"", ""command_line"": """", ""owner"": ""root"", ""pid"": ""185"", ""process"": ""all"", ""resource_instance_id"": ""8057035535632679842"", ""resource_project_id"": ""proyecto-2-cloud-509714"", ""resource_type"": ""gce_instance"", ""resource_zone"": ""us-central1-a"", ""vm"": ""8057035535632679842""}",0
2026-09-27T02:45:59.730848Z,"{""command"": ""ext4-rsv-conver"", ""command_line"": """", ""owner"": ""root"", ""pid"": ""185"", ""process"": ""all"", ""resource_instance_id"": ""8057035535632679842"", ""resource_project_id"": ""proyecto-2-cloud-509714"", ""resource_type"": ""gce_instance"", ""resource_zone"": ""us-central1-a"", ""vm"": ""8057035535632679842""}",0
2026-09-27T02:45:29.736619Z,"{""command"": ""ext4-rsv-conver"", ""command_line"": """", ""owner"": ""root"", ""pid"": ""185"", ""process"": ""all"", ""resource_instance_id"": ""8057035535632679842"", ""resource_project_id"": ""proyecto-2-cloud-509714"", ""resource_type"": ""gce_instance"", ""resource_zone"": ""us-central1-a"", ""vm"": ""8057035535632679842""}",0
2026-09-27T02:44:59.742009Z,"{""command"": ""ext4-rsv-conver"", ""command_line"": """", ""owner"": ""root"", ""pid"": ""185"", ""process"": ""all"", ""resource_instance_id"": ""8057035535632679842"", ""resource_project_id"": ""proyecto-2-cloud-509714"", ""resource_type"": ""gce_instance"", ""resource_zone"": ""us-central1-a"", ""vm"": ""8057035535632679842""}",0
2026-09-27T02:44:29.739130Z,"{""command"": ""ext4-rsv-conver"", ""command_line"": """", ""owner"": ""root"", ""pid"": ""185"", ""process"": ""all"", ""resource_instance_id"": ""8057035535632679842"", ""resource_project_id"": ""proyecto-2-cloud-509714"", ""resource_type"": ""gce_instance"", ""resource_zone"": ""us-central1-a"", ""vm"": ""8057035535632679842""}",0
2026-09-27T02:43:59.740690Z,"{""command"": ""ext4-rsv-conver"", ""command_line"": """", ""owner"": ""root"", ""pid"": ""185"", ""process"": ""all"", ""resource_instance_id"": ""8057035535632679842"", ""resource_project_id"": ""proyecto-2-cloud-509714"", ""resource_type"": ""gce_instance"", ""resource_zone"": ""us-central1-a"", ""vm"": ""8057035535632679842""}",0
2026-09-27T02:43:29.741358Z,"{""command"": ""ext4-rsv-conver"", ""command_line"": """", ""owner"": ""root"", ""pid"": ""185"", ""process"": ""all"", ""resource_instance_id"": ""8057035535632679842"", ""resource_project_id"": ""proyecto-2-cloud-509714"", ""resource_type"": ""gce_instance"", ""resource_zone"": ""us-central1-a"", ""vm"": ""8057035535632679842""}",0
2026-09-27T02:42:59.735208Z,"{""command"": ""ext4-rsv-conver"", ""command_line"": """", ""owner"": ""root"", ""pid"": ""185"", ""process"": ""all"", ""resource_instance_id"": ""8057035535632679842"", ""resource_project_id"": ""proyecto-2-cloud-509714"", ""resource_type"": ""gce_instance"", ""resource_zone"": ""us-central1-a"", ""vm"": ""8057035535632679842""}",0
2026-09-27T02:42:29.761088Z,"{""command"": ""ext4-rsv-conver"", ""command_line"": """", ""owner"": ""root"", ""pid"": ""185"", ""process"": ""all"", ""resource_instance_id"": ""8057035535632679842"", ""resource_project_id"": ""proyecto-2-cloud-509714"", ""resource_type"": ""gce_instance"", ""resource_zone"": ""us-central1-a"", ""vm"": ""8057035535632679842""}",0
2026-09-27T02:41:59.738440Z,"{""command"": ""ext4-rsv-conver"", ""command_line"": """", ""owner"": ""root"", ""pid"": ""185"", ""process"": ""all"", ""resource_instance_id"": ""8057035535632679842"", ""resource_project_id"": ""proyecto-2-cloud-509714"", ""resource_type"": ""gce_instance"", ""resource_zone"": ""us-central1-a"", ""vm"": ""8057035535632679842""}",0
2026-09-27T02:41:29.742226Z,"{""command"": ""ext4-rsv-conver"", ""command_line"": """", ""owner"": ""root"", ""pid"": ""185"", ""process"": ""all"", ""resource_instance_id"": ""8057035535632679842"", ""resource_project_id"": ""proyecto-2-cloud-509714"", ""resource_type"": ""gce_instance"", ""resource_zone"": ""us-central1-a"", ""vm"": ""8057035535632679842""}",0
2026-09-27T02:40:59.729839Z,"{""command"": ""ext4-rsv-conver"", ""command_line"": """", ""owner"": ""root"", ""pid"": ""185"", ""process"": ""all"", ""resource_instance_id"": ""8057035535632679842"", ""resource_project_id"": ""proyecto-2-cloud-509714"", ""resource_type"": ""gce_instance"", ""resource_zone"": ""us-central1-a"", ""vm"": ""8057035535632679842""}",0
2026-09-27T02:40:29.728094Z,"{""command"": ""ext4-rsv-conver"", ""command_line"": """", ""owner"": ""root"", ""pid"": ""185"", ""process"": ""all"", ""resource_instance_id"": ""8057035535632679842"", ""resource_project_id"": ""proyecto-2-cloud-509714"", ""resource_type"": ""gce_instance"", ""resource_zone"": ""us-central1-a"", ""vm"": ""8057035535632679842""}",0
2026-09-27T02:39:59.734916Z,"{""command"": ""ext4-rsv-conver"", ""command_line"": """", ""owner"": ""root"", ""pid"": ""185"", ""process"": ""all"", ""resource_instance_id"": ""8057035535632679842"", ""resource_project_id"": ""proyecto-2-cloud-509714"", ""resource_type"": ""gce_instance"", ""resource_zone"": ""us-central1-a"", ""vm"": ""8057035535632679842""}",0
2026-09-27T02:39:29.729778Z,"{""command"": ""ext4-rsv-conver"", ""command_line"": """", ""owner"": ""root"", ""pid"": ""185"", ""process"": ""all"", ""resource_instance_id"": ""8057035535632679842"", ""resource_project_id"": ""proyecto-2-cloud-509714"", ""resource_type"": ""gce_instance"", ""resource_zone"": ""us-central1-a"", ""vm"": ""8057035535632679842""}",0
2026-09-27T02:38:59.735155Z,"{""command"": ""ext4-rsv-conver"", ""command_line"": """", ""owner"": ""root"", ""pid"": ""185"", ""process"": ""all"", ""resource_instance_id"": ""8057035535632679842"", ""resource_project_id"": ""proyecto-2-cloud-509714"", ""resource_type"": ""gce_instance"", ""resource_zone"": ""us-central1-a"", ""vm"": ""8057035535632679842""}",0
2026-09-27T02:38:29.727153Z,"{""command"": ""ext4-rsv-conver"", ""command_line"": """", ""owner"": ""root"", ""pid"": ""185"", ""process"": ""all"", ""resource_instance_id"": ""8057035535632679842"", ""resource_project_id"": ""proyecto-2-cloud-509714"", ""resource_type"": ""gce_instance"", ""resource_zone"": ""us-central1-a"", ""vm"": ""8057035535632679842""}",0
2026-09-27T02:37:59.737604Z,"{""command"": ""ext4-rsv-conver"", ""command_line"": """", ""owner"": ""root"", ""pid"": ""185"", ""process"": ""all"", ""resource_instance_id"": ""8057035535632679842"", ""resource_project_id"": ""proyecto-2-cloud-509714"", ""resource_type"": ""gce_instance"", ""resource_zone"": ""us-central1-a"", ""vm"": ""8057035535632679842""}",0
2026-09-27T02:37:29.731816Z,"{""command"": ""ext4-rsv-conver"", ""command_line"": """", ""owner"": ""root"", ""pid"": ""185"", ""process"": ""all"", ""resource_instance_id"": ""8057035535632679842"", ""resource_project_id"": ""proyecto-2-cloud-509714"", ""resource_type"": ""gce_instance"", ""resource_zone"": ""us-central1-a"", ""vm"": ""8057035535632679842""}",0
2026-09-27T02:36:59.738918Z,"{""command"": ""ext4-rsv-conver"", ""command_line"": """", ""owner"": ""root"", ""pid"": ""185"", ""process"": ""all"", ""resource_instance_id"": ""8057035535632679842"", ""resource_project_id"": ""proyecto-2-cloud-509714"", ""resource_type"": ""gce_instance"", ""resource_zone"": ""us-central1-a"", ""vm"": ""8057035535632679842""}",0
2026-09-27T02:36:29.734020Z,"{""command"": ""ext4-rsv-conver"", ""command_line"": """", ""owner"": ""root"", ""pid"": ""185"", ""process"": ""all"", ""resource_instance_id"": ""8057035535632679842"", ""resource_project_id"": ""proyecto-2-cloud-509714"", ""resource_type"": ""gce_instance"", ""resource_zone"": ""us-central1-a"", ""vm"": ""8057035535632679842""}",0
2026-09-27T02:35:59.726791Z,"{""command"": ""ext4-rsv-conver"", ""command_line"": """", ""owner"": ""root"", ""pid"": ""185"", ""process"": ""all"", ""resource_instance_id"": ""8057035535632679842"", ""resource_project_id"": ""proyecto-2-cloud-509714"", ""resource_type"": ""gce_instance"", ""resource_zone"": ""us-central1-a"", ""vm"": ""8057035535632679842""}",0
2026-09-27T02:35:29.725384Z,"{""command"": ""ext4-rsv-conver"", ""command_line"": """", ""owner"": ""root"", ""pid"": ""185"", ""process"": ""all"", ""resource_instance_id"": ""8057035535632679842"", ""resource_project_id"": ""proyecto-2-cloud-509714"", ""resource_type"": ""gce_instance"", ""resource_zone"": ""us-central1-a"", ""vm"": ""8057035535632679842""}",0
2026-09-27T02:34:59.730358Z,"{""command"": ""ext4-rsv-conver"", ""command_line"": """", ""owner"": ""root"", ""pid"": ""185"", ""process"": ""all"", ""resource_instance_id"": ""8057035535632679842"", ""resource_project_id"": ""proyecto-2-cloud-509714"", ""resource_type"": ""gce_instance"", ""resource_zone"": ""us-central1-a"", ""vm"": ""8057035535632679842""}",0
2026-09-27T02:34:29.729868Z,"{""command"": ""ext4-rsv-conver"", ""command_line"": """", ""owner"": ""root"", ""pid"": ""185"", ""process"": ""all"", ""resource_instance_id"": ""8057035535632679842"", ""resource_project_id"": ""proyecto-2-cloud-509714"", ""resource_type"": ""gce_instance"", ""resource_zone"": ""us-central1-a"", ""vm"": ""8057035535632679842""}",0
2026-09-27T02:33:59.736920Z,"{""command"": ""ext4-rsv-conver"", ""command_line"": """", ""owner"": ""root"", ""pid"": ""185"", ""process"": ""all"", ""resource_instance_id"": ""8057035535632679842"", ""resource_project_id"": ""proyecto-2-cloud-509714"", ""resource_type"": ""gce_instance"", ""resource_zone"": ""us-central1-a"", ""vm"": ""8057035535632679842""}",0
2026-09-27T02:33:29.726140Z,"{""command"": ""ext4-rsv-conver"", ""command_line"": """", ""owner"": ""root"", ""pid"": ""185"", ""process"": ""all"", ""resource_instance_id"": ""8057035535632679842"", ""resource_project_id"": ""proyecto-2-cloud-509714"", ""resource_type"": ""gce_instance"", ""resource_zone"": ""us-central1-a"", ""vm"": ""8057035535632679842""}",0
2026-09-27T02:32:59.743389Z,"{""command"": ""ext4-rsv-conver"", ""command_line"": """", ""owner"": ""root"", ""pid"": ""185"", ""process"": ""all"", ""resource_instance_id"": ""8057035535632679842"", ""resource_project_id"": ""proyecto-2-cloud-509714"", ""resource_type"": ""gce_instance"", ""resource_zone"": ""us-central1-a"", ""vm"": ""8057035535632679842""}",0
2026-09-27T02:32:29.734493Z,"{""command"": ""ext4-rsv-conver"", ""command_line"": """", ""owner"": ""root"", ""pid"": ""185"", ""process"": ""all"", ""resource_instance_id"": ""8057035535632679842"", ""resource_project_id"": ""proyecto-2-cloud-509714"", ""resource_type"": ""gce_instance"", ""resource_zone"": ""us-central1-a"", ""vm"": ""8057035535632679842""}",0
2026-09-27T02:31:59.734809Z,"{""command"": ""ext4-rsv-conver"", ""command_line"": """", ""owner"": ""root"", ""pid"": ""185"", ""process"": ""all"", ""resource_instance_id"": ""8057035535632679842"", ""resource_project_id"": ""proyecto-2-cloud-509714"", ""resource_type"": ""gce_instance"", ""resource_zone"": ""us-central1-a"", ""vm"": ""8057035535632679842""}",0
2026-09-27T02:31:29.729185Z,"{""command"": ""ext4-rsv-conver"", ""command_line"": """", ""owner"": ""root"", ""pid"": ""185"", ""process"": ""all"", ""resource_instance_id"": ""8057035535632679842"", ""resource_project_id"": ""proyecto-2-cloud-509714"", ""resource_type"": ""gce_instance"", ""resource_zone"": ""us-central1-a"", ""vm"": ""8057035535632679842""}",0
2026-09-27T02:30:59.745192Z,"{""command"": ""ext4-rsv-conver"", ""command_line"": """", ""owner"": ""root"", ""pid"": ""185"", ""process"": ""all"", ""resource_instance_id"": ""8057035535632679842"", ""resource_project_id"": ""proyecto-2-cloud-509714"", ""resource_type"": ""gce_instance"", ""resource_zone"": ""us-central1-a"", ""vm"": ""8057035535632679842""}",0
2026-09-27T02:30:29.739893Z,"{""command"": ""ext4-rsv-conver"", ""command_line"": """", ""owner"": ""root"", ""pid"": ""185"", ""process"": ""all"", ""resource_instance_id"": ""8057035535632679842"", ""resource_project_id"": ""proyecto-2-cloud-509714"", ""resource_type"": ""gce_instance"", ""resource_zone"": ""us-central1-a"", ""vm"": ""8057035535632679842""}",0
2026-09-27T02:30:22.326310Z,"{""command"": ""ext4-rsv-conver"", ""command_line"": """", ""owner"": ""root"", ""pid"": ""185"", ""process"": ""all"", ""resource_instance_id"": ""8057035535632679842"", ""resource_project_id"": ""proyecto-2-cloud-509714"", ""resource_type"": ""gce_instance"", ""resource_zone"": ""us-central1-a"", ""vm"": ""8057035535632679842""}",0
2026-09-27T02:30:22.330400Z,"{""command"": ""fluent-bit"", ""command_line"": ""/opt/google-cloud-ops-agent/subagents/fluent-bit/bin/fluent-bit --config /run/google-cloud-ops-agent-fluent-bit/fluent_bit_main.conf --parser /run/google-cloud-ops-agent-fluent-bit/fluent_bit_parser.conf --storage_path /var/lib/google-cloud-ops-agent/fluent-bit/buffers"", ""owner"": ""root"", ""pid"": ""8577"", ""process"": ""all"", ""resource_instance_id"": ""8057035535632679842"", ""resource_project_id"": ""proyecto-2-cloud-509714"", ""resource_type"": ""gce_instance"", ""resource_zone"": ""us-central1-a"", ""vm"": ""8057035535632679842""}",940679168
2026-09-27T02:49:59.743426Z,"{""command"": ""fluent-bit"", ""command_line"": ""/opt/google-cloud-ops-agent/subagents/fluent-bit/bin/fluent-bit --config /run/google-cloud-ops-agent-fluent-bit/fluent_bit_main.conf --parser /run/google-cloud-ops-agent-fluent-bit/fluent_bit_parser.conf --storage_path /var/lib/google-cloud-ops-agent/fluent-bit/buffers"", ""owner"": ""root"", ""pid"": ""8758"", ""process"": ""all"", ""resource_instance_id"": ""8057035535632679842"", ""resource_project_id"": ""proyecto-2-cloud-509714"", ""resource_type"": ""gce_instance"", ""resource_zone"": ""us-central1-a"", ""vm"": ""8057035535632679842""}",873570304
2026-09-27T02:49:29.737733Z,"{""command"": ""fluent-bit"", ""command_line"": ""/opt/google-cloud-ops-agent/subagents/fluent-bit/bin/fluent-bit --config /run/google-cloud-ops-agent-fluent-bit/fluent_bit_main.conf --parser /run/google-cloud-ops-agent-fluent-bit/fluent_bit_parser.conf --storage_path /var/lib/google-cloud-ops-agent/fluent-bit/buffers"", ""owner"": ""root"", ""pid"": ""8758"", ""process"": ""all"", ""resource_instance_id"": ""8057035535632679842"", ""resource_project_id"": ""proyecto-2-cloud-509714"", ""resource_type"": ""gce_instance"", ""resource_zone"": ""us-central1-a"", ""vm"": ""8057035535632679842""}",873570304
2026-09-27T02:48:59.734112Z,"{""command"": ""fluent-bit"", ""command_line"": ""/opt/google-cloud-ops-agent/subagents/fluent-bit/bin/fluent-bit --config /run/google-cloud-ops-agent-fluent-bit/fluent_bit_main.conf --parser /run/google-cloud-ops-agent-fluent-bit/fluent_bit_parser.conf --storage_path /var/lib/google-cloud-ops-agent/fluent-bit/buffers"", ""owner"": ""root"", ""pid"": ""8758"", ""process"": ""all"", ""resource_instance_id"": ""8057035535632679842"", ""resource_project_id"": ""proyecto-2-cloud-509714"", ""resource_type"": ""gce_instance"", ""resource_zone"": ""us-central1-a"", ""vm"": ""8057035535632679842""}",873570304
2026-09-27T02:48:29.740359Z,"{""command"": ""fluent-bit"", ""command_line"": ""/opt/google-cloud-ops-agent/subagents/fluent-bit/bin/fluent-bit --config /run/google-cloud-ops-agent-fluent-bit/fluent_bit_main.conf --parser /run/google-cloud-ops-agent-fluent-bit/fluent_bit_parser.conf --storage_path /var/lib/google-cloud-ops-agent/fluent-bit/buffers"", ""owner"": ""root"", ""pid"": ""8758"", ""process"": ""all"", ""resource_instance_id"": ""8057035535632679842"", ""resource_project_id"": ""proyecto-2-cloud-509714"", ""resource_type"": ""gce_instance"", ""resource_zone"": ""us-central1-a"", ""vm"": ""8057035535632679842""}",873570304
2026-09-27T02:47:59.737287Z,"{""command"": ""fluent-bit"", ""command_line"": ""/opt/google-cloud-ops-agent/subagents/fluent-bit/bin/fluent-bit --config /run/google-cloud-ops-agent-fluent-bit/fluent_bit_main.conf --parser /run/google-cloud-ops-agent-fluent-bit/fluent_bit_parser.conf --storage_path /var/lib/google-cloud-ops-agent/fluent-bit/buffers"", ""owner"": ""root"", ""pid"": ""8758"", ""process"": ""all"", ""resource_instance_id"": ""8057035535632679842"", ""resource_project_id"": ""proyecto-2-cloud-509714"", ""resource_type"": ""gce_instance"", ""resource_zone"": ""us-central1-a"", ""vm"": ""8057035535632679842""}",873570304
2026-09-27T02:47:29.734354Z,"{""command"": ""fluent-bit"", ""command_line"": ""/opt/google-cloud-ops-agent/subagents/fluent-bit/bin/fluent-bit --config /run/google-cloud-ops-agent-fluent-bit/fluent_bit_main.conf --parser /run/google-cloud-ops-agent-fluent-bit/fluent_bit_parser.conf --storage_path /var/lib/google-cloud-ops-agent/fluent-bit/buffers"", ""owner"": ""root"", ""pid"": ""8758"", ""process"": ""all"", ""resource_instance_id"": ""8057035535632679842"", ""resource_project_id"": ""proyecto-2-cloud-509714"", ""resource_type"": ""gce_instance"", ""resource_zone"": ""us-central1-a"", ""vm"": ""8057035535632679842""}",873570304
2026-09-27T02:46:59.745176Z,"{""command"": ""fluent-bit"", ""command_line"": ""/opt/google-cloud-ops-agent/subagents/fluent-bit/bin/fluent-bit --config /run/google-cloud-ops-agent-fluent-bit/fluent_bit_main.conf --parser /run/google-cloud-ops-agent-fluent-bit/fluent_bit_parser.conf --storage_path /var/lib/google-cloud-ops-agent/fluent-bit/buffers"", ""owner"": ""root"", ""pid"": ""8758"", ""process"": ""all"", ""resource_instance_id"": ""8057035535632679842"", ""resource_project_id"": ""proyecto-2-cloud-509714"", ""resource_type"": ""gce_instance"", ""resource_zone"": ""us-central1-a"", ""vm"": ""8057035535632679842""}",873570304
2026-09-27T02:46:29.741939Z,"{""command"": ""fluent-bit"", ""command_line"": ""/opt/google-cloud-ops-agent/subagents/fluent-bit/bin/fluent-bit --config /run/google-cloud-ops-agent-fluent-bit/fluent_bit_main.conf --parser /run/google-cloud-ops-agent-fluent-bit/fluent_bit_parser.conf --storage_path /var/lib/google-cloud-ops-agent/fluent-bit/buffers"", ""owner"": ""root"", ""pid"": ""8758"", ""process"": ""all"", ""resource_instance_id"": ""8057035535632679842"", ""resource_project_id"": ""proyecto-2-cloud-509714"", ""resource_type"": ""gce_instance"", ""resource_zone"": ""us-central1-a"", ""vm"": ""8057035535632679842""}",873570304
2026-09-27T02:45:59.733298Z,"{""command"": ""fluent-bit"", ""command_line"": ""/opt/google-cloud-ops-agent/subagents/fluent-bit/bin/fluent-bit --config /run/google-cloud-ops-agent-fluent-bit/fluent_bit_main.conf --parser /run/google-cloud-ops-agent-fluent-bit/fluent_bit_parser.conf --storage_path /var/lib/google-cloud-ops-agent/fluent-bit/buffers"", ""owner"": ""root"", ""pid"": ""8758"", ""process"": ""all"", ""resource_instance_id"": ""8057035535632679842"", ""resource_project_id"": ""proyecto-2-cloud-509714"", ""resource_type"": ""gce_instance"", ""resource_zone"": ""us-central1-a"", ""vm"": ""8057035535632679842""}",873570304
2026-09-27T02:45:29.739149Z,"{""command"": ""fluent-bit"", ""command_line"": ""/opt/google-cloud-ops-agent/subagents/fluent-bit/bin/fluent-bit --config /run/google-cloud-ops-agent-fluent-bit/fluent_bit_main.conf --parser /run/google-cloud-ops-agent-fluent-bit/fluent_bit_parser.conf --storage_path /var/lib/google-cloud-ops-agent/fluent-bit/buffers"", ""owner"": ""root"", ""pid"": ""8758"", ""process"": ""all"", ""resource_instance_id"": ""8057035535632679842"", ""resource_project_id"": ""proyecto-2-cloud-509714"", ""resource_type"": ""gce_instance"", ""resource_zone"": ""us-central1-a"", ""vm"": ""8057035535632679842""}",873570304
2026-09-27T02:44:59.745025Z,"{""command"": ""fluent-bit"", ""command_line"": ""/opt/google-cloud-ops-agent/subagents/fluent-bit/bin/fluent-bit --config /run/google-cloud-ops-agent-fluent-bit/fluent_bit_main.conf --parser /run/google-cloud-ops-agent-fluent-bit/fluent_bit_parser.conf --storage_path /var/lib/google-cloud-ops-agent/fluent-bit/buffers"", ""owner"": ""root"", ""pid"": ""8758"", ""process"": ""all"", ""resource_instance_id"": ""8057035535632679842"", ""resource_project_id"": ""proyecto-2-cloud-509714"", ""resource_type"": ""gce_instance"", ""resource_zone"": ""us-central1-a"", ""vm"": ""8057035535632679842""}",873570304
2026-09-27T02:44:29.741865Z,"{""command"": ""fluent-bit"", ""command_line"": ""/opt/google-cloud-ops-agent/subagents/fluent-bit/bin/fluent-bit --config /run/google-cloud-ops-agent-fluent-bit/fluent_bit_main.conf --parser /run/google-cloud-ops-agent-fluent-bit/fluent_bit_parser.conf --storage_path /var/lib/google-cloud-ops-agent/fluent-bit/buffers"", ""owner"": ""root"", ""pid"": ""8758"", ""process"": ""all"", ""resource_instance_id"": ""8057035535632679842"", ""resource_project_id"": ""proyecto-2-cloud-509714"", ""resource_type"": ""gce_instance"", ""resource_zone"": ""us-central1-a"", ""vm"": ""8057035535632679842""}",873570304
2026-09-27T02:43:59.743888Z,"{""command"": ""fluent-bit"", ""command_line"": ""/opt/google-cloud-ops-agent/subagents/fluent-bit/bin/fluent-bit --config /run/google-cloud-ops-agent-fluent-bit/fluent_bit_main.conf --parser /run/google-cloud-ops-agent-fluent-bit/fluent_bit_parser.conf --storage_path /var/lib/google-cloud-ops-agent/fluent-bit/buffers"", ""owner"": ""root"", ""pid"": ""8758"", ""process"": ""all"", ""resource_instance_id"": ""8057035535632679842"", ""resource_project_id"": ""proyecto-2-cloud-509714"", ""resource_type"": ""gce_instance"", ""resource_zone"": ""us-central1-a"", ""vm"": ""8057035535632679842""}",873570304
2026-09-27T02:43:29.745393Z,"{""command"": ""fluent-bit"", ""command_line"": ""/opt/google-cloud-ops-agent/subagents/fluent-bit/bin/fluent-bit --config /run/google-cloud-ops-agent-fluent-bit/fluent_bit_main.conf --parser /run/google-cloud-ops-agent-fluent-bit/fluent_bit_parser.conf --storage_path /var/lib/google-cloud-ops-agent/fluent-bit/buffers"", ""owner"": ""root"", ""pid"": ""8758"", ""process"": ""all"", ""resource_instance_id"": ""8057035535632679842"", ""resource_project_id"": ""proyecto-2-cloud-509714"", ""resource_type"": ""gce_instance"", ""resource_zone"": ""us-central1-a"", ""vm"": ""8057035535632679842""}",873570304
2026-09-27T02:42:59.738168Z,"{""command"": ""fluent-bit"", ""command_line"": ""/opt/google-cloud-ops-agent/subagents/fluent-bit/bin/fluent-bit --config /run/google-cloud-ops-agent-fluent-bit/fluent_bit_main.conf --parser /run/google-cloud-ops-agent-fluent-bit/fluent_bit_parser.conf --storage_path /var/lib/google-cloud-ops-agent/fluent-bit/buffers"", ""owner"": ""root"", ""pid"": ""8758"", ""process"": ""all"", ""resource_instance_id"": ""8057035535632679842"", ""resource_project_id"": ""proyecto-2-cloud-509714"", ""resource_type"": ""gce_instance"", ""resource_zone"": ""us-central1-a"", ""vm"": ""8057035535632679842""}",873570304
2026-09-27T02:42:29.763953Z,"{""command"": ""fluent-bit"", ""command_line"": ""/opt/google-cloud-ops-agent/subagents/fluent-bit/bin/fluent-bit --config /run/google-cloud-ops-agent-fluent-bit/fluent_bit_main.conf --parser /run/google-cloud-ops-agent-fluent-bit/fluent_bit_parser.conf --storage_path /var/lib/google-cloud-ops-agent/fluent-bit/buffers"", ""owner"": ""root"", ""pid"": ""8758"", ""process"": ""all"", ""resource_instance_id"": ""8057035535632679842"", ""resource_project_id"": ""proyecto-2-cloud-509714"", ""resource_type"": ""gce_instance"", ""resource_zone"": ""us-central1-a"", ""vm"": ""8057035535632679842""}",873570304
2026-09-27T02:41:59.741939Z,"{""command"": ""fluent-bit"", ""command_line"": ""/opt/google-cloud-ops-agent/subagents/fluent-bit/bin/fluent-bit --config /run/google-cloud-ops-agent-fluent-bit/fluent_bit_main.conf --parser /run/google-cloud-ops-agent-fluent-bit/fluent_bit_parser.conf --storage_path /var/lib/google-cloud-ops-agent/fluent-bit/buffers"", ""owner"": ""root"", ""pid"": ""8758"", ""process"": ""all"", ""resource_instance_id"": ""8057035535632679842"", ""resource_project_id"": ""proyecto-2-cloud-509714"", ""resource_type"": ""gce_instance"", ""resource_zone"": ""us-central1-a"", ""vm"": ""8057035535632679842""}",873570304
2026-09-27T02:41:29.745322Z,"{""command"": ""fluent-bit"", ""command_line"": ""/opt/google-cloud-ops-agent/subagents/fluent-bit/bin/fluent-bit --config /run/google-cloud-ops-agent-fluent-bit/fluent_bit_main.conf --parser /run/google-cloud-ops-agent-fluent-bit/fluent_bit_parser.conf --storage_path /var/lib/google-cloud-ops-agent/fluent-bit/buffers"", ""owner"": ""root"", ""pid"": ""8758"", ""process"": ""all"", ""resource_instance_id"": ""8057035535632679842"", ""resource_project_id"": ""proyecto-2-cloud-509714"", ""resource_type"": ""gce_instance"", ""resource_zone"": ""us-central1-a"", ""vm"": ""8057035535632679842""}",873570304
2026-09-27T02:40:59.734120Z,"{""command"": ""fluent-bit"", ""command_line"": ""/opt/google-cloud-ops-agent/subagents/fluent-bit/bin/fluent-bit --config /run/google-cloud-ops-agent-fluent-bit/fluent_bit_main.conf --parser /run/google-cloud-ops-agent-fluent-bit/fluent_bit_parser.conf --storage_path /var/lib/google-cloud-ops-agent/fluent-bit/buffers"", ""owner"": ""root"", ""pid"": ""8758"", ""process"": ""all"", ""resource_instance_id"": ""8057035535632679842"", ""resource_project_id"": ""proyecto-2-cloud-509714"", ""resource_type"": ""gce_instance"", ""resource_zone"": ""us-central1-a"", ""vm"": ""8057035535632679842""}",873570304
2026-09-27T02:40:29.730993Z,"{""command"": ""fluent-bit"", ""command_line"": ""/opt/google-cloud-ops-agent/subagents/fluent-bit/bin/fluent-bit --config /run/google-cloud-ops-agent-fluent-bit/fluent_bit_main.conf --parser /run/google-cloud-ops-agent-fluent-bit/fluent_bit_parser.conf --storage_path /var/lib/google-cloud-ops-agent/fluent-bit/buffers"", ""owner"": ""root"", ""pid"": ""8758"", ""process"": ""all"", ""resource_instance_id"": ""8057035535632679842"", ""resource_project_id"": ""proyecto-2-cloud-509714"", ""resource_type"": ""gce_instance"", ""resource_zone"": ""us-central1-a"", ""vm"": ""8057035535632679842""}",873570304
2026-09-27T02:39:59.742010Z,"{""command"": ""fluent-bit"", ""command_line"": ""/opt/google-cloud-ops-agent/subagents/fluent-bit/bin/fluent-bit --config /run/google-cloud-ops-agent-fluent-bit/fluent_bit_main.conf --parser /run/google-cloud-ops-agent-fluent-bit/fluent_bit_parser.conf --storage_path /var/lib/google-cloud-ops-agent/fluent-bit/buffers"", ""owner"": ""root"", ""pid"": ""8758"", ""process"": ""all"", ""resource_instance_id"": ""8057035535632679842"", ""resource_project_id"": ""proyecto-2-cloud-509714"", ""resource_type"": ""gce_instance"", ""resource_zone"": ""us-central1-a"", ""vm"": ""8057035535632679842""}",873570304
2026-09-27T02:39:29.732622Z,"{""command"": ""fluent-bit"", ""command_line"": ""/opt/google-cloud-ops-agent/subagents/fluent-bit/bin/fluent-bit --config /run/google-cloud-ops-agent-fluent-bit/fluent_bit_main.conf --parser /run/google-cloud-ops-agent-fluent-bit/fluent_bit_parser.conf --storage_path /var/lib/google-cloud-ops-agent/fluent-bit/buffers"", ""owner"": ""root"", ""pid"": ""8758"", ""process"": ""all"", ""resource_instance_id"": ""8057035535632679842"", ""resource_project_id"": ""proyecto-2-cloud-509714"", ""resource_type"": ""gce_instance"", ""resource_zone"": ""us-central1-a"", ""vm"": ""8057035535632679842""}",873570304
2026-09-27T02:38:59.740186Z,"{""command"": ""fluent-bit"", ""command_line"": ""/opt/google-cloud-ops-agent/subagents/fluent-bit/bin/fluent-bit --config /run/google-cloud-ops-agent-fluent-bit/fluent_bit_main.conf --parser /run/google-cloud-ops-agent-fluent-bit/fluent_bit_parser.conf --storage_path /var/lib/google-cloud-ops-agent/fluent-bit/buffers"", ""owner"": ""root"", ""pid"": ""8758"", ""process"": ""all"", ""resource_instance_id"": ""8057035535632679842"", ""resource_project_id"": ""proyecto-2-cloud-509714"", ""resource_type"": ""gce_instance"", ""resource_zone"": ""us-central1-a"", ""vm"": ""8057035535632679842""}",873570304
2026-09-27T02:38:29.729719Z,"{""command"": ""fluent-bit"", ""command_line"": ""/opt/google-cloud-ops-agent/subagents/fluent-bit/bin/fluent-bit --config /run/google-cloud-ops-agent-fluent-bit/fluent_bit_main.conf --parser /run/google-cloud-ops-agent-fluent-bit/fluent_bit_parser.conf --storage_path /var/lib/google-cloud-ops-agent/fluent-bit/buffers"", ""owner"": ""root"", ""pid"": ""8758"", ""process"": ""all"", ""resource_instance_id"": ""8057035535632679842"", ""resource_project_id"": ""proyecto-2-cloud-509714"", ""resource_type"": ""gce_instance"", ""resource_zone"": ""us-central1-a"", ""vm"": ""8057035535632679842""}",873570304
2026-09-27T02:37:59.740473Z,"{""command"": ""fluent-bit"", ""command_line"": ""/opt/google-cloud-ops-agent/subagents/fluent-bit/bin/fluent-bit --config /run/google-cloud-ops-agent-fluent-bit/fluent_bit_main.conf --parser /run/google-cloud-ops-agent-fluent-bit/fluent_bit_parser.conf --storage_path /var/lib/google-cloud-ops-agent/fluent-bit/buffers"", ""owner"": ""root"", ""pid"": ""8758"", ""process"": ""all"", ""resource_instance_id"": ""8057035535632679842"", ""resource_project_id"": ""proyecto-2-cloud-509714"", ""resource_type"": ""gce_instance"", ""resource_zone"": ""us-central1-a"", ""vm"": ""8057035535632679842""}",873570304
2026-09-27T02:37:29.734790Z,"{""command"": ""fluent-bit"", ""command_line"": ""/opt/google-cloud-ops-agent/subagents/fluent-bit/bin/fluent-bit --config /run/google-cloud-ops-agent-fluent-bit/fluent_bit_main.conf --parser /run/google-cloud-ops-agent-fluent-bit/fluent_bit_parser.conf --storage_path /var/lib/google-cloud-ops-agent/fluent-bit/buffers"", ""owner"": ""root"", ""pid"": ""8758"", ""process"": ""all"", ""resource_instance_id"": ""8057035535632679842"", ""resource_project_id"": ""proyecto-2-cloud-509714"", ""resource_type"": ""gce_instance"", ""resource_zone"": ""us-central1-a"", ""vm"": ""8057035535632679842""}",873570304
2026-09-27T02:36:59.742890Z,"{""command"": ""fluent-bit"", ""command_line"": ""/opt/google-cloud-ops-agent/subagents/fluent-bit/bin/fluent-bit --config /run/google-cloud-ops-agent-fluent-bit/fluent_bit_main.conf --parser /run/google-cloud-ops-agent-fluent-bit/fluent_bit_parser.conf --storage_path /var/lib/google-cloud-ops-agent/fluent-bit/buffers"", ""owner"": ""root"", ""pid"": ""8758"", ""process"": ""all"", ""resource_instance_id"": ""8057035535632679842"", ""resource_project_id"": ""proyecto-2-cloud-509714"", ""resource_type"": ""gce_instance"", ""resource_zone"": ""us-central1-a"", ""vm"": ""8057035535632679842""}",873570304
2026-09-27T02:36:29.738742Z,"{""command"": ""fluent-bit"", ""command_line"": ""/opt/google-cloud-ops-agent/subagents/fluent-bit/bin/fluent-bit --config /run/google-cloud-ops-agent-fluent-bit/fluent_bit_main.conf --parser /run/google-cloud-ops-agent-fluent-bit/fluent_bit_parser.conf --storage_path /var/lib/google-cloud-ops-agent/fluent-bit/buffers"", ""owner"": ""root"", ""pid"": ""8758"", ""process"": ""all"", ""resource_instance_id"": ""8057035535632679842"", ""resource_project_id"": ""proyecto-2-cloud-509714"", ""resource_type"": ""gce_instance"", ""resource_zone"": ""us-central1-a"", ""vm"": ""8057035535632679842""}",873570304
2026-09-27T02:35:59.731335Z,"{""command"": ""fluent-bit"", ""command_line"": ""/opt/google-cloud-ops-agent/subagents/fluent-bit/bin/fluent-bit --config /run/google-cloud-ops-agent-fluent-bit/fluent_bit_main.conf --parser /run/google-cloud-ops-agent-fluent-bit/fluent_bit_parser.conf --storage_path /var/lib/google-cloud-ops-agent/fluent-bit/buffers"", ""owner"": ""root"", ""pid"": ""8758"", ""process"": ""all"", ""resource_instance_id"": ""8057035535632679842"", ""resource_project_id"": ""proyecto-2-cloud-509714"", ""resource_type"": ""gce_instance"", ""resource_zone"": ""us-central1-a"", ""vm"": ""8057035535632679842""}",873570304
2026-09-27T02:35:29.728062Z,"{""command"": ""fluent-bit"", ""command_line"": ""/opt/google-cloud-ops-agent/subagents/fluent-bit/bin/fluent-bit --config /run/google-cloud-ops-agent-fluent-bit/fluent_bit_main.conf --parser /run/google-cloud-ops-agent-fluent-bit/fluent_bit_parser.conf --storage_path /var/lib/google-cloud-ops-agent/fluent-bit/buffers"", ""owner"": ""root"", ""pid"": ""8758"", ""process"": ""all"", ""resource_instance_id"": ""8057035535632679842"", ""resource_project_id"": ""proyecto-2-cloud-509714"", ""resource_type"": ""gce_instance"", ""resource_zone"": ""us-central1-a"", ""vm"": ""8057035535632679842""}",873570304
2026-09-27T02:34:59.735530Z,"{""command"": ""fluent-bit"", ""command_line"": ""/opt/google-cloud-ops-agent/subagents/fluent-bit/bin/fluent-bit --config /run/google-cloud-ops-agent-fluent-bit/fluent_bit_main.conf --parser /run/google-cloud-ops-agent-fluent-bit/fluent_bit_parser.conf --storage_path /var/lib/google-cloud-ops-agent/fluent-bit/buffers"", ""owner"": ""root"", ""pid"": ""8758"", ""process"": ""all"", ""resource_instance_id"": ""8057035535632679842"", ""resource_project_id"": ""proyecto-2-cloud-509714"", ""resource_type"": ""gce_instance"", ""resource_zone"": ""us-central1-a"", ""vm"": ""8057035535632679842""}",873570304
2026-09-27T02:34:29.734596Z,"{""command"": ""fluent-bit"", ""command_line"": ""/opt/google-cloud-ops-agent/subagents/fluent-bit/bin/fluent-bit --config /run/google-cloud-ops-agent-fluent-bit/fluent_bit_main.conf --parser /run/google-cloud-ops-agent-fluent-bit/fluent_bit_parser.conf --storage_path /var/lib/google-cloud-ops-agent/fluent-bit/buffers"", ""owner"": ""root"", ""pid"": ""8758"", ""process"": ""all"", ""resource_instance_id"": ""8057035535632679842"", ""resource_project_id"": ""proyecto-2-cloud-509714"", ""resource_type"": ""gce_instance"", ""resource_zone"": ""us-central1-a"", ""vm"": ""8057035535632679842""}",873570304
2026-09-27T02:33:59.740225Z,"{""command"": ""fluent-bit"", ""command_line"": ""/opt/google-cloud-ops-agent/subagents/fluent-bit/bin/fluent-bit --config /run/google-cloud-ops-agent-fluent-bit/fluent_bit_main.conf --parser /run/google-cloud-ops-agent-fluent-bit/fluent_bit_parser.conf --storage_path /var/lib/google-cloud-ops-agent/fluent-bit/buffers"", ""owner"": ""root"", ""pid"": ""8758"", ""process"": ""all"", ""resource_instance_id"": ""8057035535632679842"", ""resource_project_id"": ""proyecto-2-cloud-509714"", ""resource_type"": ""gce_instance"", ""resource_zone"": ""us-central1-a"", ""vm"": ""8057035535632679842""}",873570304
2026-09-27T02:33:29.728998Z,"{""command"": ""fluent-bit"", ""command_line"": ""/opt/google-cloud-ops-agent/subagents/fluent-bit/bin/fluent-bit --config /run/google-cloud-ops-agent-fluent-bit/fluent_bit_main.conf --parser /run/google-cloud-ops-agent-fluent-bit/fluent_bit_parser.conf --storage_path /var/lib/google-cloud-ops-agent/fluent-bit/buffers"", ""owner"": ""root"", ""pid"": ""8758"", ""process"": ""all"", ""resource_instance_id"": ""8057035535632679842"", ""resource_project_id"": ""proyecto-2-cloud-509714"", ""resource_type"": ""gce_instance"", ""resource_zone"": ""us-central1-a"", ""vm"": ""8057035535632679842""}",873570304
2026-09-27T02:32:59.747032Z,"{""command"": ""fluent-bit"", ""command_line"": ""/opt/google-cloud-ops-agent/subagents/fluent-bit/bin/fluent-bit --config /run/google-cloud-ops-agent-fluent-bit/fluent_bit_main.conf --parser /run/google-cloud-ops-agent-fluent-bit/fluent_bit_parser.conf --storage_path /var/lib/google-cloud-ops-agent/fluent-bit/buffers"", ""owner"": ""root"", ""pid"": ""8758"", ""process"": ""all"", ""resource_instance_id"": ""8057035535632679842"", ""resource_project_id"": ""proyecto-2-cloud-509714"", ""resource_type"": ""gce_instance"", ""resource_zone"": ""us-central1-a"", ""vm"": ""8057035535632679842""}",873570304
2026-09-27T02:32:29.738231Z,"{""command"": ""fluent-bit"", ""command_line"": ""/opt/google-cloud-ops-agent/subagents/fluent-bit/bin/fluent-bit --config /run/google-cloud-ops-agent-fluent-bit/fluent_bit_main.conf --parser /run/google-cloud-ops-agent-fluent-bit/fluent_bit_parser.conf --storage_path /var/lib/google-cloud-ops-agent/fluent-bit/buffers"", ""owner"": ""root"", ""pid"": ""8758"", ""process"": ""all"", ""resource_instance_id"": ""8057035535632679842"", ""resource_project_id"": ""proyecto-2-cloud-509714"", ""resource_type"": ""gce_instance"", ""resource_zone"": ""us-central1-a"", ""vm"": ""8057035535632679842""}",873570304
2026-09-27T02:31:59.737955Z,"{""command"": ""fluent-bit"", ""command_line"": ""/opt/google-cloud-ops-agent/subagents/fluent-bit/bin/fluent-bit --config /run/google-cloud-ops-agent-fluent-bit/fluent_bit_main.conf --parser /run/google-cloud-ops-agent-fluent-bit/fluent_bit_parser.conf --storage_path /var/lib/google-cloud-ops-agent/fluent-bit/buffers"", ""owner"": ""root"", ""pid"": ""8758"", ""process"": ""all"", ""resource_instance_id"": ""8057035535632679842"", ""resource_project_id"": ""proyecto-2-cloud-509714"", ""resource_type"": ""gce_instance"", ""resource_zone"": ""us-central1-a"", ""vm"": ""8057035535632679842""}",873570304
2026-09-27T02:31:29.732524Z,"{""command"": ""fluent-bit"", ""command_line"": ""/opt/google-cloud-ops-agent/subagents/fluent-bit/bin/fluent-bit --config /run/google-cloud-ops-agent-fluent-bit/fluent_bit_main.conf --parser /run/google-cloud-ops-agent-fluent-bit/fluent_bit_parser.conf --storage_path /var/lib/google-cloud-ops-agent/fluent-bit/buffers"", ""owner"": ""root"", ""pid"": ""8758"", ""process"": ""all"", ""resource_instance_id"": ""8057035535632679842"", ""resource_project_id"": ""proyecto-2-cloud-509714"", ""resource_type"": ""gce_instance"", ""resource_zone"": ""us-central1-a"", ""vm"": ""8057035535632679842""}",873570304
2026-09-27T02:30:59.749134Z,"{""command"": ""fluent-bit"", ""command_line"": ""/opt/google-cloud-ops-agent/subagents/fluent-bit/bin/fluent-bit --config /run/google-cloud-ops-agent-fluent-bit/fluent_bit_main.conf --parser /run/google-cloud-ops-agent-fluent-bit/fluent_bit_parser.conf --storage_path /var/lib/google-cloud-ops-agent/fluent-bit/buffers"", ""owner"": ""root"", ""pid"": ""8758"", ""process"": ""all"", ""resource_instance_id"": ""8057035535632679842"", ""resource_project_id"": ""proyecto-2-cloud-509714"", ""resource_type"": ""gce_instance"", ""resource_zone"": ""us-central1-a"", ""vm"": ""8057035535632679842""}",873570304
2026-09-27T02:30:29.743567Z,"{""command"": ""fluent-bit"", ""command_line"": ""/opt/google-cloud-ops-agent/subagents/fluent-bit/bin/fluent-bit --config /run/google-cloud-ops-agent-fluent-bit/fluent_bit_main.conf --parser /run/google-cloud-ops-agent-fluent-bit/fluent_bit_parser.conf --storage_path /var/lib/google-cloud-ops-agent/fluent-bit/buffers"", ""owner"": ""root"", ""pid"": ""8758"", ""process"": ""all"", ""resource_instance_id"": ""8057035535632679842"", ""resource_project_id"": ""proyecto-2-cloud-509714"", ""resource_type"": ""gce_instance"", ""resource_zone"": ""us-central1-a"", ""vm"": ""8057035535632679842""}",873570304
2026-09-27T02:49:59.742231Z,"{""command"": ""freshclam"", ""command_line"": ""freshclam --checks=1 --daemon --foreground --stdout --user=clamav"", ""owner"": ""Debian-exim"", ""pid"": ""6394"", ""process"": ""all"", ""resource_instance_id"": ""8057035535632679842"", ""resource_project_id"": ""proyecto-2-cloud-509714"", ""resource_type"": ""gce_instance"", ""resource_zone"": ""us-central1-a"", ""vm"": ""8057035535632679842""}",42156032
2026-09-27T02:49:29.737159Z,"{""command"": ""freshclam"", ""command_line"": ""freshclam --checks=1 --daemon --foreground --stdout --user=clamav"", ""owner"": ""Debian-exim"", ""pid"": ""6394"", ""process"": ""all"", ""resource_instance_id"": ""8057035535632679842"", ""resource_project_id"": ""proyecto-2-cloud-509714"", ""resource_type"": ""gce_instance"", ""resource_zone"": ""us-central1-a"", ""vm"": ""8057035535632679842""}",42156032
2026-09-27T02:48:59.733338Z,"{""command"": ""freshclam"", ""command_line"": ""freshclam --checks=1 --daemon --foreground --stdout --user=clamav"", ""owner"": ""Debian-exim"", ""pid"": ""6394"", ""process"": ""all"", ""resource_instance_id"": ""8057035535632679842"", ""resource_project_id"": ""proyecto-2-cloud-509714"", ""resource_type"": ""gce_instance"", ""resource_zone"": ""us-central1-a"", ""vm"": ""8057035535632679842""}",42156032
2026-09-27T02:48:29.739594Z,"{""command"": ""freshclam"", ""command_line"": ""freshclam --checks=1 --daemon --foreground --stdout --user=clamav"", ""owner"": ""Debian-exim"", ""pid"": ""6394"", ""process"": ""all"", ""resource_instance_id"": ""8057035535632679842"", ""resource_project_id"": ""proyecto-2-cloud-509714"", ""resource_type"": ""gce_instance"", ""resource_zone"": ""us-central1-a"", ""vm"": ""8057035535632679842""}",42156032
2026-09-27T02:47:59.736746Z,"{""command"": ""freshclam"", ""command_line"": ""freshclam --checks=1 --daemon --foreground --stdout --user=clamav"", ""owner"": ""Debian-exim"", ""pid"": ""6394"", ""process"": ""all"", ""resource_instance_id"": ""8057035535632679842"", ""resource_project_id"": ""proyecto-2-cloud-509714"", ""resource_type"": ""gce_instance"", ""resource_zone"": ""us-central1-a"", ""vm"": ""8057035535632679842""}",42156032
2026-09-27T02:47:29.733762Z,"{""command"": ""freshclam"", ""command_line"": ""freshclam --checks=1 --daemon --foreground --stdout --user=clamav"", ""owner"": ""Debian-exim"", ""pid"": ""6394"", ""process"": ""all"", ""resource_instance_id"": ""8057035535632679842"", ""resource_project_id"": ""proyecto-2-cloud-509714"", ""resource_type"": ""gce_instance"", ""resource_zone"": ""us-central1-a"", ""vm"": ""8057035535632679842""}",42156032
2026-09-27T02:46:59.744585Z,"{""command"": ""freshclam"", ""command_line"": ""freshclam --checks=1 --daemon --foreground --stdout --user=clamav"", ""owner"": ""Debian-exim"", ""pid"": ""6394"", ""process"": ""all"", ""resource_instance_id"": ""8057035535632679842"", ""resource_project_id"": ""proyecto-2-cloud-509714"", ""resource_type"": ""gce_instance"", ""resource_zone"": ""us-central1-a"", ""vm"": ""8057035535632679842""}",42156032
2026-09-27T02:46:29.741086Z,"{""command"": ""freshclam"", ""command_line"": ""freshclam --checks=1 --daemon --foreground --stdout --user=clamav"", ""owner"": ""Debian-exim"", ""pid"": ""6394"", ""process"": ""all"", ""resource_instance_id"": ""8057035535632679842"", ""resource_project_id"": ""proyecto-2-cloud-509714"", ""resource_type"": ""gce_instance"", ""resource_zone"": ""us-central1-a"", ""vm"": ""8057035535632679842""}",42156032
2026-09-27T02:45:59.732763Z,"{""command"": ""freshclam"", ""command_line"": ""freshclam --checks=1 --daemon --foreground --stdout --user=clamav"", ""owner"": ""Debian-exim"", ""pid"": ""6394"", ""process"": ""all"", ""resource_instance_id"": ""8057035535632679842"", ""resource_project_id"": ""proyecto-2-cloud-509714"", ""resource_type"": ""gce_instance"", ""resource_zone"": ""us-central1-a"", ""vm"": ""8057035535632679842""}",42156032
2026-09-27T02:45:29.738569Z,"{""command"": ""freshclam"", ""command_line"": ""freshclam --checks=1 --daemon --foreground --stdout --user=clamav"", ""owner"": ""Debian-exim"", ""pid"": ""6394"", ""process"": ""all"", ""resource_instance_id"": ""8057035535632679842"", ""resource_project_id"": ""proyecto-2-cloud-509714"", ""resource_type"": ""gce_instance"", ""resource_zone"": ""us-central1-a"", ""vm"": ""8057035535632679842""}",42156032
2026-09-27T02:44:59.744433Z,"{""command"": ""freshclam"", ""command_line"": ""freshclam --checks=1 --daemon --foreground --stdout --user=clamav"", ""owner"": ""Debian-exim"", ""pid"": ""6394"", ""process"": ""all"", ""resource_instance_id"": ""8057035535632679842"", ""resource_project_id"": ""proyecto-2-cloud-509714"", ""resource_type"": ""gce_instance"", ""resource_zone"": ""us-central1-a"", ""vm"": ""8057035535632679842""}",42156032
2026-09-27T02:44:29.741333Z,"{""command"": ""freshclam"", ""command_line"": ""freshclam --checks=1 --daemon --foreground --stdout --user=clamav"", ""owner"": ""Debian-exim"", ""pid"": ""6394"", ""process"": ""all"", ""resource_instance_id"": ""8057035535632679842"", ""resource_project_id"": ""proyecto-2-cloud-509714"", ""resource_type"": ""gce_instance"", ""resource_zone"": ""us-central1-a"", ""vm"": ""8057035535632679842""}",42156032
2026-09-27T02:43:59.743267Z,"{""command"": ""freshclam"", ""command_line"": ""freshclam --checks=1 --daemon --foreground --stdout --user=clamav"", ""owner"": ""Debian-exim"", ""pid"": ""6394"", ""process"": ""all"", ""resource_instance_id"": ""8057035535632679842"", ""resource_project_id"": ""proyecto-2-cloud-509714"", ""resource_type"": ""gce_instance"", ""resource_zone"": ""us-central1-a"", ""vm"": ""8057035535632679842""}",42156032
2026-09-27T02:43:29.744618Z,"{""command"": ""freshclam"", ""command_line"": ""freshclam --checks=1 --daemon --foreground --stdout --user=clamav"", ""owner"": ""Debian-exim"", ""pid"": ""6394"", ""process"": ""all"", ""resource_instance_id"": ""8057035535632679842"", ""resource_project_id"": ""proyecto-2-cloud-509714"", ""resource_type"": ""gce_instance"", ""resource_zone"": ""us-central1-a"", ""vm"": ""8057035535632679842""}",42156032
2026-09-27T02:42:59.737449Z,"{""command"": ""freshclam"", ""command_line"": ""freshclam --checks=1 --daemon --foreground --stdout --user=clamav"", ""owner"": ""Debian-exim"", ""pid"": ""6394"", ""process"": ""all"", ""resource_instance_id"": ""8057035535632679842"", ""resource_project_id"": ""proyecto-2-cloud-509714"", ""resource_type"": ""gce_instance"", ""resource_zone"": ""us-central1-a"", ""vm"": ""8057035535632679842""}",42156032
2026-09-27T02:42:29.763380Z,"{""command"": ""freshclam"", ""command_line"": ""freshclam --checks=1 --daemon --foreground --stdout --user=clamav"", ""owner"": ""Debian-exim"", ""pid"": ""6394"", ""process"": ""all"", ""resource_instance_id"": ""8057035535632679842"", ""resource_project_id"": ""proyecto-2-cloud-509714"", ""resource_type"": ""gce_instance"", ""resource_zone"": ""us-central1-a"", ""vm"": ""8057035535632679842""}",42156032
2026-09-27T02:41:59.741198Z,"{""command"": ""freshclam"", ""command_line"": ""freshclam --checks=1 --daemon --foreground --stdout --user=clamav"", ""owner"": ""Debian-exim"", ""pid"": ""6394"", ""process"": ""all"", ""resource_instance_id"": ""8057035535632679842"", ""resource_project_id"": ""proyecto-2-cloud-509714"", ""resource_type"": ""gce_instance"", ""resource_zone"": ""us-central1-a"", ""vm"": ""8057035535632679842""}",42156032
2026-09-27T02:41:29.744403Z,"{""command"": ""freshclam"", ""command_line"": ""freshclam --checks=1 --daemon --foreground --stdout --user=clamav"", ""owner"": ""Debian-exim"", ""pid"": ""6394"", ""process"": ""all"", ""resource_instance_id"": ""8057035535632679842"", ""resource_project_id"": ""proyecto-2-cloud-509714"", ""resource_type"": ""gce_instance"", ""resource_zone"": ""us-central1-a"", ""vm"": ""8057035535632679842""}",42156032
2026-09-27T02:40:59.733263Z,"{""command"": ""freshclam"", ""command_line"": ""freshclam --checks=1 --daemon --foreground --stdout --user=clamav"", ""owner"": ""Debian-exim"", ""pid"": ""6394"", ""process"": ""all"", ""resource_instance_id"": ""8057035535632679842"", ""resource_project_id"": ""proyecto-2-cloud-509714"", ""resource_type"": ""gce_instance"", ""resource_zone"": ""us-central1-a"", ""vm"": ""8057035535632679842""}",42156032
2026-09-27T02:40:29.730414Z,"{""command"": ""freshclam"", ""command_line"": ""freshclam --checks=1 --daemon --foreground --stdout --user=clamav"", ""owner"": ""Debian-exim"", ""pid"": ""6394"", ""process"": ""all"", ""resource_instance_id"": ""8057035535632679842"", ""resource_project_id"": ""proyecto-2-cloud-509714"", ""resource_type"": ""gce_instance"", ""resource_zone"": ""us-central1-a"", ""vm"": ""8057035535632679842""}",42156032
2026-09-27T02:39:59.740475Z,"{""command"": ""freshclam"", ""command_line"": ""freshclam --checks=1 --daemon --foreground --stdout --user=clamav"", ""owner"": ""Debian-exim"", ""pid"": ""6394"", ""process"": ""all"", ""resource_instance_id"": ""8057035535632679842"", ""resource_project_id"": ""proyecto-2-cloud-509714"", ""resource_type"": ""gce_instance"", ""resource_zone"": ""us-central1-a"", ""vm"": ""8057035535632679842""}",42156032
2026-09-27T02:39:29.732096Z,"{""command"": ""freshclam"", ""command_line"": ""freshclam --checks=1 --daemon --foreground --stdout --user=clamav"", ""owner"": ""Debian-exim"", ""pid"": ""6394"", ""process"": ""all"", ""resource_instance_id"": ""8057035535632679842"", ""resource_project_id"": ""proyecto-2-cloud-509714"", ""resource_type"": ""gce_instance"", ""resource_zone"": ""us-central1-a"", ""vm"": ""8057035535632679842""}",42156032
2026-09-27T02:38:59.739203Z,"{""command"": ""freshclam"", ""command_line"": ""freshclam --checks=1 --daemon --foreground --stdout --user=clamav"", ""owner"": ""Debian-exim"", ""pid"": ""6394"", ""process"": ""all"", ""resource_instance_id"": ""8057035535632679842"", ""resource_project_id"": ""proyecto-2-cloud-509714"", ""resource_type"": ""gce_instance"", ""resource_zone"": ""us-central1-a"", ""vm"": ""8057035535632679842""}",42156032
2026-09-27T02:38:29.729238Z,"{""command"": ""freshclam"", ""command_line"": ""freshclam --checks=1 --daemon --foreground --stdout --user=clamav"", ""owner"": ""Debian-exim"", ""pid"": ""6394"", ""process"": ""all"", ""resource_instance_id"": ""8057035535632679842"", ""resource_project_id"": ""proyecto-2-cloud-509714"", ""resource_type"": ""gce_instance"", ""resource_zone"": ""us-central1-a"", ""vm"": ""8057035535632679842""}",42156032
2026-09-27T02:37:59.739907Z,"{""command"": ""freshclam"", ""command_line"": ""freshclam --checks=1 --daemon --foreground --stdout --user=clamav"", ""owner"": ""Debian-exim"", ""pid"": ""6394"", ""process"": ""all"", ""resource_instance_id"": ""8057035535632679842"", ""resource_project_id"": ""proyecto-2-cloud-509714"", ""resource_type"": ""gce_instance"", ""resource_zone"": ""us-central1-a"", ""vm"": ""8057035535632679842""}",42156032
2026-09-27T02:37:29.734171Z,"{""command"": ""freshclam"", ""command_line"": ""freshclam --checks=1 --daemon --foreground --stdout --user=clamav"", ""owner"": ""Debian-exim"", ""pid"": ""6394"", ""process"": ""all"", ""resource_instance_id"": ""8057035535632679842"", ""resource_project_id"": ""proyecto-2-cloud-509714"", ""resource_type"": ""gce_instance"", ""resource_zone"": ""us-central1-a"", ""vm"": ""8057035535632679842""}",42156032
2026-09-27T02:36:59.742198Z,"{""command"": ""freshclam"", ""command_line"": ""freshclam --checks=1 --daemon --foreground --stdout --user=clamav"", ""owner"": ""Debian-exim"", ""pid"": ""6394"", ""process"": ""all"", ""resource_instance_id"": ""8057035535632679842"", ""resource_project_id"": ""proyecto-2-cloud-509714"", ""resource_type"": ""gce_instance"", ""resource_zone"": ""us-central1-a"", ""vm"": ""8057035535632679842""}",42156032
2026-09-27T02:36:29.737800Z,"{""command"": ""freshclam"", ""command_line"": ""freshclam --checks=1 --daemon --foreground --stdout --user=clamav"", ""owner"": ""Debian-exim"", ""pid"": ""6394"", ""process"": ""all"", ""resource_instance_id"": ""8057035535632679842"", ""resource_project_id"": ""proyecto-2-cloud-509714"", ""resource_type"": ""gce_instance"", ""resource_zone"": ""us-central1-a"", ""vm"": ""8057035535632679842""}",42156032
2026-09-27T02:35:59.730397Z,"{""command"": ""freshclam"", ""command_line"": ""freshclam --checks=1 --daemon --foreground --stdout --user=clamav"", ""owner"": ""Debian-exim"", ""pid"": ""6394"", ""process"": ""all"", ""resource_instance_id"": ""8057035535632679842"", ""resource_project_id"": ""proyecto-2-cloud-509714"", ""resource_type"": ""gce_instance"", ""resource_zone"": ""us-central1-a"", ""vm"": ""8057035535632679842""}",42156032
2026-09-27T02:35:29.727513Z,"{""command"": ""freshclam"", ""command_line"": ""freshclam --checks=1 --daemon --foreground --stdout --user=clamav"", ""owner"": ""Debian-exim"", ""pid"": ""6394"", ""process"": ""all"", ""resource_instance_id"": ""8057035535632679842"", ""resource_project_id"": ""proyecto-2-cloud-509714"", ""resource_type"": ""gce_instance"", ""resource_zone"": ""us-central1-a"", ""vm"": ""8057035535632679842""}",42156032
2026-09-27T02:34:59.733946Z,"{""command"": ""freshclam"", ""command_line"": ""freshclam --checks=1 --daemon --foreground --stdout --user=clamav"", ""owner"": ""Debian-exim"", ""pid"": ""6394"", ""process"": ""all"", ""resource_instance_id"": ""8057035535632679842"", ""resource_project_id"": ""proyecto-2-cloud-509714"", ""resource_type"": ""gce_instance"", ""resource_zone"": ""us-central1-a"", ""vm"": ""8057035535632679842""}",42156032
2026-09-27T02:34:29.733601Z,"{""command"": ""freshclam"", ""command_line"": ""freshclam --checks=1 --daemon --foreground --stdout --user=clamav"", ""owner"": ""Debian-exim"", ""pid"": ""6394"", ""process"": ""all"", ""resource_instance_id"": ""8057035535632679842"", ""resource_project_id"": ""proyecto-2-cloud-509714"", ""resource_type"": ""gce_instance"", ""resource_zone"": ""us-central1-a"", ""vm"": ""8057035535632679842""}",42156032
2026-09-27T02:33:59.739536Z,"{""command"": ""freshclam"", ""command_line"": ""freshclam --checks=1 --daemon --foreground --stdout --user=clamav"", ""owner"": ""Debian-exim"", ""pid"": ""6394"", ""process"": ""all"", ""resource_instance_id"": ""8057035535632679842"", ""resource_project_id"": ""proyecto-2-cloud-509714"", ""resource_type"": ""gce_instance"", ""resource_zone"": ""us-central1-a"", ""vm"": ""8057035535632679842""}",42156032
2026-09-27T02:33:29.728372Z,"{""command"": ""freshclam"", ""command_line"": ""freshclam --checks=1 --daemon --foreground --stdout --user=clamav"", ""owner"": ""Debian-exim"", ""pid"": ""6394"", ""process"": ""all"", ""resource_instance_id"": ""8057035535632679842"", ""resource_project_id"": ""proyecto-2-cloud-509714"", ""resource_type"": ""gce_instance"", ""resource_zone"": ""us-central1-a"", ""vm"": ""8057035535632679842""}",42156032
2026-09-27T02:32:59.745935Z,"{""command"": ""freshclam"", ""command_line"": ""freshclam --checks=1 --daemon --foreground --stdout --user=clamav"", ""owner"": ""Debian-exim"", ""pid"": ""6394"", ""process"": ""all"", ""resource_instance_id"": ""8057035535632679842"", ""resource_project_id"": ""proyecto-2-cloud-509714"", ""resource_type"": ""gce_instance"", ""resource_zone"": ""us-central1-a"", ""vm"": ""8057035535632679842""}",42156032
2026-09-27T02:32:29.737482Z,"{""command"": ""freshclam"", ""command_line"": ""freshclam --checks=1 --daemon --foreground --stdout --user=clamav"", ""owner"": ""Debian-exim"", ""pid"": ""6394"", ""process"": ""all"", ""resource_instance_id"": ""8057035535632679842"", ""resource_project_id"": ""proyecto-2-cloud-509714"", ""resource_type"": ""gce_instance"", ""resource_zone"": ""us-central1-a"", ""vm"": ""8057035535632679842""}",42156032
2026-09-27T02:31:59.737302Z,"{""command"": ""freshclam"", ""command_line"": ""freshclam --checks=1 --daemon --foreground --stdout --user=clamav"", ""owner"": ""Debian-exim"", ""pid"": ""6394"", ""process"": ""all"", ""resource_instance_id"": ""8057035535632679842"", ""resource_project_id"": ""proyecto-2-cloud-509714"", ""resource_type"": ""gce_instance"", ""resource_zone"": ""us-central1-a"", ""vm"": ""8057035535632679842""}",42156032
2026-09-27T02:31:29.731762Z,"{""command"": ""freshclam"", ""command_line"": ""freshclam --checks=1 --daemon --foreground --stdout --user=clamav"", ""owner"": ""Debian-exim"", ""pid"": ""6394"", ""process"": ""all"", ""resource_instance_id"": ""8057035535632679842"", ""resource_project_id"": ""proyecto-2-cloud-509714"", ""resource_type"": ""gce_instance"", ""resource_zone"": ""us-central1-a"", ""vm"": ""8057035535632679842""}",42156032
2026-09-27T02:30:59.748366Z,"{""command"": ""freshclam"", ""command_line"": ""freshclam --checks=1 --daemon --foreground --stdout --user=clamav"", ""owner"": ""Debian-exim"", ""pid"": ""6394"", ""process"": ""all"", ""resource_instance_id"": ""8057035535632679842"", ""resource_project_id"": ""proyecto-2-cloud-509714"", ""resource_type"": ""gce_instance"", ""resource_zone"": ""us-central1-a"", ""vm"": ""8057035535632679842""}",42156032
2026-09-27T02:30:29.742850Z,"{""command"": ""freshclam"", ""command_line"": ""freshclam --checks=1 --daemon --foreground --stdout --user=clamav"", ""owner"": ""Debian-exim"", ""pid"": ""6394"", ""process"": ""all"", ""resource_instance_id"": ""8057035535632679842"", ""resource_project_id"": ""proyecto-2-cloud-509714"", ""resource_type"": ""gce_instance"", ""resource_zone"": ""us-central1-a"", ""vm"": ""8057035535632679842""}",42156032
2026-09-27T02:30:22.329628Z,"{""command"": ""freshclam"", ""command_line"": ""freshclam --checks=1 --daemon --foreground --stdout --user=clamav"", ""owner"": ""Debian-exim"", ""pid"": ""6394"", ""process"": ""all"", ""resource_instance_id"": ""8057035535632679842"", ""resource_project_id"": ""proyecto-2-cloud-509714"", ""resource_type"": ""gce_instance"", ""resource_zone"": ""us-central1-a"", ""vm"": ""8057035535632679842""}",42156032
2026-09-27T02:30:22.328390Z,"{""command"": ""gce_compat_metadata_script_runner"", ""command_line"": ""/usr/bin/gce_compat_metadata_script_runner startup"", ""owner"": ""root"", ""pid"": ""944"", ""process"": ""all"", ""resource_instance_id"": ""8057035535632679842"", ""resource_project_id"": ""proyecto-2-cloud-509714"", ""resource_type"": ""gce_instance"", ""resource_zone"": ""us-central1-a"", ""vm"": ""8057035535632679842""}",1305993216
2026-09-27T02:30:22.328523Z,"{""command"": ""gce_metadata_script_runner"", ""command_line"": ""/usr/bin/gce_metadata_script_runner startup"", ""owner"": ""root"", ""pid"": ""951"", ""process"": ""all"", ""resource_instance_id"": ""8057035535632679842"", ""resource_project_id"": ""proyecto-2-cloud-509714"", ""resource_type"": ""gce_instance"", ""resource_zone"": ""us-central1-a"", ""vm"": ""8057035535632679842""}",1324392448
2026-09-27T02:30:22.330333Z,"{""command"": ""google_cloud_ops_agent_wrapper"", ""command_line"": ""/opt/google-cloud-ops-agent/libexec/google_cloud_ops_agent_wrapper -config_path /etc/google-cloud-ops-agent/config.yaml -log_path /var/log/google-cloud-ops-agent/subagents/logging-module.log /opt/google-cloud-ops-agent/subagents/fluent-bit/bin/fluent-bit --config /run/google-cloud-ops-agent-fluent-bit/fluent_bit_main.conf --parser /run/google-cloud-ops-agent-fluent-bit/fluent_bit_parser.conf --storage_path /var/lib/google-cloud-ops-agent/fluent-bit/buffers"", ""owner"": ""root"", ""pid"": ""8551"", ""process"": ""all"", ""resource_instance_id"": ""8057035535632679842"", ""resource_project_id"": ""proyecto-2-cloud-509714"", ""resource_type"": ""gce_instance"", ""resource_zone"": ""us-central1-a"", ""vm"": ""8057035535632679842""}",1951125504
2026-09-27T02:49:59.743318Z,"{""command"": ""google_cloud_ops_agent_wrapper"", ""command_line"": ""/opt/google-cloud-ops-agent/libexec/google_cloud_ops_agent_wrapper -config_path /etc/google-cloud-ops-agent/config.yaml -log_path /var/log/google-cloud-ops-agent/subagents/logging-module.log /opt/google-cloud-ops-agent/subagents/fluent-bit/bin/fluent-bit --config /run/google-cloud-ops-agent-fluent-bit/fluent_bit_main.conf --parser /run/google-cloud-ops-agent-fluent-bit/fluent_bit_parser.conf --storage_path /var/lib/google-cloud-ops-agent/fluent-bit/buffers"", ""owner"": ""root"", ""pid"": ""8737"", ""process"": ""all"", ""resource_instance_id"": ""8057035535632679842"", ""resource_project_id"": ""proyecto-2-cloud-509714"", ""resource_type"": ""gce_instance"", ""resource_zone"": ""us-central1-a"", ""vm"": ""8057035535632679842""}",2026889216
2026-09-27T02:49:29.737671Z,"{""command"": ""google_cloud_ops_agent_wrapper"", ""command_line"": ""/opt/google-cloud-ops-agent/libexec/google_cloud_ops_agent_wrapper -config_path /etc/google-cloud-ops-agent/config.yaml -log_path /var/log/google-cloud-ops-agent/subagents/logging-module.log /opt/google-cloud-ops-agent/subagents/fluent-bit/bin/fluent-bit --config /run/google-cloud-ops-agent-fluent-bit/fluent_bit_main.conf --parser /run/google-cloud-ops-agent-fluent-bit/fluent_bit_parser.conf --storage_path /var/lib/google-cloud-ops-agent/fluent-bit/buffers"", ""owner"": ""root"", ""pid"": ""8737"", ""process"": ""all"", ""resource_instance_id"": ""8057035535632679842"", ""resource_project_id"": ""proyecto-2-cloud-509714"", ""resource_type"": ""gce_instance"", ""resource_zone"": ""us-central1-a"", ""vm"": ""8057035535632679842""}",2026889216
2026-09-27T02:48:59.734026Z,"{""command"": ""google_cloud_ops_agent_wrapper"", ""command_line"": ""/opt/google-cloud-ops-agent/libexec/google_cloud_ops_agent_wrapper -config_path /etc/google-cloud-ops-agent/config.yaml -log_path /var/log/google-cloud-ops-agent/subagents/logging-module.log /opt/google-cloud-ops-agent/subagents/fluent-bit/bin/fluent-bit --config /run/google-cloud-ops-agent-fluent-bit/fluent_bit_main.conf --parser /run/google-cloud-ops-agent-fluent-bit/fluent_bit_parser.conf --storage_path /var/lib/google-cloud-ops-agent/fluent-bit/buffers"", ""owner"": ""root"", ""pid"": ""8737"", ""process"": ""all"", ""resource_instance_id"": ""8057035535632679842"", ""resource_project_id"": ""proyecto-2-cloud-509714"", ""resource_type"": ""gce_instance"", ""resource_zone"": ""us-central1-a"", ""vm"": ""8057035535632679842""}",2026889216
2026-09-27T02:48:29.740293Z,"{""command"": ""google_cloud_ops_agent_wrapper"", ""command_line"": ""/opt/google-cloud-ops-agent/libexec/google_cloud_ops_agent_wrapper -config_path /etc/google-cloud-ops-agent/config.yaml -log_path /var/log/google-cloud-ops-agent/subagents/logging-module.log /opt/google-cloud-ops-agent/subagents/fluent-bit/bin/fluent-bit --config /run/google-cloud-ops-agent-fluent-bit/fluent_bit_main.conf --parser /run/google-cloud-ops-agent-fluent-bit/fluent_bit_parser.conf --storage_path /var/lib/google-cloud-ops-agent/fluent-bit/buffers"", ""owner"": ""root"", ""pid"": ""8737"", ""process"": ""all"", ""resource_instance_id"": ""8057035535632679842"", ""resource_project_id"": ""proyecto-2-cloud-509714"", ""resource_type"": ""gce_instance"", ""resource_zone"": ""us-central1-a"", ""vm"": ""8057035535632679842""}",2026889216
2026-09-27T02:47:59.737218Z,"{""command"": ""google_cloud_ops_agent_wrapper"", ""command_line"": ""/opt/google-cloud-ops-agent/libexec/google_cloud_ops_agent_wrapper -config_path /etc/google-cloud-ops-agent/config.yaml -log_path /var/log/google-cloud-ops-agent/subagents/logging-module.log /opt/google-cloud-ops-agent/subagents/fluent-bit/bin/fluent-bit --config /run/google-cloud-ops-agent-fluent-bit/fluent_bit_main.conf --parser /run/google-cloud-ops-agent-fluent-bit/fluent_bit_parser.conf --storage_path /var/lib/google-cloud-ops-agent/fluent-bit/buffers"", ""owner"": ""root"", ""pid"": ""8737"", ""process"": ""all"", ""resource_instance_id"": ""8057035535632679842"", ""resource_project_id"": ""proyecto-2-cloud-509714"", ""resource_type"": ""gce_instance"", ""resource_zone"": ""us-central1-a"", ""vm"": ""8057035535632679842""}",2026889216
2026-09-27T02:47:29.734273Z,"{""command"": ""google_cloud_ops_agent_wrapper"", ""command_line"": ""/opt/google-cloud-ops-agent/libexec/google_cloud_ops_agent_wrapper -config_path /etc/google-cloud-ops-agent/config.yaml -log_path /var/log/google-cloud-ops-agent/subagents/logging-module.log /opt/google-cloud-ops-agent/subagents/fluent-bit/bin/fluent-bit --config /run/google-cloud-ops-agent-fluent-bit/fluent_bit_main.conf --parser /run/google-cloud-ops-agent-fluent-bit/fluent_bit_parser.conf --storage_path /var/lib/google-cloud-ops-agent/fluent-bit/buffers"", ""owner"": ""root"", ""pid"": ""8737"", ""process"": ""all"", ""resource_instance_id"": ""8057035535632679842"", ""resource_project_id"": ""proyecto-2-cloud-509714"", ""resource_type"": ""gce_instance"", ""resource_zone"": ""us-central1-a"", ""vm"": ""8057035535632679842""}",2026889216
2026-09-27T02:46:59.745107Z,"{""command"": ""google_cloud_ops_agent_wrapper"", ""command_line"": ""/opt/google-cloud-ops-agent/libexec/google_cloud_ops_agent_wrapper -config_path /etc/google-cloud-ops-agent/config.yaml -log_path /var/log/google-cloud-ops-agent/subagents/logging-module.log /opt/google-cloud-ops-agent/subagents/fluent-bit/bin/fluent-bit --config /run/google-cloud-ops-agent-fluent-bit/fluent_bit_main.conf --parser /run/google-cloud-ops-agent-fluent-bit/fluent_bit_parser.conf --storage_path /var/lib/google-cloud-ops-agent/fluent-bit/buffers"", ""owner"": ""root"", ""pid"": ""8737"", ""process"": ""all"", ""resource_instance_id"": ""8057035535632679842"", ""resource_project_id"": ""proyecto-2-cloud-509714"", ""resource_type"": ""gce_instance"", ""resource_zone"": ""us-central1-a"", ""vm"": ""8057035535632679842""}",2026889216
2026-09-27T02:46:29.741845Z,"{""command"": ""google_cloud_ops_agent_wrapper"", ""command_line"": ""/opt/google-cloud-ops-agent/libexec/google_cloud_ops_agent_wrapper -config_path /etc/google-cloud-ops-agent/config.yaml -log_path /var/log/google-cloud-ops-agent/subagents/logging-module.log /opt/google-cloud-ops-agent/subagents/fluent-bit/bin/fluent-bit --config /run/google-cloud-ops-agent-fluent-bit/fluent_bit_main.conf --parser /run/google-cloud-ops-agent-fluent-bit/fluent_bit_parser.conf --storage_path /var/lib/google-cloud-ops-agent/fluent-bit/buffers"", ""owner"": ""root"", ""pid"": ""8737"", ""process"": ""all"", ""resource_instance_id"": ""8057035535632679842"", ""resource_project_id"": ""proyecto-2-cloud-509714"", ""resource_type"": ""gce_instance"", ""resource_zone"": ""us-central1-a"", ""vm"": ""8057035535632679842""}",2026889216
2026-09-27T02:45:59.733243Z,"{""command"": ""google_cloud_ops_agent_wrapper"", ""command_line"": ""/opt/google-cloud-ops-agent/libexec/google_cloud_ops_agent_wrapper -config_path /etc/google-cloud-ops-agent/config.yaml -log_path /var/log/google-cloud-ops-agent/subagents/logging-module.log /opt/google-cloud-ops-agent/subagents/fluent-bit/bin/fluent-bit --config /run/google-cloud-ops-agent-fluent-bit/fluent_bit_main.conf --parser /run/google-cloud-ops-agent-fluent-bit/fluent_bit_parser.conf --storage_path /var/lib/google-cloud-ops-agent/fluent-bit/buffers"", ""owner"": ""root"", ""pid"": ""8737"", ""process"": ""all"", ""resource_instance_id"": ""8057035535632679842"", ""resource_project_id"": ""proyecto-2-cloud-509714"", ""resource_type"": ""gce_instance"", ""resource_zone"": ""us-central1-a"", ""vm"": ""8057035535632679842""}",2026889216
2026-09-27T02:45:29.739090Z,"{""command"": ""google_cloud_ops_agent_wrapper"", ""command_line"": ""/opt/google-cloud-ops-agent/libexec/google_cloud_ops_agent_wrapper -config_path /etc/google-cloud-ops-agent/config.yaml -log_path /var/log/google-cloud-ops-agent/subagents/logging-module.log /opt/google-cloud-ops-agent/subagents/fluent-bit/bin/fluent-bit --config /run/google-cloud-ops-agent-fluent-bit/fluent_bit_main.conf --parser /run/google-cloud-ops-agent-fluent-bit/fluent_bit_parser.conf --storage_path /var/lib/google-cloud-ops-agent/fluent-bit/buffers"", ""owner"": ""root"", ""pid"": ""8737"", ""process"": ""all"", ""resource_instance_id"": ""8057035535632679842"", ""resource_project_id"": ""proyecto-2-cloud-509714"", ""resource_type"": ""gce_instance"", ""resource_zone"": ""us-central1-a"", ""vm"": ""8057035535632679842""}",2026889216
2026-09-27T02:44:59.744958Z,"{""command"": ""google_cloud_ops_agent_wrapper"", ""command_line"": ""/opt/google-cloud-ops-agent/libexec/google_cloud_ops_agent_wrapper -config_path /etc/google-cloud-ops-agent/config.yaml -log_path /var/log/google-cloud-ops-agent/subagents/logging-module.log /opt/google-cloud-ops-agent/subagents/fluent-bit/bin/fluent-bit --config /run/google-cloud-ops-agent-fluent-bit/fluent_bit_main.conf --parser /run/google-cloud-ops-agent-fluent-bit/fluent_bit_parser.conf --storage_path /var/lib/google-cloud-ops-agent/fluent-bit/buffers"", ""owner"": ""root"", ""pid"": ""8737"", ""process"": ""all"", ""resource_instance_id"": ""8057035535632679842"", ""resource_project_id"": ""proyecto-2-cloud-509714"", ""resource_type"": ""gce_instance"", ""resource_zone"": ""us-central1-a"", ""vm"": ""8057035535632679842""}",2026889216
2026-09-27T02:44:29.741798Z,"{""command"": ""google_cloud_ops_agent_wrapper"", ""command_line"": ""/opt/google-cloud-ops-agent/libexec/google_cloud_ops_agent_wrapper -config_path /etc/google-cloud-ops-agent/config.yaml -log_path /var/log/google-cloud-ops-agent/subagents/logging-module.log /opt/google-cloud-ops-agent/subagents/fluent-bit/bin/fluent-bit --config /run/google-cloud-ops-agent-fluent-bit/fluent_bit_main.conf --parser /run/google-cloud-ops-agent-fluent-bit/fluent_bit_parser.conf --storage_path /var/lib/google-cloud-ops-agent/fluent-bit/buffers"", ""owner"": ""root"", ""pid"": ""8737"", ""process"": ""all"", ""resource_instance_id"": ""8057035535632679842"", ""resource_project_id"": ""proyecto-2-cloud-509714"", ""resource_type"": ""gce_instance"", ""resource_zone"": ""us-central1-a"", ""vm"": ""8057035535632679842""}",2026889216
2026-09-27T02:43:59.743814Z,"{""command"": ""google_cloud_ops_agent_wrapper"", ""command_line"": ""/opt/google-cloud-ops-agent/libexec/google_cloud_ops_agent_wrapper -config_path /etc/google-cloud-ops-agent/config.yaml -log_path /var/log/google-cloud-ops-agent/subagents/logging-module.log /opt/google-cloud-ops-agent/subagents/fluent-bit/bin/fluent-bit --config /run/google-cloud-ops-agent-fluent-bit/fluent_bit_main.conf --parser /run/google-cloud-ops-agent-fluent-bit/fluent_bit_parser.conf --storage_path /var/lib/google-cloud-ops-agent/fluent-bit/buffers"", ""owner"": ""root"", ""pid"": ""8737"", ""process"": ""all"", ""resource_instance_id"": ""8057035535632679842"", ""resource_project_id"": ""proyecto-2-cloud-509714"", ""resource_type"": ""gce_instance"", ""resource_zone"": ""us-central1-a"", ""vm"": ""8057035535632679842""}",2026889216
2026-09-27T02:43:29.745162Z,"{""command"": ""google_cloud_ops_agent_wrapper"", ""command_line"": ""/opt/google-cloud-ops-agent/libexec/google_cloud_ops_agent_wrapper -config_path /etc/google-cloud-ops-agent/config.yaml -log_path /var/log/google-cloud-ops-agent/subagents/logging-module.log /opt/google-cloud-ops-agent/subagents/fluent-bit/bin/fluent-bit --config /run/google-cloud-ops-agent-fluent-bit/fluent_bit_main.conf --parser /run/google-cloud-ops-agent-fluent-bit/fluent_bit_parser.conf --storage_path /var/lib/google-cloud-ops-agent/fluent-bit/buffers"", ""owner"": ""root"", ""pid"": ""8737"", ""process"": ""all"", ""resource_instance_id"": ""8057035535632679842"", ""resource_project_id"": ""proyecto-2-cloud-509714"", ""resource_type"": ""gce_instance"", ""resource_zone"": ""us-central1-a"", ""vm"": ""8057035535632679842""}",2026889216
2026-09-27T02:42:59.738102Z,"{""command"": ""google_cloud_ops_agent_wrapper"", ""command_line"": ""/opt/google-cloud-ops-agent/libexec/google_cloud_ops_agent_wrapper -config_path /etc/google-cloud-ops-agent/config.yaml -log_path /var/log/google-cloud-ops-agent/subagents/logging-module.log /opt/google-cloud-ops-agent/subagents/fluent-bit/bin/fluent-bit --config /run/google-cloud-ops-agent-fluent-bit/fluent_bit_main.conf --parser /run/google-cloud-ops-agent-fluent-bit/fluent_bit_parser.conf --storage_path /var/lib/google-cloud-ops-agent/fluent-bit/buffers"", ""owner"": ""root"", ""pid"": ""8737"", ""process"": ""all"", ""resource_instance_id"": ""8057035535632679842"", ""resource_project_id"": ""proyecto-2-cloud-509714"", ""resource_type"": ""gce_instance"", ""resource_zone"": ""us-central1-a"", ""vm"": ""8057035535632679842""}",2026889216
2026-09-27T02:42:29.763894Z,"{""command"": ""google_cloud_ops_agent_wrapper"", ""command_line"": ""/opt/google-cloud-ops-agent/libexec/google_cloud_ops_agent_wrapper -config_path /etc/google-cloud-ops-agent/config.yaml -log_path /var/log/google-cloud-ops-agent/subagents/logging-module.log /opt/google-cloud-ops-agent/subagents/fluent-bit/bin/fluent-bit --config /run/google-cloud-ops-agent-fluent-bit/fluent_bit_main.conf --parser /run/google-cloud-ops-agent-fluent-bit/fluent_bit_parser.conf --storage_path /var/lib/google-cloud-ops-agent/fluent-bit/buffers"", ""owner"": ""root"", ""pid"": ""8737"", ""process"": ""all"", ""resource_instance_id"": ""8057035535632679842"", ""resource_project_id"": ""proyecto-2-cloud-509714"", ""resource_type"": ""gce_instance"", ""resource_zone"": ""us-central1-a"", ""vm"": ""8057035535632679842""}",2026889216
2026-09-27T02:41:59.741860Z,"{""command"": ""google_cloud_ops_agent_wrapper"", ""command_line"": ""/opt/google-cloud-ops-agent/libexec/google_cloud_ops_agent_wrapper -config_path /etc/google-cloud-ops-agent/config.yaml -log_path /var/log/google-cloud-ops-agent/subagents/logging-module.log /opt/google-cloud-ops-agent/subagents/fluent-bit/bin/fluent-bit --config /run/google-cloud-ops-agent-fluent-bit/fluent_bit_main.conf --parser /run/google-cloud-ops-agent-fluent-bit/fluent_bit_parser.conf --storage_path /var/lib/google-cloud-ops-agent/fluent-bit/buffers"", ""owner"": ""root"", ""pid"": ""8737"", ""process"": ""all"", ""resource_instance_id"": ""8057035535632679842"", ""resource_project_id"": ""proyecto-2-cloud-509714"", ""resource_type"": ""gce_instance"", ""resource_zone"": ""us-central1-a"", ""vm"": ""8057035535632679842""}",2026889216
2026-09-27T02:41:29.745246Z,"{""command"": ""google_cloud_ops_agent_wrapper"", ""command_line"": ""/opt/google-cloud-ops-agent/libexec/google_cloud_ops_agent_wrapper -config_path /etc/google-cloud-ops-agent/config.yaml -log_path /var/log/google-cloud-ops-agent/subagents/logging-module.log /opt/google-cloud-ops-agent/subagents/fluent-bit/bin/fluent-bit --config /run/google-cloud-ops-agent-fluent-bit/fluent_bit_main.conf --parser /run/google-cloud-ops-agent-fluent-bit/fluent_bit_parser.conf --storage_path /var/lib/google-cloud-ops-agent/fluent-bit/buffers"", ""owner"": ""root"", ""pid"": ""8737"", ""process"": ""all"", ""resource_instance_id"": ""8057035535632679842"", ""resource_project_id"": ""proyecto-2-cloud-509714"", ""resource_type"": ""gce_instance"", ""resource_zone"": ""us-central1-a"", ""vm"": ""8057035535632679842""}",2026889216
2026-09-27T02:40:59.734026Z,"{""command"": ""google_cloud_ops_agent_wrapper"", ""command_line"": ""/opt/google-cloud-ops-agent/libexec/google_cloud_ops_agent_wrapper -config_path /etc/google-cloud-ops-agent/config.yaml -log_path /var/log/google-cloud-ops-agent/subagents/logging-module.log /opt/google-cloud-ops-agent/subagents/fluent-bit/bin/fluent-bit --config /run/google-cloud-ops-agent-fluent-bit/fluent_bit_main.conf --parser /run/google-cloud-ops-agent-fluent-bit/fluent_bit_parser.conf --storage_path /var/lib/google-cloud-ops-agent/fluent-bit/buffers"", ""owner"": ""root"", ""pid"": ""8737"", ""process"": ""all"", ""resource_instance_id"": ""8057035535632679842"", ""resource_project_id"": ""proyecto-2-cloud-509714"", ""resource_type"": ""gce_instance"", ""resource_zone"": ""us-central1-a"", ""vm"": ""8057035535632679842""}",2026889216
2026-09-27T02:40:29.730934Z,"{""command"": ""google_cloud_ops_agent_wrapper"", ""command_line"": ""/opt/google-cloud-ops-agent/libexec/google_cloud_ops_agent_wrapper -config_path /etc/google-cloud-ops-agent/config.yaml -log_path /var/log/google-cloud-ops-agent/subagents/logging-module.log /opt/google-cloud-ops-agent/subagents/fluent-bit/bin/fluent-bit --config /run/google-cloud-ops-agent-fluent-bit/fluent_bit_main.conf --parser /run/google-cloud-ops-agent-fluent-bit/fluent_bit_parser.conf --storage_path /var/lib/google-cloud-ops-agent/fluent-bit/buffers"", ""owner"": ""root"", ""pid"": ""8737"", ""process"": ""all"", ""resource_instance_id"": ""8057035535632679842"", ""resource_project_id"": ""proyecto-2-cloud-509714"", ""resource_type"": ""gce_instance"", ""resource_zone"": ""us-central1-a"", ""vm"": ""8057035535632679842""}",2026889216
2026-09-27T02:39:59.741423Z,"{""command"": ""google_cloud_ops_agent_wrapper"", ""command_line"": ""/opt/google-cloud-ops-agent/libexec/google_cloud_ops_agent_wrapper -config_path /etc/google-cloud-ops-agent/config.yaml -log_path /var/log/google-cloud-ops-agent/subagents/logging-module.log /opt/google-cloud-ops-agent/subagents/fluent-bit/bin/fluent-bit --config /run/google-cloud-ops-agent-fluent-bit/fluent_bit_main.conf --parser /run/google-cloud-ops-agent-fluent-bit/fluent_bit_parser.conf --storage_path /var/lib/google-cloud-ops-agent/fluent-bit/buffers"", ""owner"": ""root"", ""pid"": ""8737"", ""process"": ""all"", ""resource_instance_id"": ""8057035535632679842"", ""resource_project_id"": ""proyecto-2-cloud-509714"", ""resource_type"": ""gce_instance"", ""resource_zone"": ""us-central1-a"", ""vm"": ""8057035535632679842""}",2026889216
2026-09-27T02:39:29.732568Z,"{""command"": ""google_cloud_ops_agent_wrapper"", ""command_line"": ""/opt/google-cloud-ops-agent/libexec/google_cloud_ops_agent_wrapper -config_path /etc/google-cloud-ops-agent/config.yaml -log_path /var/log/google-cloud-ops-agent/subagents/logging-module.log /opt/google-cloud-ops-agent/subagents/fluent-bit/bin/fluent-bit --config /run/google-cloud-ops-agent-fluent-bit/fluent_bit_main.conf --parser /run/google-cloud-ops-agent-fluent-bit/fluent_bit_parser.conf --storage_path /var/lib/google-cloud-ops-agent/fluent-bit/buffers"", ""owner"": ""root"", ""pid"": ""8737"", ""process"": ""all"", ""resource_instance_id"": ""8057035535632679842"", ""resource_project_id"": ""proyecto-2-cloud-509714"", ""resource_type"": ""gce_instance"", ""resource_zone"": ""us-central1-a"", ""vm"": ""8057035535632679842""}",2026889216
2026-09-27T02:38:59.740068Z,"{""command"": ""google_cloud_ops_agent_wrapper"", ""command_line"": ""/opt/google-cloud-ops-agent/libexec/google_cloud_ops_agent_wrapper -config_path /etc/google-cloud-ops-agent/config.yaml -log_path /var/log/google-cloud-ops-agent/subagents/logging-module.log /opt/google-cloud-ops-agent/subagents/fluent-bit/bin/fluent-bit --config /run/google-cloud-ops-agent-fluent-bit/fluent_bit_main.conf --parser /run/google-cloud-ops-agent-fluent-bit/fluent_bit_parser.conf --storage_path /var/lib/google-cloud-ops-agent/fluent-bit/buffers"", ""owner"": ""root"", ""pid"": ""8737"", ""process"": ""all"", ""resource_instance_id"": ""8057035535632679842"", ""resource_project_id"": ""proyecto-2-cloud-509714"", ""resource_type"": ""gce_instance"", ""resource_zone"": ""us-central1-a"", ""vm"": ""8057035535632679842""}",2026889216
2026-09-27T02:38:29.729666Z,"{""command"": ""google_cloud_ops_agent_wrapper"", ""command_line"": ""/opt/google-cloud-ops-agent/libexec/google_cloud_ops_agent_wrapper -config_path /etc/google-cloud-ops-agent/config.yaml -log_path /var/log/google-cloud-ops-agent/subagents/logging-module.log /opt/google-cloud-ops-agent/subagents/fluent-bit/bin/fluent-bit --config /run/google-cloud-ops-agent-fluent-bit/fluent_bit_main.conf --parser /run/google-cloud-ops-agent-fluent-bit/fluent_bit_parser.conf --storage_path /var/lib/google-cloud-ops-agent/fluent-bit/buffers"", ""owner"": ""root"", ""pid"": ""8737"", ""process"": ""all"", ""resource_instance_id"": ""8057035535632679842"", ""resource_project_id"": ""proyecto-2-cloud-509714"", ""resource_type"": ""gce_instance"", ""resource_zone"": ""us-central1-a"", ""vm"": ""8057035535632679842""}",2026889216
2026-09-27T02:37:59.740400Z,"{""command"": ""google_cloud_ops_agent_wrapper"", ""command_line"": ""/opt/google-cloud-ops-agent/libexec/google_cloud_ops_agent_wrapper -config_path /etc/google-cloud-ops-agent/config.yaml -log_path /var/log/google-cloud-ops-agent/subagents/logging-module.log /opt/google-cloud-ops-agent/subagents/fluent-bit/bin/fluent-bit --config /run/google-cloud-ops-agent-fluent-bit/fluent_bit_main.conf --parser /run/google-cloud-ops-agent-fluent-bit/fluent_bit_parser.conf --storage_path /var/lib/google-cloud-ops-agent/fluent-bit/buffers"", ""owner"": ""root"", ""pid"": ""8737"", ""process"": ""all"", ""resource_instance_id"": ""8057035535632679842"", ""resource_project_id"": ""proyecto-2-cloud-509714"", ""resource_type"": ""gce_instance"", ""resource_zone"": ""us-central1-a"", ""vm"": ""8057035535632679842""}",2026889216
2026-09-27T02:37:29.734724Z,"{""command"": ""google_cloud_ops_agent_wrapper"", ""command_line"": ""/opt/google-cloud-ops-agent/libexec/google_cloud_ops_agent_wrapper -config_path /etc/google-cloud-ops-agent/config.yaml -log_path /var/log/google-cloud-ops-agent/subagents/logging-module.log /opt/google-cloud-ops-agent/subagents/fluent-bit/bin/fluent-bit --config /run/google-cloud-ops-agent-fluent-bit/fluent_bit_main.conf --parser /run/google-cloud-ops-agent-fluent-bit/fluent_bit_parser.conf --storage_path /var/lib/google-cloud-ops-agent/fluent-bit/buffers"", ""owner"": ""root"", ""pid"": ""8737"", ""process"": ""all"", ""resource_instance_id"": ""8057035535632679842"", ""resource_project_id"": ""proyecto-2-cloud-509714"", ""resource_type"": ""gce_instance"", ""resource_zone"": ""us-central1-a"", ""vm"": ""8057035535632679842""}",2026889216
2026-09-27T02:36:59.742821Z,"{""command"": ""google_cloud_ops_agent_wrapper"", ""command_line"": ""/opt/google-cloud-ops-agent/libexec/google_cloud_ops_agent_wrapper -config_path /etc/google-cloud-ops-agent/config.yaml -log_path /var/log/google-cloud-ops-agent/subagents/logging-module.log /opt/google-cloud-ops-agent/subagents/fluent-bit/bin/fluent-bit --config /run/google-cloud-ops-agent-fluent-bit/fluent_bit_main.conf --parser /run/google-cloud-ops-agent-fluent-bit/fluent_bit_parser.conf --storage_path /var/lib/google-cloud-ops-agent/fluent-bit/buffers"", ""owner"": ""root"", ""pid"": ""8737"", ""process"": ""all"", ""resource_instance_id"": ""8057035535632679842"", ""resource_project_id"": ""proyecto-2-cloud-509714"", ""resource_type"": ""gce_instance"", ""resource_zone"": ""us-central1-a"", ""vm"": ""8057035535632679842""}",2026889216
2026-09-27T02:36:29.738560Z,"{""command"": ""google_cloud_ops_agent_wrapper"", ""command_line"": ""/opt/google-cloud-ops-agent/libexec/google_cloud_ops_agent_wrapper -config_path /etc/google-cloud-ops-agent/config.yaml -log_path /var/log/google-cloud-ops-agent/subagents/logging-module.log /opt/google-cloud-ops-agent/subagents/fluent-bit/bin/fluent-bit --config /run/google-cloud-ops-agent-fluent-bit/fluent_bit_main.conf --parser /run/google-cloud-ops-agent-fluent-bit/fluent_bit_parser.conf --storage_path /var/lib/google-cloud-ops-agent/fluent-bit/buffers"", ""owner"": ""root"", ""pid"": ""8737"", ""process"": ""all"", ""resource_instance_id"": ""8057035535632679842"", ""resource_project_id"": ""proyecto-2-cloud-509714"", ""resource_type"": ""gce_instance"", ""resource_zone"": ""us-central1-a"", ""vm"": ""8057035535632679842""}",2026889216
2026-09-27T02:35:59.731229Z,"{""command"": ""google_cloud_ops_agent_wrapper"", ""command_line"": ""/opt/google-cloud-ops-agent/libexec/google_cloud_ops_agent_wrapper -config_path /etc/google-cloud-ops-agent/config.yaml -log_path /var/log/google-cloud-ops-agent/subagents/logging-module.log /opt/google-cloud-ops-agent/subagents/fluent-bit/bin/fluent-bit --config /run/google-cloud-ops-agent-fluent-bit/fluent_bit_main.conf --parser /run/google-cloud-ops-agent-fluent-bit/fluent_bit_parser.conf --storage_path /var/lib/google-cloud-ops-agent/fluent-bit/buffers"", ""owner"": ""root"", ""pid"": ""8737"", ""process"": ""all"", ""resource_instance_id"": ""8057035535632679842"", ""resource_project_id"": ""proyecto-2-cloud-509714"", ""resource_type"": ""gce_instance"", ""resource_zone"": ""us-central1-a"", ""vm"": ""8057035535632679842""}",2026889216
2026-09-27T02:35:29.728Z,"{""command"": ""google_cloud_ops_agent_wrapper"", ""command_line"": ""/opt/google-cloud-ops-agent/libexec/google_cloud_ops_agent_wrapper -config_path /etc/google-cloud-ops-agent/config.yaml -log_path /var/log/google-cloud-ops-agent/subagents/logging-module.log /opt/google-cloud-ops-agent/subagents/fluent-bit/bin/fluent-bit --config /run/google-cloud-ops-agent-fluent-bit/fluent_bit_main.conf --parser /run/google-cloud-ops-agent-fluent-bit/fluent_bit_parser.conf --storage_path /var/lib/google-cloud-ops-agent/fluent-bit/buffers"", ""owner"": ""root"", ""pid"": ""8737"", ""process"": ""all"", ""resource_instance_id"": ""8057035535632679842"", ""resource_project_id"": ""proyecto-2-cloud-509714"", ""resource_type"": ""gce_instance"", ""resource_zone"": ""us-central1-a"", ""vm"": ""8057035535632679842""}",2026889216
2026-09-27T02:34:59.735420Z,"{""command"": ""google_cloud_ops_agent_wrapper"", ""command_line"": ""/opt/google-cloud-ops-agent/libexec/google_cloud_ops_agent_wrapper -config_path /etc/google-cloud-ops-agent/config.yaml -log_path /var/log/google-cloud-ops-agent/subagents/logging-module.log /opt/google-cloud-ops-agent/subagents/fluent-bit/bin/fluent-bit --config /run/google-cloud-ops-agent-fluent-bit/fluent_bit_main.conf --parser /run/google-cloud-ops-agent-fluent-bit/fluent_bit_parser.conf --storage_path /var/lib/google-cloud-ops-agent/fluent-bit/buffers"", ""owner"": ""root"", ""pid"": ""8737"", ""process"": ""all"", ""resource_instance_id"": ""8057035535632679842"", ""resource_project_id"": ""proyecto-2-cloud-509714"", ""resource_type"": ""gce_instance"", ""resource_zone"": ""us-central1-a"", ""vm"": ""8057035535632679842""}",2026889216
2026-09-27T02:34:29.734482Z,"{""command"": ""google_cloud_ops_agent_wrapper"", ""command_line"": ""/opt/google-cloud-ops-agent/libexec/google_cloud_ops_agent_wrapper -config_path /etc/google-cloud-ops-agent/config.yaml -log_path /var/log/google-cloud-ops-agent/subagents/logging-module.log /opt/google-cloud-ops-agent/subagents/fluent-bit/bin/fluent-bit --config /run/google-cloud-ops-agent-fluent-bit/fluent_bit_main.conf --parser /run/google-cloud-ops-agent-fluent-bit/fluent_bit_parser.conf --storage_path /var/lib/google-cloud-ops-agent/fluent-bit/buffers"", ""owner"": ""root"", ""pid"": ""8737"", ""process"": ""all"", ""resource_instance_id"": ""8057035535632679842"", ""resource_project_id"": ""proyecto-2-cloud-509714"", ""resource_type"": ""gce_instance"", ""resource_zone"": ""us-central1-a"", ""vm"": ""8057035535632679842""}",2026889216
2026-09-27T02:33:59.740164Z,"{""command"": ""google_cloud_ops_agent_wrapper"", ""command_line"": ""/opt/google-cloud-ops-agent/libexec/google_cloud_ops_agent_wrapper -config_path /etc/google-cloud-ops-agent/config.yaml -log_path /var/log/google-cloud-ops-agent/subagents/logging-module.log /opt/google-cloud-ops-agent/subagents/fluent-bit/bin/fluent-bit --config /run/google-cloud-ops-agent-fluent-bit/fluent_bit_main.conf --parser /run/google-cloud-ops-agent-fluent-bit/fluent_bit_parser.conf --storage_path /var/lib/google-cloud-ops-agent/fluent-bit/buffers"", ""owner"": ""root"", ""pid"": ""8737"", ""process"": ""all"", ""resource_instance_id"": ""8057035535632679842"", ""resource_project_id"": ""proyecto-2-cloud-509714"", ""resource_type"": ""gce_instance"", ""resource_zone"": ""us-central1-a"", ""vm"": ""8057035535632679842""}",2026889216
2026-09-27T02:33:29.728941Z,"{""command"": ""google_cloud_ops_agent_wrapper"", ""command_line"": ""/opt/google-cloud-ops-agent/libexec/google_cloud_ops_agent_wrapper -config_path /etc/google-cloud-ops-agent/config.yaml -log_path /var/log/google-cloud-ops-agent/subagents/logging-module.log /opt/google-cloud-ops-agent/subagents/fluent-bit/bin/fluent-bit --config /run/google-cloud-ops-agent-fluent-bit/fluent_bit_main.conf --parser /run/google-cloud-ops-agent-fluent-bit/fluent_bit_parser.conf --storage_path /var/lib/google-cloud-ops-agent/fluent-bit/buffers"", ""owner"": ""root"", ""pid"": ""8737"", ""process"": ""all"", ""resource_instance_id"": ""8057035535632679842"", ""resource_project_id"": ""proyecto-2-cloud-509714"", ""resource_type"": ""gce_instance"", ""resource_zone"": ""us-central1-a"", ""vm"": ""8057035535632679842""}",2026889216
2026-09-27T02:32:59.746959Z,"{""command"": ""google_cloud_ops_agent_wrapper"", ""command_line"": ""/opt/google-cloud-ops-agent/libexec/google_cloud_ops_agent_wrapper -config_path /etc/google-cloud-ops-agent/config.yaml -log_path /var/log/google-cloud-ops-agent/subagents/logging-module.log /opt/google-cloud-ops-agent/subagents/fluent-bit/bin/fluent-bit --config /run/google-cloud-ops-agent-fluent-bit/fluent_bit_main.conf --parser /run/google-cloud-ops-agent-fluent-bit/fluent_bit_parser.conf --storage_path /var/lib/google-cloud-ops-agent/fluent-bit/buffers"", ""owner"": ""root"", ""pid"": ""8737"", ""process"": ""all"", ""resource_instance_id"": ""8057035535632679842"", ""resource_project_id"": ""proyecto-2-cloud-509714"", ""resource_type"": ""gce_instance"", ""resource_zone"": ""us-central1-a"", ""vm"": ""8057035535632679842""}",2026889216
2026-09-27T02:32:29.738166Z,"{""command"": ""google_cloud_ops_agent_wrapper"", ""command_line"": ""/opt/google-cloud-ops-agent/libexec/google_cloud_ops_agent_wrapper -config_path /etc/google-cloud-ops-agent/config.yaml -log_path /var/log/google-cloud-ops-agent/subagents/logging-module.log /opt/google-cloud-ops-agent/subagents/fluent-bit/bin/fluent-bit --config /run/google-cloud-ops-agent-fluent-bit/fluent_bit_main.conf --parser /run/google-cloud-ops-agent-fluent-bit/fluent_bit_parser.conf --storage_path /var/lib/google-cloud-ops-agent/fluent-bit/buffers"", ""owner"": ""root"", ""pid"": ""8737"", ""process"": ""all"", ""resource_instance_id"": ""8057035535632679842"", ""resource_project_id"": ""proyecto-2-cloud-509714"", ""resource_type"": ""gce_instance"", ""resource_zone"": ""us-central1-a"", ""vm"": ""8057035535632679842""}",2026889216
2026-09-27T02:31:59.737896Z,"{""command"": ""google_cloud_ops_agent_wrapper"", ""command_line"": ""/opt/google-cloud-ops-agent/libexec/google_cloud_ops_agent_wrapper -config_path /etc/google-cloud-ops-agent/config.yaml -log_path /var/log/google-cloud-ops-agent/subagents/logging-module.log /opt/google-cloud-ops-agent/subagents/fluent-bit/bin/fluent-bit --config /run/google-cloud-ops-agent-fluent-bit/fluent_bit_main.conf --parser /run/google-cloud-ops-agent-fluent-bit/fluent_bit_parser.conf --storage_path /var/lib/google-cloud-ops-agent/fluent-bit/buffers"", ""owner"": ""root"", ""pid"": ""8737"", ""process"": ""all"", ""resource_instance_id"": ""8057035535632679842"", ""resource_project_id"": ""proyecto-2-cloud-509714"", ""resource_type"": ""gce_instance"", ""resource_zone"": ""us-central1-a"", ""vm"": ""8057035535632679842""}",2026889216
2026-09-27T02:31:29.732461Z,"{""command"": ""google_cloud_ops_agent_wrapper"", ""command_line"": ""/opt/google-cloud-ops-agent/libexec/google_cloud_ops_agent_wrapper -config_path /etc/google-cloud-ops-agent/config.yaml -log_path /var/log/google-cloud-ops-agent/subagents/logging-module.log /opt/google-cloud-ops-agent/subagents/fluent-bit/bin/fluent-bit --config /run/google-cloud-ops-agent-fluent-bit/fluent_bit_main.conf --parser /run/google-cloud-ops-agent-fluent-bit/fluent_bit_parser.conf --storage_path /var/lib/google-cloud-ops-agent/fluent-bit/buffers"", ""owner"": ""root"", ""pid"": ""8737"", ""process"": ""all"", ""resource_instance_id"": ""8057035535632679842"", ""resource_project_id"": ""proyecto-2-cloud-509714"", ""resource_type"": ""gce_instance"", ""resource_zone"": ""us-central1-a"", ""vm"": ""8057035535632679842""}",2026889216
2026-09-27T02:30:59.749056Z,"{""command"": ""google_cloud_ops_agent_wrapper"", ""command_line"": ""/opt/google-cloud-ops-agent/libexec/google_cloud_ops_agent_wrapper -config_path /etc/google-cloud-ops-agent/config.yaml -log_path /var/log/google-cloud-ops-agent/subagents/logging-module.log /opt/google-cloud-ops-agent/subagents/fluent-bit/bin/fluent-bit --config /run/google-cloud-ops-agent-fluent-bit/fluent_bit_main.conf --parser /run/google-cloud-ops-agent-fluent-bit/fluent_bit_parser.conf --storage_path /var/lib/google-cloud-ops-agent/fluent-bit/buffers"", ""owner"": ""root"", ""pid"": ""8737"", ""process"": ""all"", ""resource_instance_id"": ""8057035535632679842"", ""resource_project_id"": ""proyecto-2-cloud-509714"", ""resource_type"": ""gce_instance"", ""resource_zone"": ""us-central1-a"", ""vm"": ""8057035535632679842""}",2026889216
2026-09-27T02:30:29.743494Z,"{""command"": ""google_cloud_ops_agent_wrapper"", ""command_line"": ""/opt/google-cloud-ops-agent/libexec/google_cloud_ops_agent_wrapper -config_path /etc/google-cloud-ops-agent/config.yaml -log_path /var/log/google-cloud-ops-agent/subagents/logging-module.log /opt/google-cloud-ops-agent/subagents/fluent-bit/bin/fluent-bit --config /run/google-cloud-ops-agent-fluent-bit/fluent_bit_main.conf --parser /run/google-cloud-ops-agent-fluent-bit/fluent_bit_parser.conf --storage_path /var/lib/google-cloud-ops-agent/fluent-bit/buffers"", ""owner"": ""root"", ""pid"": ""8737"", ""process"": ""all"", ""resource_instance_id"": ""8057035535632679842"", ""resource_project_id"": ""proyecto-2-cloud-509714"", ""resource_type"": ""gce_instance"", ""resource_zone"": ""us-central1-a"", ""vm"": ""8057035535632679842""}",2026889216
2026-09-27T02:49:59.740218Z,"{""command"": ""google_guest_agent_manager"", ""command_line"": ""/usr/bin/google_guest_agent_manager"", ""owner"": ""root"", ""pid"": ""416"", ""process"": ""all"", ""resource_instance_id"": ""8057035535632679842"", ""resource_project_id"": ""proyecto-2-cloud-509714"", ""resource_type"": ""gce_instance"", ""resource_zone"": ""us-central1-a"", ""vm"": ""8057035535632679842""}",1308733440
2026-09-27T02:49:29.735870Z,"{""command"": ""google_guest_agent_manager"", ""command_line"": ""/usr/bin/google_guest_agent_manager"", ""owner"": ""root"", ""pid"": ""416"", ""process"": ""all"", ""resource_instance_id"": ""8057035535632679842"", ""resource_project_id"": ""proyecto-2-cloud-509714"", ""resource_type"": ""gce_instance"", ""resource_zone"": ""us-central1-a"", ""vm"": ""8057035535632679842""}",1308733440
2026-09-27T02:48:59.731339Z,"{""command"": ""google_guest_agent_manager"", ""command_line"": ""/usr/bin/google_guest_agent_manager"", ""owner"": ""root"", ""pid"": ""416"", ""process"": ""all"", ""resource_instance_id"": ""8057035535632679842"", ""resource_project_id"": ""proyecto-2-cloud-509714"", ""resource_type"": ""gce_instance"", ""resource_zone"": ""us-central1-a"", ""vm"": ""8057035535632679842""}",1308733440
2026-09-27T02:48:29.737698Z,"{""command"": ""google_guest_agent_manager"", ""command_line"": ""/usr/bin/google_guest_agent_manager"", ""owner"": ""root"", ""pid"": ""416"", ""process"": ""all"", ""resource_instance_id"": ""8057035535632679842"", ""resource_project_id"": ""proyecto-2-cloud-509714"", ""resource_type"": ""gce_instance"", ""resource_zone"": ""us-central1-a"", ""vm"": ""8057035535632679842""}",1308733440
2026-09-27T02:47:59.735426Z,"{""command"": ""google_guest_agent_manager"", ""command_line"": ""/usr/bin/google_guest_agent_manager"", ""owner"": ""root"", ""pid"": ""416"", ""process"": ""all"", ""resource_instance_id"": ""8057035535632679842"", ""resource_project_id"": ""proyecto-2-cloud-509714"", ""resource_type"": ""gce_instance"", ""resource_zone"": ""us-central1-a"", ""vm"": ""8057035535632679842""}",1308733440
2026-09-27T02:47:29.732536Z,"{""command"": ""google_guest_agent_manager"", ""command_line"": ""/usr/bin/google_guest_agent_manager"", ""owner"": ""root"", ""pid"": ""416"", ""process"": ""all"", ""resource_instance_id"": ""8057035535632679842"", ""resource_project_id"": ""proyecto-2-cloud-509714"", ""resource_type"": ""gce_instance"", ""resource_zone"": ""us-central1-a"", ""vm"": ""8057035535632679842""}",1308733440
2026-09-27T02:46:59.743272Z,"{""command"": ""google_guest_agent_manager"", ""command_line"": ""/usr/bin/google_guest_agent_manager"", ""owner"": ""root"", ""pid"": ""416"", ""process"": ""all"", ""resource_instance_id"": ""8057035535632679842"", ""resource_project_id"": ""proyecto-2-cloud-509714"", ""resource_type"": ""gce_instance"", ""resource_zone"": ""us-central1-a"", ""vm"": ""8057035535632679842""}",1308733440
2026-09-27T02:46:29.739108Z,"{""command"": ""google_guest_agent_manager"", ""command_line"": ""/usr/bin/google_guest_agent_manager"", ""owner"": ""root"", ""pid"": ""416"", ""process"": ""all"", ""resource_instance_id"": ""8057035535632679842"", ""resource_project_id"": ""proyecto-2-cloud-509714"", ""resource_type"": ""gce_instance"", ""resource_zone"": ""us-central1-a"", ""vm"": ""8057035535632679842""}",1308733440
2026-09-27T02:45:59.731663Z,"{""command"": ""google_guest_agent_manager"", ""command_line"": ""/usr/bin/google_guest_agent_manager"", ""owner"": ""root"", ""pid"": ""416"", ""process"": ""all"", ""resource_instance_id"": ""8057035535632679842"", ""resource_project_id"": ""proyecto-2-cloud-509714"", ""resource_type"": ""gce_instance"", ""resource_zone"": ""us-central1-a"", ""vm"": ""8057035535632679842""}",1308733440
2026-09-27T02:45:29.737467Z,"{""command"": ""google_guest_agent_manager"", ""command_line"": ""/usr/bin/google_guest_agent_manager"", ""owner"": ""root"", ""pid"": ""416"", ""process"": ""all"", ""resource_instance_id"": ""8057035535632679842"", ""resource_project_id"": ""proyecto-2-cloud-509714"", ""resource_type"": ""gce_instance"", ""resource_zone"": ""us-central1-a"", ""vm"": ""8057035535632679842""}",1308733440
2026-09-27T02:44:59.743200Z,"{""command"": ""google_guest_agent_manager"", ""command_line"": ""/usr/bin/google_guest_agent_manager"", ""owner"": ""root"", ""pid"": ""416"", ""process"": ""all"", ""resource_instance_id"": ""8057035535632679842"", ""resource_project_id"": ""proyecto-2-cloud-509714"", ""resource_type"": ""gce_instance"", ""resource_zone"": ""us-central1-a"", ""vm"": ""8057035535632679842""}",1308733440
2026-09-27T02:44:29.740048Z,"{""command"": ""google_guest_agent_manager"", ""command_line"": ""/usr/bin/google_guest_agent_manager"", ""owner"": ""root"", ""pid"": ""416"", ""process"": ""all"", ""resource_instance_id"": ""8057035535632679842"", ""resource_project_id"": ""proyecto-2-cloud-509714"", ""resource_type"": ""gce_instance"", ""resource_zone"": ""us-central1-a"", ""vm"": ""8057035535632679842""}",1308733440
2026-09-27T02:43:59.741738Z,"{""command"": ""google_guest_agent_manager"", ""command_line"": ""/usr/bin/google_guest_agent_manager"", ""owner"": ""root"", ""pid"": ""416"", ""process"": ""all"", ""resource_instance_id"": ""8057035535632679842"", ""resource_project_id"": ""proyecto-2-cloud-509714"", ""resource_type"": ""gce_instance"", ""resource_zone"": ""us-central1-a"", ""vm"": ""8057035535632679842""}",1308733440
2026-09-27T02:43:29.742720Z,"{""command"": ""google_guest_agent_manager"", ""command_line"": ""/usr/bin/google_guest_agent_manager"", ""owner"": ""root"", ""pid"": ""416"", ""process"": ""all"", ""resource_instance_id"": ""8057035535632679842"", ""resource_project_id"": ""proyecto-2-cloud-509714"", ""resource_type"": ""gce_instance"", ""resource_zone"": ""us-central1-a"", ""vm"": ""8057035535632679842""}",1308733440
2026-09-27T02:42:59.736179Z,"{""command"": ""google_guest_agent_manager"", ""command_line"": ""/usr/bin/google_guest_agent_manager"", ""owner"": ""root"", ""pid"": ""416"", ""process"": ""all"", ""resource_instance_id"": ""8057035535632679842"", ""resource_project_id"": ""proyecto-2-cloud-509714"", ""resource_type"": ""gce_instance"", ""resource_zone"": ""us-central1-a"", ""vm"": ""8057035535632679842""}",1308733440
2026-09-27T02:42:29.762091Z,"{""command"": ""google_guest_agent_manager"", ""command_line"": ""/usr/bin/google_guest_agent_manager"", ""owner"": ""root"", ""pid"": ""416"", ""process"": ""all"", ""resource_instance_id"": ""8057035535632679842"", ""resource_project_id"": ""proyecto-2-cloud-509714"", ""resource_type"": ""gce_instance"", ""resource_zone"": ""us-central1-a"", ""vm"": ""8057035535632679842""}",1308733440
2026-09-27T02:41:59.739677Z,"{""command"": ""google_guest_agent_manager"", ""command_line"": ""/usr/bin/google_guest_agent_manager"", ""owner"": ""root"", ""pid"": ""416"", ""process"": ""all"", ""resource_instance_id"": ""8057035535632679842"", ""resource_project_id"": ""proyecto-2-cloud-509714"", ""resource_type"": ""gce_instance"", ""resource_zone"": ""us-central1-a"", ""vm"": ""8057035535632679842""}",1308733440
2026-09-27T02:41:29.743197Z,"{""command"": ""google_guest_agent_manager"", ""command_line"": ""/usr/bin/google_guest_agent_manager"", ""owner"": ""root"", ""pid"": ""416"", ""process"": ""all"", ""resource_instance_id"": ""8057035535632679842"", ""resource_project_id"": ""proyecto-2-cloud-509714"", ""resource_type"": ""gce_instance"", ""resource_zone"": ""us-central1-a"", ""vm"": ""8057035535632679842""}",1308733440
2026-09-27T02:40:59.730801Z,"{""command"": ""google_guest_agent_manager"", ""command_line"": ""/usr/bin/google_guest_agent_manager"", ""owner"": ""root"", ""pid"": ""416"", ""process"": ""all"", ""resource_instance_id"": ""8057035535632679842"", ""resource_project_id"": ""proyecto-2-cloud-509714"", ""resource_type"": ""gce_instance"", ""resource_zone"": ""us-central1-a"", ""vm"": ""8057035535632679842""}",1308733440
2026-09-27T02:40:29.729218Z,"{""command"": ""google_guest_agent_manager"", ""command_line"": ""/usr/bin/google_guest_agent_manager"", ""owner"": ""root"", ""pid"": ""416"", ""process"": ""all"", ""resource_instance_id"": ""8057035535632679842"", ""resource_project_id"": ""proyecto-2-cloud-509714"", ""resource_type"": ""gce_instance"", ""resource_zone"": ""us-central1-a"", ""vm"": ""8057035535632679842""}",1308733440
2026-09-27T02:39:59.736719Z,"{""command"": ""google_guest_agent_manager"", ""command_line"": ""/usr/bin/google_guest_agent_manager"", ""owner"": ""root"", ""pid"": ""416"", ""process"": ""all"", ""resource_instance_id"": ""8057035535632679842"", ""resource_project_id"": ""proyecto-2-cloud-509714"", ""resource_type"": ""gce_instance"", ""resource_zone"": ""us-central1-a"", ""vm"": ""8057035535632679842""}",1308733440
2026-09-27T02:39:29.730884Z,"{""command"": ""google_guest_agent_manager"", ""command_line"": ""/usr/bin/google_guest_agent_manager"", ""owner"": ""root"", ""pid"": ""416"", ""process"": ""all"", ""resource_instance_id"": ""8057035535632679842"", ""resource_project_id"": ""proyecto-2-cloud-509714"", ""resource_type"": ""gce_instance"", ""resource_zone"": ""us-central1-a"", ""vm"": ""8057035535632679842""}",1308733440
2026-09-27T02:38:59.736755Z,"{""command"": ""google_guest_agent_manager"", ""command_line"": ""/usr/bin/google_guest_agent_manager"", ""owner"": ""root"", ""pid"": ""416"", ""process"": ""all"", ""resource_instance_id"": ""8057035535632679842"", ""resource_project_id"": ""proyecto-2-cloud-509714"", ""resource_type"": ""gce_instance"", ""resource_zone"": ""us-central1-a"", ""vm"": ""8057035535632679842""}",1308733440
2026-09-27T02:38:29.728118Z,"{""command"": ""google_guest_agent_manager"", ""command_line"": ""/usr/bin/google_guest_agent_manager"", ""owner"": ""root"", ""pid"": ""416"", ""process"": ""all"", ""resource_instance_id"": ""8057035535632679842"", ""resource_project_id"": ""proyecto-2-cloud-509714"", ""resource_type"": ""gce_instance"", ""resource_zone"": ""us-central1-a"", ""vm"": ""8057035535632679842""}",1308733440
2026-09-27T02:37:59.738675Z,"{""command"": ""google_guest_agent_manager"", ""command_line"": ""/usr/bin/google_guest_agent_manager"", ""owner"": ""root"", ""pid"": ""416"", ""process"": ""all"", ""resource_instance_id"": ""8057035535632679842"", ""resource_project_id"": ""proyecto-2-cloud-509714"", ""resource_type"": ""gce_instance"", ""resource_zone"": ""us-central1-a"", ""vm"": ""8057035535632679842""}",1308733440
2026-09-27T02:37:29.732898Z,"{""command"": ""google_guest_agent_manager"", ""command_line"": ""/usr/bin/google_guest_agent_manager"", ""owner"": ""root"", ""pid"": ""416"", ""process"": ""all"", ""resource_instance_id"": ""8057035535632679842"", ""resource_project_id"": ""proyecto-2-cloud-509714"", ""resource_type"": ""gce_instance"", ""resource_zone"": ""us-central1-a"", ""vm"": ""8057035535632679842""}",1308733440
2026-09-27T02:36:59.740473Z,"{""command"": ""google_guest_agent_manager"", ""command_line"": ""/usr/bin/google_guest_agent_manager"", ""owner"": ""root"", ""pid"": ""416"", ""process"": ""all"", ""resource_instance_id"": ""8057035535632679842"", ""resource_project_id"": ""proyecto-2-cloud-509714"", ""resource_type"": ""gce_instance"", ""resource_zone"": ""us-central1-a"", ""vm"": ""8057035535632679842""}",1308733440
2026-09-27T02:36:29.735679Z,"{""command"": ""google_guest_agent_manager"", ""command_line"": ""/usr/bin/google_guest_agent_manager"", ""owner"": ""root"", ""pid"": ""416"", ""process"": ""all"", ""resource_instance_id"": ""8057035535632679842"", ""resource_project_id"": ""proyecto-2-cloud-509714"", ""resource_type"": ""gce_instance"", ""resource_zone"": ""us-central1-a"", ""vm"": ""8057035535632679842""}",1308733440
2026-09-27T02:35:59.728145Z,"{""command"": ""google_guest_agent_manager"", ""command_line"": ""/usr/bin/google_guest_agent_manager"", ""owner"": ""root"", ""pid"": ""416"", ""process"": ""all"", ""resource_instance_id"": ""8057035535632679842"", ""resource_project_id"": ""proyecto-2-cloud-509714"", ""resource_type"": ""gce_instance"", ""resource_zone"": ""us-central1-a"", ""vm"": ""8057035535632679842""}",1308733440
2026-09-27T02:35:29.726347Z,"{""command"": ""google_guest_agent_manager"", ""command_line"": ""/usr/bin/google_guest_agent_manager"", ""owner"": ""root"", ""pid"": ""416"", ""process"": ""all"", ""resource_instance_id"": ""8057035535632679842"", ""resource_project_id"": ""proyecto-2-cloud-509714"", ""resource_type"": ""gce_instance"", ""resource_zone"": ""us-central1-a"", ""vm"": ""8057035535632679842""}",1308733440
2026-09-27T02:34:59.731593Z,"{""command"": ""google_guest_agent_manager"", ""command_line"": ""/usr/bin/google_guest_agent_manager"", ""owner"": ""root"", ""pid"": ""416"", ""process"": ""all"", ""resource_instance_id"": ""8057035535632679842"", ""resource_project_id"": ""proyecto-2-cloud-509714"", ""resource_type"": ""gce_instance"", ""resource_zone"": ""us-central1-a"", ""vm"": ""8057035535632679842""}",1308733440
2026-09-27T02:34:29.731562Z,"{""command"": ""google_guest_agent_manager"", ""command_line"": ""/usr/bin/google_guest_agent_manager"", ""owner"": ""root"", ""pid"": ""416"", ""process"": ""all"", ""resource_instance_id"": ""8057035535632679842"", ""resource_project_id"": ""proyecto-2-cloud-509714"", ""resource_type"": ""gce_instance"", ""resource_zone"": ""us-central1-a"", ""vm"": ""8057035535632679842""}",1308733440
2026-09-27T02:33:59.737938Z,"{""command"": ""google_guest_agent_manager"", ""command_line"": ""/usr/bin/google_guest_agent_manager"", ""owner"": ""root"", ""pid"": ""416"", ""process"": ""all"", ""resource_instance_id"": ""8057035535632679842"", ""resource_project_id"": ""proyecto-2-cloud-509714"", ""resource_type"": ""gce_instance"", ""resource_zone"": ""us-central1-a"", ""vm"": ""8057035535632679842""}",1308733440
2026-09-27T02:33:29.727163Z,"{""command"": ""google_guest_agent_manager"", ""command_line"": ""/usr/bin/google_guest_agent_manager"", ""owner"": ""root"", ""pid"": ""416"", ""process"": ""all"", ""resource_instance_id"": ""8057035535632679842"", ""resource_project_id"": ""proyecto-2-cloud-509714"", ""resource_type"": ""gce_instance"", ""resource_zone"": ""us-central1-a"", ""vm"": ""8057035535632679842""}",1308733440
2026-09-27T02:32:59.744465Z,"{""command"": ""google_guest_agent_manager"", ""command_line"": ""/usr/bin/google_guest_agent_manager"", ""owner"": ""root"", ""pid"": ""416"", ""process"": ""all"", ""resource_instance_id"": ""8057035535632679842"", ""resource_project_id"": ""proyecto-2-cloud-509714"", ""resource_type"": ""gce_instance"", ""resource_zone"": ""us-central1-a"", ""vm"": ""8057035535632679842""}",1308733440
2026-09-27T02:32:29.735870Z,"{""command"": ""google_guest_agent_manager"", ""command_line"": ""/usr/bin/google_guest_agent_manager"", ""owner"": ""root"", ""pid"": ""416"", ""process"": ""all"", ""resource_instance_id"": ""8057035535632679842"", ""resource_project_id"": ""proyecto-2-cloud-509714"", ""resource_type"": ""gce_instance"", ""resource_zone"": ""us-central1-a"", ""vm"": ""8057035535632679842""}",1308733440
2026-09-27T02:31:59.735859Z,"{""command"": ""google_guest_agent_manager"", ""command_line"": ""/usr/bin/google_guest_agent_manager"", ""owner"": ""root"", ""pid"": ""416"", ""process"": ""all"", ""resource_instance_id"": ""8057035535632679842"", ""resource_project_id"": ""proyecto-2-cloud-509714"", ""resource_type"": ""gce_instance"", ""resource_zone"": ""us-central1-a"", ""vm"": ""8057035535632679842""}",1308733440
2026-09-27T02:31:29.730112Z,"{""command"": ""google_guest_agent_manager"", ""command_line"": ""/usr/bin/google_guest_agent_manager"", ""owner"": ""root"", ""pid"": ""416"", ""process"": ""all"", ""resource_instance_id"": ""8057035535632679842"", ""resource_project_id"": ""proyecto-2-cloud-509714"", ""resource_type"": ""gce_instance"", ""resource_zone"": ""us-central1-a"", ""vm"": ""8057035535632679842""}",1308733440
2026-09-27T02:30:59.746787Z,"{""command"": ""google_guest_agent_manager"", ""command_line"": ""/usr/bin/google_guest_agent_manager"", ""owner"": ""root"", ""pid"": ""416"", ""process"": ""all"", ""resource_instance_id"": ""8057035535632679842"", ""resource_project_id"": ""proyecto-2-cloud-509714"", ""resource_type"": ""gce_instance"", ""resource_zone"": ""us-central1-a"", ""vm"": ""8057035535632679842""}",1308733440
2026-09-27T02:30:29.740957Z,"{""command"": ""google_guest_agent_manager"", ""command_line"": ""/usr/bin/google_guest_agent_manager"", ""owner"": ""root"", ""pid"": ""416"", ""process"": ""all"", ""resource_instance_id"": ""8057035535632679842"", ""resource_project_id"": ""proyecto-2-cloud-509714"", ""resource_type"": ""gce_instance"", ""resource_zone"": ""us-central1-a"", ""vm"": ""8057035535632679842""}",1308733440
2026-09-27T02:30:22.327586Z,"{""command"": ""google_guest_agent_manager"", ""command_line"": ""/usr/bin/google_guest_agent_manager"", ""owner"": ""root"", ""pid"": ""416"", ""process"": ""all"", ""resource_instance_id"": ""8057035535632679842"", ""resource_project_id"": ""proyecto-2-cloud-509714"", ""resource_type"": ""gce_instance"", ""resource_zone"": ""us-central1-a"", ""vm"": ""8057035535632679842""}",1308733440
2026-09-27T02:49:59.740313Z,"{""command"": ""google_guest_compat_manager"", ""command_line"": ""/usr/bin/google_guest_compat_manager"", ""owner"": ""root"", ""pid"": ""441"", ""process"": ""all"", ""resource_instance_id"": ""8057035535632679842"", ""resource_project_id"": ""proyecto-2-cloud-509714"", ""resource_type"": ""gce_instance"", ""resource_zone"": ""us-central1-a"", ""vm"": ""8057035535632679842""}",1307570176
2026-09-27T02:49:29.735937Z,"{""command"": ""google_guest_compat_manager"", ""command_line"": ""/usr/bin/google_guest_compat_manager"", ""owner"": ""root"", ""pid"": ""441"", ""process"": ""all"", ""resource_instance_id"": ""8057035535632679842"", ""resource_project_id"": ""proyecto-2-cloud-509714"", ""resource_type"": ""gce_instance"", ""resource_zone"": ""us-central1-a"", ""vm"": ""8057035535632679842""}",1307570176
2026-09-27T02:48:59.731429Z,"{""command"": ""google_guest_compat_manager"", ""command_line"": ""/usr/bin/google_guest_compat_manager"", ""owner"": ""root"", ""pid"": ""441"", ""process"": ""all"", ""resource_instance_id"": ""8057035535632679842"", ""resource_project_id"": ""proyecto-2-cloud-509714"", ""resource_type"": ""gce_instance"", ""resource_zone"": ""us-central1-a"", ""vm"": ""8057035535632679842""}",1307570176
2026-09-27T02:48:29.737788Z,"{""command"": ""google_guest_compat_manager"", ""command_line"": ""/usr/bin/google_guest_compat_manager"", ""owner"": ""root"", ""pid"": ""441"", ""process"": ""all"", ""resource_instance_id"": ""8057035535632679842"", ""resource_project_id"": ""proyecto-2-cloud-509714"", ""resource_type"": ""gce_instance"", ""resource_zone"": ""us-central1-a"", ""vm"": ""8057035535632679842""}",1307570176
2026-09-27T02:47:59.735492Z,"{""command"": ""google_guest_compat_manager"", ""command_line"": ""/usr/bin/google_guest_compat_manager"", ""owner"": ""root"", ""pid"": ""441"", ""process"": ""all"", ""resource_instance_id"": ""8057035535632679842"", ""resource_project_id"": ""proyecto-2-cloud-509714"", ""resource_type"": ""gce_instance"", ""resource_zone"": ""us-central1-a"", ""vm"": ""8057035535632679842""}",1307570176
2026-09-27T02:47:29.732598Z,"{""command"": ""google_guest_compat_manager"", ""command_line"": ""/usr/bin/google_guest_compat_manager"", ""owner"": ""root"", ""pid"": ""441"", ""process"": ""all"", ""resource_instance_id"": ""8057035535632679842"", ""resource_project_id"": ""proyecto-2-cloud-509714"", ""resource_type"": ""gce_instance"", ""resource_zone"": ""us-central1-a"", ""vm"": ""8057035535632679842""}",1307570176
2026-09-27T02:46:59.743372Z,"{""command"": ""google_guest_compat_manager"", ""command_line"": ""/usr/bin/google_guest_compat_manager"", ""owner"": ""root"", ""pid"": ""441"", ""process"": ""all"", ""resource_instance_id"": ""8057035535632679842"", ""resource_project_id"": ""proyecto-2-cloud-509714"", ""resource_type"": ""gce_instance"", ""resource_zone"": ""us-central1-a"", ""vm"": ""8057035535632679842""}",1307570176
2026-09-27T02:46:29.739206Z,"{""command"": ""google_guest_compat_manager"", ""command_line"": ""/usr/bin/google_guest_compat_manager"", ""owner"": ""root"", ""pid"": ""441"", ""process"": ""all"", ""resource_instance_id"": ""8057035535632679842"", ""resource_project_id"": ""proyecto-2-cloud-509714"", ""resource_type"": ""gce_instance"", ""resource_zone"": ""us-central1-a"", ""vm"": ""8057035535632679842""}",1307570176
2026-09-27T02:45:59.731719Z,"{""command"": ""google_guest_compat_manager"", ""command_line"": ""/usr/bin/google_guest_compat_manager"", ""owner"": ""root"", ""pid"": ""441"", ""process"": ""all"", ""resource_instance_id"": ""8057035535632679842"", ""resource_project_id"": ""proyecto-2-cloud-509714"", ""resource_type"": ""gce_instance"", ""resource_zone"": ""us-central1-a"", ""vm"": ""8057035535632679842""}",1307570176
2026-09-27T02:45:29.737522Z,"{""command"": ""google_guest_compat_manager"", ""command_line"": ""/usr/bin/google_guest_compat_manager"", ""owner"": ""root"", ""pid"": ""441"", ""process"": ""all"", ""resource_instance_id"": ""8057035535632679842"", ""resource_project_id"": ""proyecto-2-cloud-509714"", ""resource_type"": ""gce_instance"", ""resource_zone"": ""us-central1-a"", ""vm"": ""8057035535632679842""}",1307570176
2026-09-27T02:44:59.743264Z,"{""command"": ""google_guest_compat_manager"", ""command_line"": ""/usr/bin/google_guest_compat_manager"", ""owner"": ""root"", ""pid"": ""441"", ""process"": ""all"", ""resource_instance_id"": ""8057035535632679842"", ""resource_project_id"": ""proyecto-2-cloud-509714"", ""resource_type"": ""gce_instance"", ""resource_zone"": ""us-central1-a"", ""vm"": ""8057035535632679842""}",1307570176
2026-09-27T02:44:29.740116Z,"{""command"": ""google_guest_compat_manager"", ""command_line"": ""/usr/bin/google_guest_compat_manager"", ""owner"": ""root"", ""pid"": ""441"", ""process"": ""all"", ""resource_instance_id"": ""8057035535632679842"", ""resource_project_id"": ""proyecto-2-cloud-509714"", ""resource_type"": ""gce_instance"", ""resource_zone"": ""us-central1-a"", ""vm"": ""8057035535632679842""}",1307234304
2026-09-27T02:43:59.741806Z,"{""command"": ""google_guest_compat_manager"", ""command_line"": ""/usr/bin/google_guest_compat_manager"", ""owner"": ""root"", ""pid"": ""441"", ""process"": ""all"", ""resource_instance_id"": ""8057035535632679842"", ""resource_project_id"": ""proyecto-2-cloud-509714"", ""resource_type"": ""gce_instance"", ""resource_zone"": ""us-central1-a"", ""vm"": ""8057035535632679842""}",1307234304
2026-09-27T02:43:29.742801Z,"{""command"": ""google_guest_compat_manager"", ""command_line"": ""/usr/bin/google_guest_compat_manager"", ""owner"": ""root"", ""pid"": ""441"", ""process"": ""all"", ""resource_instance_id"": ""8057035535632679842"", ""resource_project_id"": ""proyecto-2-cloud-509714"", ""resource_type"": ""gce_instance"", ""resource_zone"": ""us-central1-a"", ""vm"": ""8057035535632679842""}",1307234304
2026-09-27T02:42:59.736243Z,"{""command"": ""google_guest_compat_manager"", ""command_line"": ""/usr/bin/google_guest_compat_manager"", ""owner"": ""root"", ""pid"": ""441"", ""process"": ""all"", ""resource_instance_id"": ""8057035535632679842"", ""resource_project_id"": ""proyecto-2-cloud-509714"", ""resource_type"": ""gce_instance"", ""resource_zone"": ""us-central1-a"", ""vm"": ""8057035535632679842""}",1307234304
2026-09-27T02:42:29.762167Z,"{""command"": ""google_guest_compat_manager"", ""command_line"": ""/usr/bin/google_guest_compat_manager"", ""owner"": ""root"", ""pid"": ""441"", ""process"": ""all"", ""resource_instance_id"": ""8057035535632679842"", ""resource_project_id"": ""proyecto-2-cloud-509714"", ""resource_type"": ""gce_instance"", ""resource_zone"": ""us-central1-a"", ""vm"": ""8057035535632679842""}",1306636288
2026-09-27T02:41:59.739746Z,"{""command"": ""google_guest_compat_manager"", ""command_line"": ""/usr/bin/google_guest_compat_manager"", ""owner"": ""root"", ""pid"": ""441"", ""process"": ""all"", ""resource_instance_id"": ""8057035535632679842"", ""resource_project_id"": ""proyecto-2-cloud-509714"", ""resource_type"": ""gce_instance"", ""resource_zone"": ""us-central1-a"", ""vm"": ""8057035535632679842""}",1306636288
2026-09-27T02:41:29.743259Z,"{""command"": ""google_guest_compat_manager"", ""command_line"": ""/usr/bin/google_guest_compat_manager"", ""owner"": ""root"", ""pid"": ""441"", ""process"": ""all"", ""resource_instance_id"": ""8057035535632679842"", ""resource_project_id"": ""proyecto-2-cloud-509714"", ""resource_type"": ""gce_instance"", ""resource_zone"": ""us-central1-a"", ""vm"": ""8057035535632679842""}",1306636288
2026-09-27T02:40:59.731127Z,"{""command"": ""google_guest_compat_manager"", ""command_line"": ""/usr/bin/google_guest_compat_manager"", ""owner"": ""root"", ""pid"": ""441"", ""process"": ""all"", ""resource_instance_id"": ""8057035535632679842"", ""resource_project_id"": ""proyecto-2-cloud-509714"", ""resource_type"": ""gce_instance"", ""resource_zone"": ""us-central1-a"", ""vm"": ""8057035535632679842""}",1306636288
2026-09-27T02:40:29.729275Z,"{""command"": ""google_guest_compat_manager"", ""command_line"": ""/usr/bin/google_guest_compat_manager"", ""owner"": ""root"", ""pid"": ""441"", ""process"": ""all"", ""resource_instance_id"": ""8057035535632679842"", ""resource_project_id"": ""proyecto-2-cloud-509714"", ""resource_type"": ""gce_instance"", ""resource_zone"": ""us-central1-a"", ""vm"": ""8057035535632679842""}",1306374144
2026-09-27T02:39:59.736843Z,"{""command"": ""google_guest_compat_manager"", ""command_line"": ""/usr/bin/google_guest_compat_manager"", ""owner"": ""root"", ""pid"": ""441"", ""process"": ""all"", ""resource_instance_id"": ""8057035535632679842"", ""resource_project_id"": ""proyecto-2-cloud-509714"", ""resource_type"": ""gce_instance"", ""resource_zone"": ""us-central1-a"", ""vm"": ""8057035535632679842""}",1306374144
2026-09-27T02:39:29.730949Z,"{""command"": ""google_guest_compat_manager"", ""command_line"": ""/usr/bin/google_guest_compat_manager"", ""owner"": ""root"", ""pid"": ""441"", ""process"": ""all"", ""resource_instance_id"": ""8057035535632679842"", ""resource_project_id"": ""proyecto-2-cloud-509714"", ""resource_type"": ""gce_instance"", ""resource_zone"": ""us-central1-a"", ""vm"": ""8057035535632679842""}",1306374144
2026-09-27T02:38:59.736884Z,"{""command"": ""google_guest_compat_manager"", ""command_line"": ""/usr/bin/google_guest_compat_manager"", ""owner"": ""root"", ""pid"": ""441"", ""process"": ""all"", ""resource_instance_id"": ""8057035535632679842"", ""resource_project_id"": ""proyecto-2-cloud-509714"", ""resource_type"": ""gce_instance"", ""resource_zone"": ""us-central1-a"", ""vm"": ""8057035535632679842""}",1306374144
2026-09-27T02:38:29.728170Z,"{""command"": ""google_guest_compat_manager"", ""command_line"": ""/usr/bin/google_guest_compat_manager"", ""owner"": ""root"", ""pid"": ""441"", ""process"": ""all"", ""resource_instance_id"": ""8057035535632679842"", ""resource_project_id"": ""proyecto-2-cloud-509714"", ""resource_type"": ""gce_instance"", ""resource_zone"": ""us-central1-a"", ""vm"": ""8057035535632679842""}",1306374144
2026-09-27T02:37:59.738741Z,"{""command"": ""google_guest_compat_manager"", ""command_line"": ""/usr/bin/google_guest_compat_manager"", ""owner"": ""root"", ""pid"": ""441"", ""process"": ""all"", ""resource_instance_id"": ""8057035535632679842"", ""resource_project_id"": ""proyecto-2-cloud-509714"", ""resource_type"": ""gce_instance"", ""resource_zone"": ""us-central1-a"", ""vm"": ""8057035535632679842""}",1306374144
2026-09-27T02:37:29.732971Z,"{""command"": ""google_guest_compat_manager"", ""command_line"": ""/usr/bin/google_guest_compat_manager"", ""owner"": ""root"", ""pid"": ""441"", ""process"": ""all"", ""resource_instance_id"": ""8057035535632679842"", ""resource_project_id"": ""proyecto-2-cloud-509714"", ""resource_type"": ""gce_instance"", ""resource_zone"": ""us-central1-a"", ""vm"": ""8057035535632679842""}",1306374144
2026-09-27T02:36:59.740570Z,"{""command"": ""google_guest_compat_manager"", ""command_line"": ""/usr/bin/google_guest_compat_manager"", ""owner"": ""root"", ""pid"": ""441"", ""process"": ""all"", ""resource_instance_id"": ""8057035535632679842"", ""resource_project_id"": ""proyecto-2-cloud-509714"", ""resource_type"": ""gce_instance"", ""resource_zone"": ""us-central1-a"", ""vm"": ""8057035535632679842""}",1306374144
2026-09-27T02:36:29.735775Z,"{""command"": ""google_guest_compat_manager"", ""command_line"": ""/usr/bin/google_guest_compat_manager"", ""owner"": ""root"", ""pid"": ""441"", ""process"": ""all"", ""resource_instance_id"": ""8057035535632679842"", ""resource_project_id"": ""proyecto-2-cloud-509714"", ""resource_type"": ""gce_instance"", ""resource_zone"": ""us-central1-a"", ""vm"": ""8057035535632679842""}",1306374144
2026-09-27T02:35:59.728228Z,"{""command"": ""google_guest_compat_manager"", ""command_line"": ""/usr/bin/google_guest_compat_manager"", ""owner"": ""root"", ""pid"": ""441"", ""process"": ""all"", ""resource_instance_id"": ""8057035535632679842"", ""resource_project_id"": ""proyecto-2-cloud-509714"", ""resource_type"": ""gce_instance"", ""resource_zone"": ""us-central1-a"", ""vm"": ""8057035535632679842""}",1306374144
2026-09-27T02:35:29.726399Z,"{""command"": ""google_guest_compat_manager"", ""command_line"": ""/usr/bin/google_guest_compat_manager"", ""owner"": ""root"", ""pid"": ""441"", ""process"": ""all"", ""resource_instance_id"": ""8057035535632679842"", ""resource_project_id"": ""proyecto-2-cloud-509714"", ""resource_type"": ""gce_instance"", ""resource_zone"": ""us-central1-a"", ""vm"": ""8057035535632679842""}",1306374144
2026-09-27T02:34:59.731651Z,"{""command"": ""google_guest_compat_manager"", ""command_line"": ""/usr/bin/google_guest_compat_manager"", ""owner"": ""root"", ""pid"": ""441"", ""process"": ""all"", ""resource_instance_id"": ""8057035535632679842"", ""resource_project_id"": ""proyecto-2-cloud-509714"", ""resource_type"": ""gce_instance"", ""resource_zone"": ""us-central1-a"", ""vm"": ""8057035535632679842""}",1306374144
2026-09-27T02:34:29.731661Z,"{""command"": ""google_guest_compat_manager"", ""command_line"": ""/usr/bin/google_guest_compat_manager"", ""owner"": ""root"", ""pid"": ""441"", ""process"": ""all"", ""resource_instance_id"": ""8057035535632679842"", ""resource_project_id"": ""proyecto-2-cloud-509714"", ""resource_type"": ""gce_instance"", ""resource_zone"": ""us-central1-a"", ""vm"": ""8057035535632679842""}",1306374144
2026-09-27T02:33:59.737998Z,"{""command"": ""google_guest_compat_manager"", ""command_line"": ""/usr/bin/google_guest_compat_manager"", ""owner"": ""root"", ""pid"": ""441"", ""process"": ""all"", ""resource_instance_id"": ""8057035535632679842"", ""resource_project_id"": ""proyecto-2-cloud-509714"", ""resource_type"": ""gce_instance"", ""resource_zone"": ""us-central1-a"", ""vm"": ""8057035535632679842""}",1306374144
2026-09-27T02:33:29.727221Z,"{""command"": ""google_guest_compat_manager"", ""command_line"": ""/usr/bin/google_guest_compat_manager"", ""owner"": ""root"", ""pid"": ""441"", ""process"": ""all"", ""resource_instance_id"": ""8057035535632679842"", ""resource_project_id"": ""proyecto-2-cloud-509714"", ""resource_type"": ""gce_instance"", ""resource_zone"": ""us-central1-a"", ""vm"": ""8057035535632679842""}",1306374144
2026-09-27T02:32:59.744524Z,"{""command"": ""google_guest_compat_manager"", ""command_line"": ""/usr/bin/google_guest_compat_manager"", ""owner"": ""root"", ""pid"": ""441"", ""process"": ""all"", ""resource_instance_id"": ""8057035535632679842"", ""resource_project_id"": ""proyecto-2-cloud-509714"", ""resource_type"": ""gce_instance"", ""resource_zone"": ""us-central1-a"", ""vm"": ""8057035535632679842""}",1306374144
2026-09-27T02:32:29.735937Z,"{""command"": ""google_guest_compat_manager"", ""command_line"": ""/usr/bin/google_guest_compat_manager"", ""owner"": ""root"", ""pid"": ""441"", ""process"": ""all"", ""resource_instance_id"": ""8057035535632679842"", ""resource_project_id"": ""proyecto-2-cloud-509714"", ""resource_type"": ""gce_instance"", ""resource_zone"": ""us-central1-a"", ""vm"": ""8057035535632679842""}",1306374144
2026-09-27T02:31:59.735917Z,"{""command"": ""google_guest_compat_manager"", ""command_line"": ""/usr/bin/google_guest_compat_manager"", ""owner"": ""root"", ""pid"": ""441"", ""process"": ""all"", ""resource_instance_id"": ""8057035535632679842"", ""resource_project_id"": ""proyecto-2-cloud-509714"", ""resource_type"": ""gce_instance"", ""resource_zone"": ""us-central1-a"", ""vm"": ""8057035535632679842""}",1306374144
2026-09-27T02:31:29.730168Z,"{""command"": ""google_guest_compat_manager"", ""command_line"": ""/usr/bin/google_guest_compat_manager"", ""owner"": ""root"", ""pid"": ""441"", ""process"": ""all"", ""resource_instance_id"": ""8057035535632679842"", ""resource_project_id"": ""proyecto-2-cloud-509714"", ""resource_type"": ""gce_instance"", ""resource_zone"": ""us-central1-a"", ""vm"": ""8057035535632679842""}",1306374144
2026-09-27T02:30:59.746871Z,"{""command"": ""google_guest_compat_manager"", ""command_line"": ""/usr/bin/google_guest_compat_manager"", ""owner"": ""root"", ""pid"": ""441"", ""process"": ""all"", ""resource_instance_id"": ""8057035535632679842"", ""resource_project_id"": ""proyecto-2-cloud-509714"", ""resource_type"": ""gce_instance"", ""resource_zone"": ""us-central1-a"", ""vm"": ""8057035535632679842""}",1306374144
2026-09-27T02:30:29.741094Z,"{""command"": ""google_guest_compat_manager"", ""command_line"": ""/usr/bin/google_guest_compat_manager"", ""owner"": ""root"", ""pid"": ""441"", ""process"": ""all"", ""resource_instance_id"": ""8057035535632679842"", ""resource_project_id"": ""proyecto-2-cloud-509714"", ""resource_type"": ""gce_instance"", ""resource_zone"": ""us-central1-a"", ""vm"": ""8057035535632679842""}",1306374144
2026-09-27T02:30:22.327651Z,"{""command"": ""google_guest_compat_manager"", ""command_line"": ""/usr/bin/google_guest_compat_manager"", ""owner"": ""root"", ""pid"": ""441"", ""process"": ""all"", ""resource_instance_id"": ""8057035535632679842"", ""resource_project_id"": ""proyecto-2-cloud-509714"", ""resource_type"": ""gce_instance"", ""resource_zone"": ""us-central1-a"", ""vm"": ""8057035535632679842""}",1306374144
2026-09-27T02:49:59.740410Z,"{""command"": ""google_osconfig_agent"", ""command_line"": ""/usr/bin/google_osconfig_agent"", ""owner"": ""root"", ""pid"": ""448"", ""process"": ""all"", ""resource_instance_id"": ""8057035535632679842"", ""resource_project_id"": ""proyecto-2-cloud-509714"", ""resource_type"": ""gce_instance"", ""resource_zone"": ""us-central1-a"", ""vm"": ""8057035535632679842""}",1320706048
2026-09-27T02:49:29.735996Z,"{""command"": ""google_osconfig_agent"", ""command_line"": ""/usr/bin/google_osconfig_agent"", ""owner"": ""root"", ""pid"": ""448"", ""process"": ""all"", ""resource_instance_id"": ""8057035535632679842"", ""resource_project_id"": ""proyecto-2-cloud-509714"", ""resource_type"": ""gce_instance"", ""resource_zone"": ""us-central1-a"", ""vm"": ""8057035535632679842""}",1320706048
2026-09-27T02:48:59.731516Z,"{""command"": ""google_osconfig_agent"", ""command_line"": ""/usr/bin/google_osconfig_agent"", ""owner"": ""root"", ""pid"": ""448"", ""process"": ""all"", ""resource_instance_id"": ""8057035535632679842"", ""resource_project_id"": ""proyecto-2-cloud-509714"", ""resource_type"": ""gce_instance"", ""resource_zone"": ""us-central1-a"", ""vm"": ""8057035535632679842""}",1320706048
2026-09-27T02:48:29.737909Z,"{""command"": ""google_osconfig_agent"", ""command_line"": ""/usr/bin/google_osconfig_agent"", ""owner"": ""root"", ""pid"": ""448"", ""process"": ""all"", ""resource_instance_id"": ""8057035535632679842"", ""resource_project_id"": ""proyecto-2-cloud-509714"", ""resource_type"": ""gce_instance"", ""resource_zone"": ""us-central1-a"", ""vm"": ""8057035535632679842""}",1320706048
2026-09-27T02:47:59.735555Z,"{""command"": ""google_osconfig_agent"", ""command_line"": ""/usr/bin/google_osconfig_agent"", ""owner"": ""root"", ""pid"": ""448"", ""process"": ""all"", ""resource_instance_id"": ""8057035535632679842"", ""resource_project_id"": ""proyecto-2-cloud-509714"", ""resource_type"": ""gce_instance"", ""resource_zone"": ""us-central1-a"", ""vm"": ""8057035535632679842""}",1320706048
2026-09-27T02:47:29.732675Z,"{""command"": ""google_osconfig_agent"", ""command_line"": ""/usr/bin/google_osconfig_agent"", ""owner"": ""root"", ""pid"": ""448"", ""process"": ""all"", ""resource_instance_id"": ""8057035535632679842"", ""resource_project_id"": ""proyecto-2-cloud-509714"", ""resource_type"": ""gce_instance"", ""resource_zone"": ""us-central1-a"", ""vm"": ""8057035535632679842""}",1320706048
2026-09-27T02:46:59.743440Z,"{""command"": ""google_osconfig_agent"", ""command_line"": ""/usr/bin/google_osconfig_agent"", ""owner"": ""root"", ""pid"": ""448"", ""process"": ""all"", ""resource_instance_id"": ""8057035535632679842"", ""resource_project_id"": ""proyecto-2-cloud-509714"", ""resource_type"": ""gce_instance"", ""resource_zone"": ""us-central1-a"", ""vm"": ""8057035535632679842""}",1320706048
2026-09-27T02:46:29.739309Z,"{""command"": ""google_osconfig_agent"", ""command_line"": ""/usr/bin/google_osconfig_agent"", ""owner"": ""root"", ""pid"": ""448"", ""process"": ""all"", ""resource_instance_id"": ""8057035535632679842"", ""resource_project_id"": ""proyecto-2-cloud-509714"", ""resource_type"": ""gce_instance"", ""resource_zone"": ""us-central1-a"", ""vm"": ""8057035535632679842""}",1320706048
2026-09-27T02:45:59.731775Z,"{""command"": ""google_osconfig_agent"", ""command_line"": ""/usr/bin/google_osconfig_agent"", ""owner"": ""root"", ""pid"": ""448"", ""process"": ""all"", ""resource_instance_id"": ""8057035535632679842"", ""resource_project_id"": ""proyecto-2-cloud-509714"", ""resource_type"": ""gce_instance"", ""resource_zone"": ""us-central1-a"", ""vm"": ""8057035535632679842""}",1320706048
2026-09-27T02:45:29.737577Z,"{""command"": ""google_osconfig_agent"", ""command_line"": ""/usr/bin/google_osconfig_agent"", ""owner"": ""root"", ""pid"": ""448"", ""process"": ""all"", ""resource_instance_id"": ""8057035535632679842"", ""resource_project_id"": ""proyecto-2-cloud-509714"", ""resource_type"": ""gce_instance"", ""resource_zone"": ""us-central1-a"", ""vm"": ""8057035535632679842""}",1320706048
2026-09-27T02:44:59.743328Z,"{""command"": ""google_osconfig_agent"", ""command_line"": ""/usr/bin/google_osconfig_agent"", ""owner"": ""root"", ""pid"": ""448"", ""process"": ""all"", ""resource_instance_id"": ""8057035535632679842"", ""resource_project_id"": ""proyecto-2-cloud-509714"", ""resource_type"": ""gce_instance"", ""resource_zone"": ""us-central1-a"", ""vm"": ""8057035535632679842""}",1320706048
2026-09-27T02:44:29.740180Z,"{""command"": ""google_osconfig_agent"", ""command_line"": ""/usr/bin/google_osconfig_agent"", ""owner"": ""root"", ""pid"": ""448"", ""process"": ""all"", ""resource_instance_id"": ""8057035535632679842"", ""resource_project_id"": ""proyecto-2-cloud-509714"", ""resource_type"": ""gce_instance"", ""resource_zone"": ""us-central1-a"", ""vm"": ""8057035535632679842""}",1320706048
2026-09-27T02:43:59.741868Z,"{""command"": ""google_osconfig_agent"", ""command_line"": ""/usr/bin/google_osconfig_agent"", ""owner"": ""root"", ""pid"": ""448"", ""process"": ""all"", ""resource_instance_id"": ""8057035535632679842"", ""resource_project_id"": ""proyecto-2-cloud-509714"", ""resource_type"": ""gce_instance"", ""resource_zone"": ""us-central1-a"", ""vm"": ""8057035535632679842""}",1320706048
2026-09-27T02:43:29.742877Z,"{""command"": ""google_osconfig_agent"", ""command_line"": ""/usr/bin/google_osconfig_agent"", ""owner"": ""root"", ""pid"": ""448"", ""process"": ""all"", ""resource_instance_id"": ""8057035535632679842"", ""resource_project_id"": ""proyecto-2-cloud-509714"", ""resource_type"": ""gce_instance"", ""resource_zone"": ""us-central1-a"", ""vm"": ""8057035535632679842""}",1320706048
2026-09-27T02:42:59.736307Z,"{""command"": ""google_osconfig_agent"", ""command_line"": ""/usr/bin/google_osconfig_agent"", ""owner"": ""root"", ""pid"": ""448"", ""process"": ""all"", ""resource_instance_id"": ""8057035535632679842"", ""resource_project_id"": ""proyecto-2-cloud-509714"", ""resource_type"": ""gce_instance"", ""resource_zone"": ""us-central1-a"", ""vm"": ""8057035535632679842""}",1320706048
2026-09-27T02:42:29.762230Z,"{""command"": ""google_osconfig_agent"", ""command_line"": ""/usr/bin/google_osconfig_agent"", ""owner"": ""root"", ""pid"": ""448"", ""process"": ""all"", ""resource_instance_id"": ""8057035535632679842"", ""resource_project_id"": ""proyecto-2-cloud-509714"", ""resource_type"": ""gce_instance"", ""resource_zone"": ""us-central1-a"", ""vm"": ""8057035535632679842""}",1320706048
2026-09-27T02:41:59.739816Z,"{""command"": ""google_osconfig_agent"", ""command_line"": ""/usr/bin/google_osconfig_agent"", ""owner"": ""root"", ""pid"": ""448"", ""process"": ""all"", ""resource_instance_id"": ""8057035535632679842"", ""resource_project_id"": ""proyecto-2-cloud-509714"", ""resource_type"": ""gce_instance"", ""resource_zone"": ""us-central1-a"", ""vm"": ""8057035535632679842""}",1320706048
2026-09-27T02:41:29.743321Z,"{""command"": ""google_osconfig_agent"", ""command_line"": ""/usr/bin/google_osconfig_agent"", ""owner"": ""root"", ""pid"": ""448"", ""process"": ""all"", ""resource_instance_id"": ""8057035535632679842"", ""resource_project_id"": ""proyecto-2-cloud-509714"", ""resource_type"": ""gce_instance"", ""resource_zone"": ""us-central1-a"", ""vm"": ""8057035535632679842""}",1320706048
2026-09-27T02:40:59.731253Z,"{""command"": ""google_osconfig_agent"", ""command_line"": ""/usr/bin/google_osconfig_agent"", ""owner"": ""root"", ""pid"": ""448"", ""process"": ""all"", ""resource_instance_id"": ""8057035535632679842"", ""resource_project_id"": ""proyecto-2-cloud-509714"", ""resource_type"": ""gce_instance"", ""resource_zone"": ""us-central1-a"", ""vm"": ""8057035535632679842""}",1320706048
2026-09-27T02:40:29.729334Z,"{""command"": ""google_osconfig_agent"", ""command_line"": ""/usr/bin/google_osconfig_agent"", ""owner"": ""root"", ""pid"": ""448"", ""process"": ""all"", ""resource_instance_id"": ""8057035535632679842"", ""resource_project_id"": ""proyecto-2-cloud-509714"", ""resource_type"": ""gce_instance"", ""resource_zone"": ""us-central1-a"", ""vm"": ""8057035535632679842""}",1320706048
2026-09-27T02:39:59.736941Z,"{""command"": ""google_osconfig_agent"", ""command_line"": ""/usr/bin/google_osconfig_agent"", ""owner"": ""root"", ""pid"": ""448"", ""process"": ""all"", ""resource_instance_id"": ""8057035535632679842"", ""resource_project_id"": ""proyecto-2-cloud-509714"", ""resource_type"": ""gce_instance"", ""resource_zone"": ""us-central1-a"", ""vm"": ""8057035535632679842""}",1320706048
2026-09-27T02:39:29.731003Z,"{""command"": ""google_osconfig_agent"", ""command_line"": ""/usr/bin/google_osconfig_agent"", ""owner"": ""root"", ""pid"": ""448"", ""process"": ""all"", ""resource_instance_id"": ""8057035535632679842"", ""resource_project_id"": ""proyecto-2-cloud-509714"", ""resource_type"": ""gce_instance"", ""resource_zone"": ""us-central1-a"", ""vm"": ""8057035535632679842""}",1320706048
2026-09-27T02:38:59.736979Z,"{""command"": ""google_osconfig_agent"", ""command_line"": ""/usr/bin/google_osconfig_agent"", ""owner"": ""root"", ""pid"": ""448"", ""process"": ""all"", ""resource_instance_id"": ""8057035535632679842"", ""resource_project_id"": ""proyecto-2-cloud-509714"", ""resource_type"": ""gce_instance"", ""resource_zone"": ""us-central1-a"", ""vm"": ""8057035535632679842""}",1320706048
2026-09-27T02:38:29.728222Z,"{""command"": ""google_osconfig_agent"", ""command_line"": ""/usr/bin/google_osconfig_agent"", ""owner"": ""root"", ""pid"": ""448"", ""process"": ""all"", ""resource_instance_id"": ""8057035535632679842"", ""resource_project_id"": ""proyecto-2-cloud-509714"", ""resource_type"": ""gce_instance"", ""resource_zone"": ""us-central1-a"", ""vm"": ""8057035535632679842""}",1320706048
2026-09-27T02:37:59.738800Z,"{""command"": ""google_osconfig_agent"", ""command_line"": ""/usr/bin/google_osconfig_agent"", ""owner"": ""root"", ""pid"": ""448"", ""process"": ""all"", ""resource_instance_id"": ""8057035535632679842"", ""resource_project_id"": ""proyecto-2-cloud-509714"", ""resource_type"": ""gce_instance"", ""resource_zone"": ""us-central1-a"", ""vm"": ""8057035535632679842""}",1320706048
2026-09-27T02:37:29.733032Z,"{""command"": ""google_osconfig_agent"", ""command_line"": ""/usr/bin/google_osconfig_agent"", ""owner"": ""root"", ""pid"": ""448"", ""process"": ""all"", ""resource_instance_id"": ""8057035535632679842"", ""resource_project_id"": ""proyecto-2-cloud-509714"", ""resource_type"": ""gce_instance"", ""resource_zone"": ""us-central1-a"", ""vm"": ""8057035535632679842""}",1320706048
2026-09-27T02:36:59.740689Z,"{""command"": ""google_osconfig_agent"", ""command_line"": ""/usr/bin/google_osconfig_agent"", ""owner"": ""root"", ""pid"": ""448"", ""process"": ""all"", ""resource_instance_id"": ""8057035535632679842"", ""resource_project_id"": ""proyecto-2-cloud-509714"", ""resource_type"": ""gce_instance"", ""resource_zone"": ""us-central1-a"", ""vm"": ""8057035535632679842""}",1320706048
2026-09-27T02:36:29.735875Z,"{""command"": ""google_osconfig_agent"", ""command_line"": ""/usr/bin/google_osconfig_agent"", ""owner"": ""root"", ""pid"": ""448"", ""process"": ""all"", ""resource_instance_id"": ""8057035535632679842"", ""resource_project_id"": ""proyecto-2-cloud-509714"", ""resource_type"": ""gce_instance"", ""resource_zone"": ""us-central1-a"", ""vm"": ""8057035535632679842""}",1320706048
2026-09-27T02:35:59.728309Z,"{""command"": ""google_osconfig_agent"", ""command_line"": ""/usr/bin/google_osconfig_agent"", ""owner"": ""root"", ""pid"": ""448"", ""process"": ""all"", ""resource_instance_id"": ""8057035535632679842"", ""resource_project_id"": ""proyecto-2-cloud-509714"", ""resource_type"": ""gce_instance"", ""resource_zone"": ""us-central1-a"", ""vm"": ""8057035535632679842""}",1320706048
2026-09-27T02:35:29.726453Z,"{""command"": ""google_osconfig_agent"", ""command_line"": ""/usr/bin/google_osconfig_agent"", ""owner"": ""root"", ""pid"": ""448"", ""process"": ""all"", ""resource_instance_id"": ""8057035535632679842"", ""resource_project_id"": ""proyecto-2-cloud-509714"", ""resource_type"": ""gce_instance"", ""resource_zone"": ""us-central1-a"", ""vm"": ""8057035535632679842""}",1320706048
2026-09-27T02:34:59.731899Z,"{""command"": ""google_osconfig_agent"", ""command_line"": ""/usr/bin/google_osconfig_agent"", ""owner"": ""root"", ""pid"": ""448"", ""process"": ""all"", ""resource_instance_id"": ""8057035535632679842"", ""resource_project_id"": ""proyecto-2-cloud-509714"", ""resource_type"": ""gce_instance"", ""resource_zone"": ""us-central1-a"", ""vm"": ""8057035535632679842""}",1320706048
2026-09-27T02:34:29.731763Z,"{""command"": ""google_osconfig_agent"", ""command_line"": ""/usr/bin/google_osconfig_agent"", ""owner"": ""root"", ""pid"": ""448"", ""process"": ""all"", ""resource_instance_id"": ""8057035535632679842"", ""resource_project_id"": ""proyecto-2-cloud-509714"", ""resource_type"": ""gce_instance"", ""resource_zone"": ""us-central1-a"", ""vm"": ""8057035535632679842""}",1320706048
2026-09-27T02:33:59.738064Z,"{""command"": ""google_osconfig_agent"", ""command_line"": ""/usr/bin/google_osconfig_agent"", ""owner"": ""root"", ""pid"": ""448"", ""process"": ""all"", ""resource_instance_id"": ""8057035535632679842"", ""resource_project_id"": ""proyecto-2-cloud-509714"", ""resource_type"": ""gce_instance"", ""resource_zone"": ""us-central1-a"", ""vm"": ""8057035535632679842""}",1320706048
2026-09-27T02:33:29.727274Z,"{""command"": ""google_osconfig_agent"", ""command_line"": ""/usr/bin/google_osconfig_agent"", ""owner"": ""root"", ""pid"": ""448"", ""process"": ""all"", ""resource_instance_id"": ""8057035535632679842"", ""resource_project_id"": ""proyecto-2-cloud-509714"", ""resource_type"": ""gce_instance"", ""resource_zone"": ""us-central1-a"", ""vm"": ""8057035535632679842""}",1320706048
2026-09-27T02:32:59.744585Z,"{""command"": ""google_osconfig_agent"", ""command_line"": ""/usr/bin/google_osconfig_agent"", ""owner"": ""root"", ""pid"": ""448"", ""process"": ""all"", ""resource_instance_id"": ""8057035535632679842"", ""resource_project_id"": ""proyecto-2-cloud-509714"", ""resource_type"": ""gce_instance"", ""resource_zone"": ""us-central1-a"", ""vm"": ""8057035535632679842""}",1320706048
2026-09-27T02:32:29.735997Z,"{""command"": ""google_osconfig_agent"", ""command_line"": ""/usr/bin/google_osconfig_agent"", ""owner"": ""root"", ""pid"": ""448"", ""process"": ""all"", ""resource_instance_id"": ""8057035535632679842"", ""resource_project_id"": ""proyecto-2-cloud-509714"", ""resource_type"": ""gce_instance"", ""resource_zone"": ""us-central1-a"", ""vm"": ""8057035535632679842""}",1320706048
2026-09-27T02:31:59.735977Z,"{""command"": ""google_osconfig_agent"", ""command_line"": ""/usr/bin/google_osconfig_agent"", ""owner"": ""root"", ""pid"": ""448"", ""process"": ""all"", ""resource_instance_id"": ""8057035535632679842"", ""resource_project_id"": ""proyecto-2-cloud-509714"", ""resource_type"": ""gce_instance"", ""resource_zone"": ""us-central1-a"", ""vm"": ""8057035535632679842""}",1320706048
2026-09-27T02:31:29.730222Z,"{""command"": ""google_osconfig_agent"", ""command_line"": ""/usr/bin/google_osconfig_agent"", ""owner"": ""root"", ""pid"": ""448"", ""process"": ""all"", ""resource_instance_id"": ""8057035535632679842"", ""resource_project_id"": ""proyecto-2-cloud-509714"", ""resource_type"": ""gce_instance"", ""resource_zone"": ""us-central1-a"", ""vm"": ""8057035535632679842""}",1320706048
2026-09-27T02:30:59.746936Z,"{""command"": ""google_osconfig_agent"", ""command_line"": ""/usr/bin/google_osconfig_agent"", ""owner"": ""root"", ""pid"": ""448"", ""process"": ""all"", ""resource_instance_id"": ""8057035535632679842"", ""resource_project_id"": ""proyecto-2-cloud-509714"", ""resource_type"": ""gce_instance"", ""resource_zone"": ""us-central1-a"", ""vm"": ""8057035535632679842""}",1320706048
2026-09-27T02:30:29.741156Z,"{""command"": ""google_osconfig_agent"", ""command_line"": ""/usr/bin/google_osconfig_agent"", ""owner"": ""root"", ""pid"": ""448"", ""process"": ""all"", ""resource_instance_id"": ""8057035535632679842"", ""resource_project_id"": ""proyecto-2-cloud-509714"", ""resource_type"": ""gce_instance"", ""resource_zone"": ""us-central1-a"", ""vm"": ""8057035535632679842""}",1320706048
2026-09-27T02:30:22.327715Z,"{""command"": ""google_osconfig_agent"", ""command_line"": ""/usr/bin/google_osconfig_agent"", ""owner"": ""root"", ""pid"": ""448"", ""process"": ""all"", ""resource_instance_id"": ""8057035535632679842"", ""resource_project_id"": ""proyecto-2-cloud-509714"", ""resource_type"": ""gce_instance"", ""resource_zone"": ""us-central1-a"", ""vm"": ""8057035535632679842""}",1320706048
2026-09-27T02:49:59.741143Z,"{""command"": ""guest_telemetry"", ""command_line"": ""/usr/lib/google/guest_agent/GuestTelemetryExtension/guest_telemetry --protocol=unix --address=/run/google-guest-agent/plugin-connections/GuestTelemetryExtension_1.0.sock --errorlogfile=/var/lib/google-guest-agent/8057035535632679842/agent_state/plugins/GuestTelemetryExtension/plugin.log"", ""owner"": ""root"", ""pid"": ""747"", ""process"": ""all"", ""resource_instance_id"": ""8057035535632679842"", ""resource_project_id"": ""proyecto-2-cloud-509714"", ""resource_type"": ""gce_instance"", ""resource_zone"": ""us-central1-a"", ""vm"": ""8057035535632679842""}",1307140096
2026-09-27T02:49:29.736441Z,"{""command"": ""guest_telemetry"", ""command_line"": ""/usr/lib/google/guest_agent/GuestTelemetryExtension/guest_telemetry --protocol=unix --address=/run/google-guest-agent/plugin-connections/GuestTelemetryExtension_1.0.sock --errorlogfile=/var/lib/google-guest-agent/8057035535632679842/agent_state/plugins/GuestTelemetryExtension/plugin.log"", ""owner"": ""root"", ""pid"": ""747"", ""process"": ""all"", ""resource_instance_id"": ""8057035535632679842"", ""resource_project_id"": ""proyecto-2-cloud-509714"", ""resource_type"": ""gce_instance"", ""resource_zone"": ""us-central1-a"", ""vm"": ""8057035535632679842""}",1307140096
2026-09-27T02:48:59.732471Z,"{""command"": ""guest_telemetry"", ""command_line"": ""/usr/lib/google/guest_agent/GuestTelemetryExtension/guest_telemetry --protocol=unix --address=/run/google-guest-agent/plugin-connections/GuestTelemetryExtension_1.0.sock --errorlogfile=/var/lib/google-guest-agent/8057035535632679842/agent_state/plugins/GuestTelemetryExtension/plugin.log"", ""owner"": ""root"", ""pid"": ""747"", ""process"": ""all"", ""resource_instance_id"": ""8057035535632679842"", ""resource_project_id"": ""proyecto-2-cloud-509714"", ""resource_type"": ""gce_instance"", ""resource_zone"": ""us-central1-a"", ""vm"": ""8057035535632679842""}",1307140096
2026-09-27T02:48:29.738410Z,"{""command"": ""guest_telemetry"", ""command_line"": ""/usr/lib/google/guest_agent/GuestTelemetryExtension/guest_telemetry --protocol=unix --address=/run/google-guest-agent/plugin-connections/GuestTelemetryExtension_1.0.sock --errorlogfile=/var/lib/google-guest-agent/8057035535632679842/agent_state/plugins/GuestTelemetryExtension/plugin.log"", ""owner"": ""root"", ""pid"": ""747"", ""process"": ""all"", ""resource_instance_id"": ""8057035535632679842"", ""resource_project_id"": ""proyecto-2-cloud-509714"", ""resource_type"": ""gce_instance"", ""resource_zone"": ""us-central1-a"", ""vm"": ""8057035535632679842""}",1307140096
2026-09-27T02:47:59.736009Z,"{""command"": ""guest_telemetry"", ""command_line"": ""/usr/lib/google/guest_agent/GuestTelemetryExtension/guest_telemetry --protocol=unix --address=/run/google-guest-agent/plugin-connections/GuestTelemetryExtension_1.0.sock --errorlogfile=/var/lib/google-guest-agent/8057035535632679842/agent_state/plugins/GuestTelemetryExtension/plugin.log"", ""owner"": ""root"", ""pid"": ""747"", ""process"": ""all"", ""resource_instance_id"": ""8057035535632679842"", ""resource_project_id"": ""proyecto-2-cloud-509714"", ""resource_type"": ""gce_instance"", ""resource_zone"": ""us-central1-a"", ""vm"": ""8057035535632679842""}",1307140096
2026-09-27T02:47:29.733122Z,"{""command"": ""guest_telemetry"", ""command_line"": ""/usr/lib/google/guest_agent/GuestTelemetryExtension/guest_telemetry --protocol=unix --address=/run/google-guest-agent/plugin-connections/GuestTelemetryExtension_1.0.sock --errorlogfile=/var/lib/google-guest-agent/8057035535632679842/agent_state/plugins/GuestTelemetryExtension/plugin.log"", ""owner"": ""root"", ""pid"": ""747"", ""process"": ""all"", ""resource_instance_id"": ""8057035535632679842"", ""resource_project_id"": ""proyecto-2-cloud-509714"", ""resource_type"": ""gce_instance"", ""resource_zone"": ""us-central1-a"", ""vm"": ""8057035535632679842""}",1307140096
2026-09-27T02:46:59.743877Z,"{""command"": ""guest_telemetry"", ""command_line"": ""/usr/lib/google/guest_agent/GuestTelemetryExtension/guest_telemetry --protocol=unix --address=/run/google-guest-agent/plugin-connections/GuestTelemetryExtension_1.0.sock --errorlogfile=/var/lib/google-guest-agent/8057035535632679842/agent_state/plugins/GuestTelemetryExtension/plugin.log"", ""owner"": ""root"", ""pid"": ""747"", ""process"": ""all"", ""resource_instance_id"": ""8057035535632679842"", ""resource_project_id"": ""proyecto-2-cloud-509714"", ""resource_type"": ""gce_instance"", ""resource_zone"": ""us-central1-a"", ""vm"": ""8057035535632679842""}",1307140096
2026-09-27T02:46:29.739998Z,"{""command"": ""guest_telemetry"", ""command_line"": ""/usr/lib/google/guest_agent/GuestTelemetryExtension/guest_telemetry --protocol=unix --address=/run/google-guest-agent/plugin-connections/GuestTelemetryExtension_1.0.sock --errorlogfile=/var/lib/google-guest-agent/8057035535632679842/agent_state/plugins/GuestTelemetryExtension/plugin.log"", ""owner"": ""root"", ""pid"": ""747"", ""process"": ""all"", ""resource_instance_id"": ""8057035535632679842"", ""resource_project_id"": ""proyecto-2-cloud-509714"", ""resource_type"": ""gce_instance"", ""resource_zone"": ""us-central1-a"", ""vm"": ""8057035535632679842""}",1307140096
2026-09-27T02:45:59.732170Z,"{""command"": ""guest_telemetry"", ""command_line"": ""/usr/lib/google/guest_agent/GuestTelemetryExtension/guest_telemetry --protocol=unix --address=/run/google-guest-agent/plugin-connections/GuestTelemetryExtension_1.0.sock --errorlogfile=/var/lib/google-guest-agent/8057035535632679842/agent_state/plugins/GuestTelemetryExtension/plugin.log"", ""owner"": ""root"", ""pid"": ""747"", ""process"": ""all"", ""resource_instance_id"": ""8057035535632679842"", ""resource_project_id"": ""proyecto-2-cloud-509714"", ""resource_type"": ""gce_instance"", ""resource_zone"": ""us-central1-a"", ""vm"": ""8057035535632679842""}",1307140096
2026-09-27T02:45:29.737975Z,"{""command"": ""guest_telemetry"", ""command_line"": ""/usr/lib/google/guest_agent/GuestTelemetryExtension/guest_telemetry --protocol=unix --address=/run/google-guest-agent/plugin-connections/GuestTelemetryExtension_1.0.sock --errorlogfile=/var/lib/google-guest-agent/8057035535632679842/agent_state/plugins/GuestTelemetryExtension/plugin.log"", ""owner"": ""root"", ""pid"": ""747"", ""process"": ""all"", ""resource_instance_id"": ""8057035535632679842"", ""resource_project_id"": ""proyecto-2-cloud-509714"", ""resource_type"": ""gce_instance"", ""resource_zone"": ""us-central1-a"", ""vm"": ""8057035535632679842""}",1307140096
2026-09-27T02:44:59.743762Z,"{""command"": ""guest_telemetry"", ""command_line"": ""/usr/lib/google/guest_agent/GuestTelemetryExtension/guest_telemetry --protocol=unix --address=/run/google-guest-agent/plugin-connections/GuestTelemetryExtension_1.0.sock --errorlogfile=/var/lib/google-guest-agent/8057035535632679842/agent_state/plugins/GuestTelemetryExtension/plugin.log"", ""owner"": ""root"", ""pid"": ""747"", ""process"": ""all"", ""resource_instance_id"": ""8057035535632679842"", ""resource_project_id"": ""proyecto-2-cloud-509714"", ""resource_type"": ""gce_instance"", ""resource_zone"": ""us-central1-a"", ""vm"": ""8057035535632679842""}",1307140096
2026-09-27T02:44:29.740668Z,"{""command"": ""guest_telemetry"", ""command_line"": ""/usr/lib/google/guest_agent/GuestTelemetryExtension/guest_telemetry --protocol=unix --address=/run/google-guest-agent/plugin-connections/GuestTelemetryExtension_1.0.sock --errorlogfile=/var/lib/google-guest-agent/8057035535632679842/agent_state/plugins/GuestTelemetryExtension/plugin.log"", ""owner"": ""root"", ""pid"": ""747"", ""process"": ""all"", ""resource_instance_id"": ""8057035535632679842"", ""resource_project_id"": ""proyecto-2-cloud-509714"", ""resource_type"": ""gce_instance"", ""resource_zone"": ""us-central1-a"", ""vm"": ""8057035535632679842""}",1307140096
2026-09-27T02:43:59.742322Z,"{""command"": ""guest_telemetry"", ""command_line"": ""/usr/lib/google/guest_agent/GuestTelemetryExtension/guest_telemetry --protocol=unix --address=/run/google-guest-agent/plugin-connections/GuestTelemetryExtension_1.0.sock --errorlogfile=/var/lib/google-guest-agent/8057035535632679842/agent_state/plugins/GuestTelemetryExtension/plugin.log"", ""owner"": ""root"", ""pid"": ""747"", ""process"": ""all"", ""resource_instance_id"": ""8057035535632679842"", ""resource_project_id"": ""proyecto-2-cloud-509714"", ""resource_type"": ""gce_instance"", ""resource_zone"": ""us-central1-a"", ""vm"": ""8057035535632679842""}",1307140096
2026-09-27T02:43:29.743722Z,"{""command"": ""guest_telemetry"", ""command_line"": ""/usr/lib/google/guest_agent/GuestTelemetryExtension/guest_telemetry --protocol=unix --address=/run/google-guest-agent/plugin-connections/GuestTelemetryExtension_1.0.sock --errorlogfile=/var/lib/google-guest-agent/8057035535632679842/agent_state/plugins/GuestTelemetryExtension/plugin.log"", ""owner"": ""root"", ""pid"": ""747"", ""process"": ""all"", ""resource_instance_id"": ""8057035535632679842"", ""resource_project_id"": ""proyecto-2-cloud-509714"", ""resource_type"": ""gce_instance"", ""resource_zone"": ""us-central1-a"", ""vm"": ""8057035535632679842""}",1307140096
2026-09-27T02:42:59.736755Z,"{""command"": ""guest_telemetry"", ""command_line"": ""/usr/lib/google/guest_agent/GuestTelemetryExtension/guest_telemetry --protocol=unix --address=/run/google-guest-agent/plugin-connections/GuestTelemetryExtension_1.0.sock --errorlogfile=/var/lib/google-guest-agent/8057035535632679842/agent_state/plugins/GuestTelemetryExtension/plugin.log"", ""owner"": ""root"", ""pid"": ""747"", ""process"": ""all"", ""resource_instance_id"": ""8057035535632679842"", ""resource_project_id"": ""proyecto-2-cloud-509714"", ""resource_type"": ""gce_instance"", ""resource_zone"": ""us-central1-a"", ""vm"": ""8057035535632679842""}",1307140096
2026-09-27T02:42:29.762695Z,"{""command"": ""guest_telemetry"", ""command_line"": ""/usr/lib/google/guest_agent/GuestTelemetryExtension/guest_telemetry --protocol=unix --address=/run/google-guest-agent/plugin-connections/GuestTelemetryExtension_1.0.sock --errorlogfile=/var/lib/google-guest-agent/8057035535632679842/agent_state/plugins/GuestTelemetryExtension/plugin.log"", ""owner"": ""root"", ""pid"": ""747"", ""process"": ""all"", ""resource_instance_id"": ""8057035535632679842"", ""resource_project_id"": ""proyecto-2-cloud-509714"", ""resource_type"": ""gce_instance"", ""resource_zone"": ""us-central1-a"", ""vm"": ""8057035535632679842""}",1307140096
2026-09-27T02:41:59.740315Z,"{""command"": ""guest_telemetry"", ""command_line"": ""/usr/lib/google/guest_agent/GuestTelemetryExtension/guest_telemetry --protocol=unix --address=/run/google-guest-agent/plugin-connections/GuestTelemetryExtension_1.0.sock --errorlogfile=/var/lib/google-guest-agent/8057035535632679842/agent_state/plugins/GuestTelemetryExtension/plugin.log"", ""owner"": ""root"", ""pid"": ""747"", ""process"": ""all"", ""resource_instance_id"": ""8057035535632679842"", ""resource_project_id"": ""proyecto-2-cloud-509714"", ""resource_type"": ""gce_instance"", ""resource_zone"": ""us-central1-a"", ""vm"": ""8057035535632679842""}",1307140096
2026-09-27T02:41:29.743726Z,"{""command"": ""guest_telemetry"", ""command_line"": ""/usr/lib/google/guest_agent/GuestTelemetryExtension/guest_telemetry --protocol=unix --address=/run/google-guest-agent/plugin-connections/GuestTelemetryExtension_1.0.sock --errorlogfile=/var/lib/google-guest-agent/8057035535632679842/agent_state/plugins/GuestTelemetryExtension/plugin.log"", ""owner"": ""root"", ""pid"": ""747"", ""process"": ""all"", ""resource_instance_id"": ""8057035535632679842"", ""resource_project_id"": ""proyecto-2-cloud-509714"", ""resource_type"": ""gce_instance"", ""resource_zone"": ""us-central1-a"", ""vm"": ""8057035535632679842""}",1307140096
2026-09-27T02:40:59.732066Z,"{""command"": ""guest_telemetry"", ""command_line"": ""/usr/lib/google/guest_agent/GuestTelemetryExtension/guest_telemetry --protocol=unix --address=/run/google-guest-agent/plugin-connections/GuestTelemetryExtension_1.0.sock --errorlogfile=/var/lib/google-guest-agent/8057035535632679842/agent_state/plugins/GuestTelemetryExtension/plugin.log"", ""owner"": ""root"", ""pid"": ""747"", ""process"": ""all"", ""resource_instance_id"": ""8057035535632679842"", ""resource_project_id"": ""proyecto-2-cloud-509714"", ""resource_type"": ""gce_instance"", ""resource_zone"": ""us-central1-a"", ""vm"": ""8057035535632679842""}",1307140096
2026-09-27T02:40:29.729774Z,"{""command"": ""guest_telemetry"", ""command_line"": ""/usr/lib/google/guest_agent/GuestTelemetryExtension/guest_telemetry --protocol=unix --address=/run/google-guest-agent/plugin-connections/GuestTelemetryExtension_1.0.sock --errorlogfile=/var/lib/google-guest-agent/8057035535632679842/agent_state/plugins/GuestTelemetryExtension/plugin.log"", ""owner"": ""root"", ""pid"": ""747"", ""process"": ""all"", ""resource_instance_id"": ""8057035535632679842"", ""resource_project_id"": ""proyecto-2-cloud-509714"", ""resource_type"": ""gce_instance"", ""resource_zone"": ""us-central1-a"", ""vm"": ""8057035535632679842""}",1307140096
2026-09-27T02:39:59.737707Z,"{""command"": ""guest_telemetry"", ""command_line"": ""/usr/lib/google/guest_agent/GuestTelemetryExtension/guest_telemetry --protocol=unix --address=/run/google-guest-agent/plugin-connections/GuestTelemetryExtension_1.0.sock --errorlogfile=/var/lib/google-guest-agent/8057035535632679842/agent_state/plugins/GuestTelemetryExtension/plugin.log"", ""owner"": ""root"", ""pid"": ""747"", ""process"": ""all"", ""resource_instance_id"": ""8057035535632679842"", ""resource_project_id"": ""proyecto-2-cloud-509714"", ""resource_type"": ""gce_instance"", ""resource_zone"": ""us-central1-a"", ""vm"": ""8057035535632679842""}",1307140096
2026-09-27T02:39:29.731444Z,"{""command"": ""guest_telemetry"", ""command_line"": ""/usr/lib/google/guest_agent/GuestTelemetryExtension/guest_telemetry --protocol=unix --address=/run/google-guest-agent/plugin-connections/GuestTelemetryExtension_1.0.sock --errorlogfile=/var/lib/google-guest-agent/8057035535632679842/agent_state/plugins/GuestTelemetryExtension/plugin.log"", ""owner"": ""root"", ""pid"": ""747"", ""process"": ""all"", ""resource_instance_id"": ""8057035535632679842"", ""resource_project_id"": ""proyecto-2-cloud-509714"", ""resource_type"": ""gce_instance"", ""resource_zone"": ""us-central1-a"", ""vm"": ""8057035535632679842""}",1307140096
2026-09-27T02:38:59.737769Z,"{""command"": ""guest_telemetry"", ""command_line"": ""/usr/lib/google/guest_agent/GuestTelemetryExtension/guest_telemetry --protocol=unix --address=/run/google-guest-agent/plugin-connections/GuestTelemetryExtension_1.0.sock --errorlogfile=/var/lib/google-guest-agent/8057035535632679842/agent_state/plugins/GuestTelemetryExtension/plugin.log"", ""owner"": ""root"", ""pid"": ""747"", ""process"": ""all"", ""resource_instance_id"": ""8057035535632679842"", ""resource_project_id"": ""proyecto-2-cloud-509714"", ""resource_type"": ""gce_instance"", ""resource_zone"": ""us-central1-a"", ""vm"": ""8057035535632679842""}",1307140096
2026-09-27T02:38:29.728606Z,"{""command"": ""guest_telemetry"", ""command_line"": ""/usr/lib/google/guest_agent/GuestTelemetryExtension/guest_telemetry --protocol=unix --address=/run/google-guest-agent/plugin-connections/GuestTelemetryExtension_1.0.sock --errorlogfile=/var/lib/google-guest-agent/8057035535632679842/agent_state/plugins/GuestTelemetryExtension/plugin.log"", ""owner"": ""root"", ""pid"": ""747"", ""process"": ""all"", ""resource_instance_id"": ""8057035535632679842"", ""resource_project_id"": ""proyecto-2-cloud-509714"", ""resource_type"": ""gce_instance"", ""resource_zone"": ""us-central1-a"", ""vm"": ""8057035535632679842""}",1307140096
2026-09-27T02:37:59.739216Z,"{""command"": ""guest_telemetry"", ""command_line"": ""/usr/lib/google/guest_agent/GuestTelemetryExtension/guest_telemetry --protocol=unix --address=/run/google-guest-agent/plugin-connections/GuestTelemetryExtension_1.0.sock --errorlogfile=/var/lib/google-guest-agent/8057035535632679842/agent_state/plugins/GuestTelemetryExtension/plugin.log"", ""owner"": ""root"", ""pid"": ""747"", ""process"": ""all"", ""resource_instance_id"": ""8057035535632679842"", ""resource_project_id"": ""proyecto-2-cloud-509714"", ""resource_type"": ""gce_instance"", ""resource_zone"": ""us-central1-a"", ""vm"": ""8057035535632679842""}",1307140096
2026-09-27T02:37:29.733471Z,"{""command"": ""guest_telemetry"", ""command_line"": ""/usr/lib/google/guest_agent/GuestTelemetryExtension/guest_telemetry --protocol=unix --address=/run/google-guest-agent/plugin-connections/GuestTelemetryExtension_1.0.sock --errorlogfile=/var/lib/google-guest-agent/8057035535632679842/agent_state/plugins/GuestTelemetryExtension/plugin.log"", ""owner"": ""root"", ""pid"": ""747"", ""process"": ""all"", ""resource_instance_id"": ""8057035535632679842"", ""resource_project_id"": ""proyecto-2-cloud-509714"", ""resource_type"": ""gce_instance"", ""resource_zone"": ""us-central1-a"", ""vm"": ""8057035535632679842""}",1307140096
2026-09-27T02:36:59.741338Z,"{""command"": ""guest_telemetry"", ""command_line"": ""/usr/lib/google/guest_agent/GuestTelemetryExtension/guest_telemetry --protocol=unix --address=/run/google-guest-agent/plugin-connections/GuestTelemetryExtension_1.0.sock --errorlogfile=/var/lib/google-guest-agent/8057035535632679842/agent_state/plugins/GuestTelemetryExtension/plugin.log"", ""owner"": ""root"", ""pid"": ""747"", ""process"": ""all"", ""resource_instance_id"": ""8057035535632679842"", ""resource_project_id"": ""proyecto-2-cloud-509714"", ""resource_type"": ""gce_instance"", ""resource_zone"": ""us-central1-a"", ""vm"": ""8057035535632679842""}",1307140096
2026-09-27T02:36:29.736632Z,"{""command"": ""guest_telemetry"", ""command_line"": ""/usr/lib/google/guest_agent/GuestTelemetryExtension/guest_telemetry --protocol=unix --address=/run/google-guest-agent/plugin-connections/GuestTelemetryExtension_1.0.sock --errorlogfile=/var/lib/google-guest-agent/8057035535632679842/agent_state/plugins/GuestTelemetryExtension/plugin.log"", ""owner"": ""root"", ""pid"": ""747"", ""process"": ""all"", ""resource_instance_id"": ""8057035535632679842"", ""resource_project_id"": ""proyecto-2-cloud-509714"", ""resource_type"": ""gce_instance"", ""resource_zone"": ""us-central1-a"", ""vm"": ""8057035535632679842""}",1307140096
2026-09-27T02:35:59.729256Z,"{""command"": ""guest_telemetry"", ""command_line"": ""/usr/lib/google/guest_agent/GuestTelemetryExtension/guest_telemetry --protocol=unix --address=/run/google-guest-agent/plugin-connections/GuestTelemetryExtension_1.0.sock --errorlogfile=/var/lib/google-guest-agent/8057035535632679842/agent_state/plugins/GuestTelemetryExtension/plugin.log"", ""owner"": ""root"", ""pid"": ""747"", ""process"": ""all"", ""resource_instance_id"": ""8057035535632679842"", ""resource_project_id"": ""proyecto-2-cloud-509714"", ""resource_type"": ""gce_instance"", ""resource_zone"": ""us-central1-a"", ""vm"": ""8057035535632679842""}",1307140096
2026-09-27T02:35:29.726913Z,"{""command"": ""guest_telemetry"", ""command_line"": ""/usr/lib/google/guest_agent/GuestTelemetryExtension/guest_telemetry --protocol=unix --address=/run/google-guest-agent/plugin-connections/GuestTelemetryExtension_1.0.sock --errorlogfile=/var/lib/google-guest-agent/8057035535632679842/agent_state/plugins/GuestTelemetryExtension/plugin.log"", ""owner"": ""root"", ""pid"": ""747"", ""process"": ""all"", ""resource_instance_id"": ""8057035535632679842"", ""resource_project_id"": ""proyecto-2-cloud-509714"", ""resource_type"": ""gce_instance"", ""resource_zone"": ""us-central1-a"", ""vm"": ""8057035535632679842""}",1307140096
2026-09-27T02:34:59.732742Z,"{""command"": ""guest_telemetry"", ""command_line"": ""/usr/lib/google/guest_agent/GuestTelemetryExtension/guest_telemetry --protocol=unix --address=/run/google-guest-agent/plugin-connections/GuestTelemetryExtension_1.0.sock --errorlogfile=/var/lib/google-guest-agent/8057035535632679842/agent_state/plugins/GuestTelemetryExtension/plugin.log"", ""owner"": ""root"", ""pid"": ""747"", ""process"": ""all"", ""resource_instance_id"": ""8057035535632679842"", ""resource_project_id"": ""proyecto-2-cloud-509714"", ""resource_type"": ""gce_instance"", ""resource_zone"": ""us-central1-a"", ""vm"": ""8057035535632679842""}",1307140096
2026-09-27T02:34:29.732531Z,"{""command"": ""guest_telemetry"", ""command_line"": ""/usr/lib/google/guest_agent/GuestTelemetryExtension/guest_telemetry --protocol=unix --address=/run/google-guest-agent/plugin-connections/GuestTelemetryExtension_1.0.sock --errorlogfile=/var/lib/google-guest-agent/8057035535632679842/agent_state/plugins/GuestTelemetryExtension/plugin.log"", ""owner"": ""root"", ""pid"": ""747"", ""process"": ""all"", ""resource_instance_id"": ""8057035535632679842"", ""resource_project_id"": ""proyecto-2-cloud-509714"", ""resource_type"": ""gce_instance"", ""resource_zone"": ""us-central1-a"", ""vm"": ""8057035535632679842""}",1307140096
2026-09-27T02:33:59.738500Z,"{""command"": ""guest_telemetry"", ""command_line"": ""/usr/lib/google/guest_agent/GuestTelemetryExtension/guest_telemetry --protocol=unix --address=/run/google-guest-agent/plugin-connections/GuestTelemetryExtension_1.0.sock --errorlogfile=/var/lib/google-guest-agent/8057035535632679842/agent_state/plugins/GuestTelemetryExtension/plugin.log"", ""owner"": ""root"", ""pid"": ""747"", ""process"": ""all"", ""resource_instance_id"": ""8057035535632679842"", ""resource_project_id"": ""proyecto-2-cloud-509714"", ""resource_type"": ""gce_instance"", ""resource_zone"": ""us-central1-a"", ""vm"": ""8057035535632679842""}",1307140096
2026-09-27T02:33:29.727673Z,"{""command"": ""guest_telemetry"", ""command_line"": ""/usr/lib/google/guest_agent/GuestTelemetryExtension/guest_telemetry --protocol=unix --address=/run/google-guest-agent/plugin-connections/GuestTelemetryExtension_1.0.sock --errorlogfile=/var/lib/google-guest-agent/8057035535632679842/agent_state/plugins/GuestTelemetryExtension/plugin.log"", ""owner"": ""root"", ""pid"": ""747"", ""process"": ""all"", ""resource_instance_id"": ""8057035535632679842"", ""resource_project_id"": ""proyecto-2-cloud-509714"", ""resource_type"": ""gce_instance"", ""resource_zone"": ""us-central1-a"", ""vm"": ""8057035535632679842""}",1307140096
2026-09-27T02:32:59.745028Z,"{""command"": ""guest_telemetry"", ""command_line"": ""/usr/lib/google/guest_agent/GuestTelemetryExtension/guest_telemetry --protocol=unix --address=/run/google-guest-agent/plugin-connections/GuestTelemetryExtension_1.0.sock --errorlogfile=/var/lib/google-guest-agent/8057035535632679842/agent_state/plugins/GuestTelemetryExtension/plugin.log"", ""owner"": ""root"", ""pid"": ""747"", ""process"": ""all"", ""resource_instance_id"": ""8057035535632679842"", ""resource_project_id"": ""proyecto-2-cloud-509714"", ""resource_type"": ""gce_instance"", ""resource_zone"": ""us-central1-a"", ""vm"": ""8057035535632679842""}",1307140096
2026-09-27T02:32:29.736434Z,"{""command"": ""guest_telemetry"", ""command_line"": ""/usr/lib/google/guest_agent/GuestTelemetryExtension/guest_telemetry --protocol=unix --address=/run/google-guest-agent/plugin-connections/GuestTelemetryExtension_1.0.sock --errorlogfile=/var/lib/google-guest-agent/8057035535632679842/agent_state/plugins/GuestTelemetryExtension/plugin.log"", ""owner"": ""root"", ""pid"": ""747"", ""process"": ""all"", ""resource_instance_id"": ""8057035535632679842"", ""resource_project_id"": ""proyecto-2-cloud-509714"", ""resource_type"": ""gce_instance"", ""resource_zone"": ""us-central1-a"", ""vm"": ""8057035535632679842""}",1307140096
2026-09-27T02:31:59.736425Z,"{""command"": ""guest_telemetry"", ""command_line"": ""/usr/lib/google/guest_agent/GuestTelemetryExtension/guest_telemetry --protocol=unix --address=/run/google-guest-agent/plugin-connections/GuestTelemetryExtension_1.0.sock --errorlogfile=/var/lib/google-guest-agent/8057035535632679842/agent_state/plugins/GuestTelemetryExtension/plugin.log"", ""owner"": ""root"", ""pid"": ""747"", ""process"": ""all"", ""resource_instance_id"": ""8057035535632679842"", ""resource_project_id"": ""proyecto-2-cloud-509714"", ""resource_type"": ""gce_instance"", ""resource_zone"": ""us-central1-a"", ""vm"": ""8057035535632679842""}",1307140096
2026-09-27T02:31:29.730837Z,"{""command"": ""guest_telemetry"", ""command_line"": ""/usr/lib/google/guest_agent/GuestTelemetryExtension/guest_telemetry --protocol=unix --address=/run/google-guest-agent/plugin-connections/GuestTelemetryExtension_1.0.sock --errorlogfile=/var/lib/google-guest-agent/8057035535632679842/agent_state/plugins/GuestTelemetryExtension/plugin.log"", ""owner"": ""root"", ""pid"": ""747"", ""process"": ""all"", ""resource_instance_id"": ""8057035535632679842"", ""resource_project_id"": ""proyecto-2-cloud-509714"", ""resource_type"": ""gce_instance"", ""resource_zone"": ""us-central1-a"", ""vm"": ""8057035535632679842""}",1307140096
2026-09-27T02:30:59.747423Z,"{""command"": ""guest_telemetry"", ""command_line"": ""/usr/lib/google/guest_agent/GuestTelemetryExtension/guest_telemetry --protocol=unix --address=/run/google-guest-agent/plugin-connections/GuestTelemetryExtension_1.0.sock --errorlogfile=/var/lib/google-guest-agent/8057035535632679842/agent_state/plugins/GuestTelemetryExtension/plugin.log"", ""owner"": ""root"", ""pid"": ""747"", ""process"": ""all"", ""resource_instance_id"": ""8057035535632679842"", ""resource_project_id"": ""proyecto-2-cloud-509714"", ""resource_type"": ""gce_instance"", ""resource_zone"": ""us-central1-a"", ""vm"": ""8057035535632679842""}",1307140096
2026-09-27T02:30:29.741640Z,"{""command"": ""guest_telemetry"", ""command_line"": ""/usr/lib/google/guest_agent/GuestTelemetryExtension/guest_telemetry --protocol=unix --address=/run/google-guest-agent/plugin-connections/GuestTelemetryExtension_1.0.sock --errorlogfile=/var/lib/google-guest-agent/8057035535632679842/agent_state/plugins/GuestTelemetryExtension/plugin.log"", ""owner"": ""root"", ""pid"": ""747"", ""process"": ""all"", ""resource_instance_id"": ""8057035535632679842"", ""resource_project_id"": ""proyecto-2-cloud-509714"", ""resource_type"": ""gce_instance"", ""resource_zone"": ""us-central1-a"", ""vm"": ""8057035535632679842""}",1307140096
2026-09-27T02:30:22.328261Z,"{""command"": ""guest_telemetry"", ""command_line"": ""/usr/lib/google/guest_agent/GuestTelemetryExtension/guest_telemetry --protocol=unix --address=/run/google-guest-agent/plugin-connections/GuestTelemetryExtension_1.0.sock --errorlogfile=/var/lib/google-guest-agent/8057035535632679842/agent_state/plugins/GuestTelemetryExtension/plugin.log"", ""owner"": ""root"", ""pid"": ""747"", ""process"": ""all"", ""resource_instance_id"": ""8057035535632679842"", ""resource_project_id"": ""proyecto-2-cloud-509714"", ""resource_type"": ""gce_instance"", ""resource_zone"": ""us-central1-a"", ""vm"": ""8057035535632679842""}",1307140096
2026-09-27T02:49:59.739654Z,"{""command"": ""haveged"", ""command_line"": ""/usr/sbin/haveged --Foreground --verbose=1"", ""owner"": ""root"", ""pid"": ""387"", ""process"": ""all"", ""resource_instance_id"": ""8057035535632679842"", ""resource_project_id"": ""proyecto-2-cloud-509714"", ""resource_type"": ""gce_instance"", ""resource_zone"": ""us-central1-a"", ""vm"": ""8057035535632679842""}",8466432
2026-09-27T02:49:29.735471Z,"{""command"": ""haveged"", ""command_line"": ""/usr/sbin/haveged --Foreground --verbose=1"", ""owner"": ""root"", ""pid"": ""387"", ""process"": ""all"", ""resource_instance_id"": ""8057035535632679842"", ""resource_project_id"": ""proyecto-2-cloud-509714"", ""resource_type"": ""gce_instance"", ""resource_zone"": ""us-central1-a"", ""vm"": ""8057035535632679842""}",8466432
2026-09-27T02:48:59.730801Z,"{""command"": ""haveged"", ""command_line"": ""/usr/sbin/haveged --Foreground --verbose=1"", ""owner"": ""root"", ""pid"": ""387"", ""process"": ""all"", ""resource_instance_id"": ""8057035535632679842"", ""resource_project_id"": ""proyecto-2-cloud-509714"", ""resource_type"": ""gce_instance"", ""resource_zone"": ""us-central1-a"", ""vm"": ""8057035535632679842""}",8466432
2026-09-27T02:48:29.737357Z,"{""command"": ""haveged"", ""command_line"": ""/usr/sbin/haveged --Foreground --verbose=1"", ""owner"": ""root"", ""pid"": ""387"", ""process"": ""all"", ""resource_instance_id"": ""8057035535632679842"", ""resource_project_id"": ""proyecto-2-cloud-509714"", ""resource_type"": ""gce_instance"", ""resource_zone"": ""us-central1-a"", ""vm"": ""8057035535632679842""}",8466432
2026-09-27T02:47:59.735030Z,"{""command"": ""haveged"", ""command_line"": ""/usr/sbin/haveged --Foreground --verbose=1"", ""owner"": ""root"", ""pid"": ""387"", ""process"": ""all"", ""resource_instance_id"": ""8057035535632679842"", ""resource_project_id"": ""proyecto-2-cloud-509714"", ""resource_type"": ""gce_instance"", ""resource_zone"": ""us-central1-a"", ""vm"": ""8057035535632679842""}",8466432
2026-09-27T02:47:29.732154Z,"{""command"": ""haveged"", ""command_line"": ""/usr/sbin/haveged --Foreground --verbose=1"", ""owner"": ""root"", ""pid"": ""387"", ""process"": ""all"", ""resource_instance_id"": ""8057035535632679842"", ""resource_project_id"": ""proyecto-2-cloud-509714"", ""resource_type"": ""gce_instance"", ""resource_zone"": ""us-central1-a"", ""vm"": ""8057035535632679842""}",8466432
2026-09-27T02:46:59.742870Z,"{""command"": ""haveged"", ""command_line"": ""/usr/sbin/haveged --Foreground --verbose=1"", ""owner"": ""root"", ""pid"": ""387"", ""process"": ""all"", ""resource_instance_id"": ""8057035535632679842"", ""resource_project_id"": ""proyecto-2-cloud-509714"", ""resource_type"": ""gce_instance"", ""resource_zone"": ""us-central1-a"", ""vm"": ""8057035535632679842""}",8466432
2026-09-27T02:46:29.737291Z,"{""command"": ""haveged"", ""command_line"": ""/usr/sbin/haveged --Foreground --verbose=1"", ""owner"": ""root"", ""pid"": ""387"", ""process"": ""all"", ""resource_instance_id"": ""8057035535632679842"", ""resource_project_id"": ""proyecto-2-cloud-509714"", ""resource_type"": ""gce_instance"", ""resource_zone"": ""us-central1-a"", ""vm"": ""8057035535632679842""}",8466432
2026-09-27T02:45:59.731335Z,"{""command"": ""haveged"", ""command_line"": ""/usr/sbin/haveged --Foreground --verbose=1"", ""owner"": ""root"", ""pid"": ""387"", ""process"": ""all"", ""resource_instance_id"": ""8057035535632679842"", ""resource_project_id"": ""proyecto-2-cloud-509714"", ""resource_type"": ""gce_instance"", ""resource_zone"": ""us-central1-a"", ""vm"": ""8057035535632679842""}",8466432
2026-09-27T02:45:29.737109Z,"{""command"": ""haveged"", ""command_line"": ""/usr/sbin/haveged --Foreground --verbose=1"", ""owner"": ""root"", ""pid"": ""387"", ""process"": ""all"", ""resource_instance_id"": ""8057035535632679842"", ""resource_project_id"": ""proyecto-2-cloud-509714"", ""resource_type"": ""gce_instance"", ""resource_zone"": ""us-central1-a"", ""vm"": ""8057035535632679842""}",8466432
2026-09-27T02:44:59.742813Z,"{""command"": ""haveged"", ""command_line"": ""/usr/sbin/haveged --Foreground --verbose=1"", ""owner"": ""root"", ""pid"": ""387"", ""process"": ""all"", ""resource_instance_id"": ""8057035535632679842"", ""resource_project_id"": ""proyecto-2-cloud-509714"", ""resource_type"": ""gce_instance"", ""resource_zone"": ""us-central1-a"", ""vm"": ""8057035535632679842""}",8466432
2026-09-27T02:44:29.739687Z,"{""command"": ""haveged"", ""command_line"": ""/usr/sbin/haveged --Foreground --verbose=1"", ""owner"": ""root"", ""pid"": ""387"", ""process"": ""all"", ""resource_instance_id"": ""8057035535632679842"", ""resource_project_id"": ""proyecto-2-cloud-509714"", ""resource_type"": ""gce_instance"", ""resource_zone"": ""us-central1-a"", ""vm"": ""8057035535632679842""}",8466432
2026-09-27T02:43:59.741354Z,"{""command"": ""haveged"", ""command_line"": ""/usr/sbin/haveged --Foreground --verbose=1"", ""owner"": ""root"", ""pid"": ""387"", ""process"": ""all"", ""resource_instance_id"": ""8057035535632679842"", ""resource_project_id"": ""proyecto-2-cloud-509714"", ""resource_type"": ""gce_instance"", ""resource_zone"": ""us-central1-a"", ""vm"": ""8057035535632679842""}",8466432
2026-09-27T02:43:29.741983Z,"{""command"": ""haveged"", ""command_line"": ""/usr/sbin/haveged --Foreground --verbose=1"", ""owner"": ""root"", ""pid"": ""387"", ""process"": ""all"", ""resource_instance_id"": ""8057035535632679842"", ""resource_project_id"": ""proyecto-2-cloud-509714"", ""resource_type"": ""gce_instance"", ""resource_zone"": ""us-central1-a"", ""vm"": ""8057035535632679842""}",8466432
2026-09-27T02:42:59.735814Z,"{""command"": ""haveged"", ""command_line"": ""/usr/sbin/haveged --Foreground --verbose=1"", ""owner"": ""root"", ""pid"": ""387"", ""process"": ""all"", ""resource_instance_id"": ""8057035535632679842"", ""resource_project_id"": ""proyecto-2-cloud-509714"", ""resource_type"": ""gce_instance"", ""resource_zone"": ""us-central1-a"", ""vm"": ""8057035535632679842""}",8466432
2026-09-27T02:42:29.761729Z,"{""command"": ""haveged"", ""command_line"": ""/usr/sbin/haveged --Foreground --verbose=1"", ""owner"": ""root"", ""pid"": ""387"", ""process"": ""all"", ""resource_instance_id"": ""8057035535632679842"", ""resource_project_id"": ""proyecto-2-cloud-509714"", ""resource_type"": ""gce_instance"", ""resource_zone"": ""us-central1-a"", ""vm"": ""8057035535632679842""}",8466432
2026-09-27T02:41:59.739242Z,"{""command"": ""haveged"", ""command_line"": ""/usr/sbin/haveged --Foreground --verbose=1"", ""owner"": ""root"", ""pid"": ""387"", ""process"": ""all"", ""resource_instance_id"": ""8057035535632679842"", ""resource_project_id"": ""proyecto-2-cloud-509714"", ""resource_type"": ""gce_instance"", ""resource_zone"": ""us-central1-a"", ""vm"": ""8057035535632679842""}",8466432
2026-09-27T02:41:29.742845Z,"{""command"": ""haveged"", ""command_line"": ""/usr/sbin/haveged --Foreground --verbose=1"", ""owner"": ""root"", ""pid"": ""387"", ""process"": ""all"", ""resource_instance_id"": ""8057035535632679842"", ""resource_project_id"": ""proyecto-2-cloud-509714"", ""resource_type"": ""gce_instance"", ""resource_zone"": ""us-central1-a"", ""vm"": ""8057035535632679842""}",8466432
2026-09-27T02:40:59.730393Z,"{""command"": ""haveged"", ""command_line"": ""/usr/sbin/haveged --Foreground --verbose=1"", ""owner"": ""root"", ""pid"": ""387"", ""process"": ""all"", ""resource_instance_id"": ""8057035535632679842"", ""resource_project_id"": ""proyecto-2-cloud-509714"", ""resource_type"": ""gce_instance"", ""resource_zone"": ""us-central1-a"", ""vm"": ""8057035535632679842""}",8466432
2026-09-27T02:40:29.728825Z,"{""command"": ""haveged"", ""command_line"": ""/usr/sbin/haveged --Foreground --verbose=1"", ""owner"": ""root"", ""pid"": ""387"", ""process"": ""all"", ""resource_instance_id"": ""8057035535632679842"", ""resource_project_id"": ""proyecto-2-cloud-509714"", ""resource_type"": ""gce_instance"", ""resource_zone"": ""us-central1-a"", ""vm"": ""8057035535632679842""}",8466432
2026-09-27T02:39:59.736081Z,"{""command"": ""haveged"", ""command_line"": ""/usr/sbin/haveged --Foreground --verbose=1"", ""owner"": ""root"", ""pid"": ""387"", ""process"": ""all"", ""resource_instance_id"": ""8057035535632679842"", ""resource_project_id"": ""proyecto-2-cloud-509714"", ""resource_type"": ""gce_instance"", ""resource_zone"": ""us-central1-a"", ""vm"": ""8057035535632679842""}",8466432
2026-09-27T02:39:29.730374Z,"{""command"": ""haveged"", ""command_line"": ""/usr/sbin/haveged --Foreground --verbose=1"", ""owner"": ""root"", ""pid"": ""387"", ""process"": ""all"", ""resource_instance_id"": ""8057035535632679842"", ""resource_project_id"": ""proyecto-2-cloud-509714"", ""resource_type"": ""gce_instance"", ""resource_zone"": ""us-central1-a"", ""vm"": ""8057035535632679842""}",8466432
2026-09-27T02:38:59.736178Z,"{""command"": ""haveged"", ""command_line"": ""/usr/sbin/haveged --Foreground --verbose=1"", ""owner"": ""root"", ""pid"": ""387"", ""process"": ""all"", ""resource_instance_id"": ""8057035535632679842"", ""resource_project_id"": ""proyecto-2-cloud-509714"", ""resource_type"": ""gce_instance"", ""resource_zone"": ""us-central1-a"", ""vm"": ""8057035535632679842""}",8466432
2026-09-27T02:38:29.727757Z,"{""command"": ""haveged"", ""command_line"": ""/usr/sbin/haveged --Foreground --verbose=1"", ""owner"": ""root"", ""pid"": ""387"", ""process"": ""all"", ""resource_instance_id"": ""8057035535632679842"", ""resource_project_id"": ""proyecto-2-cloud-509714"", ""resource_type"": ""gce_instance"", ""resource_zone"": ""us-central1-a"", ""vm"": ""8057035535632679842""}",8466432
2026-09-27T02:37:59.738249Z,"{""command"": ""haveged"", ""command_line"": ""/usr/sbin/haveged --Foreground --verbose=1"", ""owner"": ""root"", ""pid"": ""387"", ""process"": ""all"", ""resource_instance_id"": ""8057035535632679842"", ""resource_project_id"": ""proyecto-2-cloud-509714"", ""resource_type"": ""gce_instance"", ""resource_zone"": ""us-central1-a"", ""vm"": ""8057035535632679842""}",8466432
2026-09-27T02:37:29.732519Z,"{""command"": ""haveged"", ""command_line"": ""/usr/sbin/haveged --Foreground --verbose=1"", ""owner"": ""root"", ""pid"": ""387"", ""process"": ""all"", ""resource_instance_id"": ""8057035535632679842"", ""resource_project_id"": ""proyecto-2-cloud-509714"", ""resource_type"": ""gce_instance"", ""resource_zone"": ""us-central1-a"", ""vm"": ""8057035535632679842""}",8466432
2026-09-27T02:36:59.739887Z,"{""command"": ""haveged"", ""command_line"": ""/usr/sbin/haveged --Foreground --verbose=1"", ""owner"": ""root"", ""pid"": ""387"", ""process"": ""all"", ""resource_instance_id"": ""8057035535632679842"", ""resource_project_id"": ""proyecto-2-cloud-509714"", ""resource_type"": ""gce_instance"", ""resource_zone"": ""us-central1-a"", ""vm"": ""8057035535632679842""}",8466432
2026-09-27T02:36:29.735109Z,"{""command"": ""haveged"", ""command_line"": ""/usr/sbin/haveged --Foreground --verbose=1"", ""owner"": ""root"", ""pid"": ""387"", ""process"": ""all"", ""resource_instance_id"": ""8057035535632679842"", ""resource_project_id"": ""proyecto-2-cloud-509714"", ""resource_type"": ""gce_instance"", ""resource_zone"": ""us-central1-a"", ""vm"": ""8057035535632679842""}",8466432
2026-09-27T02:35:59.727634Z,"{""command"": ""haveged"", ""command_line"": ""/usr/sbin/haveged --Foreground --verbose=1"", ""owner"": ""root"", ""pid"": ""387"", ""process"": ""all"", ""resource_instance_id"": ""8057035535632679842"", ""resource_project_id"": ""proyecto-2-cloud-509714"", ""resource_type"": ""gce_instance"", ""resource_zone"": ""us-central1-a"", ""vm"": ""8057035535632679842""}",8466432
2026-09-27T02:35:29.725956Z,"{""command"": ""haveged"", ""command_line"": ""/usr/sbin/haveged --Foreground --verbose=1"", ""owner"": ""root"", ""pid"": ""387"", ""process"": ""all"", ""resource_instance_id"": ""8057035535632679842"", ""resource_project_id"": ""proyecto-2-cloud-509714"", ""resource_type"": ""gce_instance"", ""resource_zone"": ""us-central1-a"", ""vm"": ""8057035535632679842""}",8466432
2026-09-27T02:34:59.731174Z,"{""command"": ""haveged"", ""command_line"": ""/usr/sbin/haveged --Foreground --verbose=1"", ""owner"": ""root"", ""pid"": ""387"", ""process"": ""all"", ""resource_instance_id"": ""8057035535632679842"", ""resource_project_id"": ""proyecto-2-cloud-509714"", ""resource_type"": ""gce_instance"", ""resource_zone"": ""us-central1-a"", ""vm"": ""8057035535632679842""}",8466432
2026-09-27T02:34:29.730971Z,"{""command"": ""haveged"", ""command_line"": ""/usr/sbin/haveged --Foreground --verbose=1"", ""owner"": ""root"", ""pid"": ""387"", ""process"": ""all"", ""resource_instance_id"": ""8057035535632679842"", ""resource_project_id"": ""proyecto-2-cloud-509714"", ""resource_type"": ""gce_instance"", ""resource_zone"": ""us-central1-a"", ""vm"": ""8057035535632679842""}",8466432
2026-09-27T02:33:59.737577Z,"{""command"": ""haveged"", ""command_line"": ""/usr/sbin/haveged --Foreground --verbose=1"", ""owner"": ""root"", ""pid"": ""387"", ""process"": ""all"", ""resource_instance_id"": ""8057035535632679842"", ""resource_project_id"": ""proyecto-2-cloud-509714"", ""resource_type"": ""gce_instance"", ""resource_zone"": ""us-central1-a"", ""vm"": ""8057035535632679842""}",8466432
2026-09-27T02:33:29.726798Z,"{""command"": ""haveged"", ""command_line"": ""/usr/sbin/haveged --Foreground --verbose=1"", ""owner"": ""root"", ""pid"": ""387"", ""process"": ""all"", ""resource_instance_id"": ""8057035535632679842"", ""resource_project_id"": ""proyecto-2-cloud-509714"", ""resource_type"": ""gce_instance"", ""resource_zone"": ""us-central1-a"", ""vm"": ""8057035535632679842""}",8466432
2026-09-27T02:32:59.744098Z,"{""command"": ""haveged"", ""command_line"": ""/usr/sbin/haveged --Foreground --verbose=1"", ""owner"": ""root"", ""pid"": ""387"", ""process"": ""all"", ""resource_instance_id"": ""8057035535632679842"", ""resource_project_id"": ""proyecto-2-cloud-509714"", ""resource_type"": ""gce_instance"", ""resource_zone"": ""us-central1-a"", ""vm"": ""8057035535632679842""}",8466432
2026-09-27T02:32:29.735498Z,"{""command"": ""haveged"", ""command_line"": ""/usr/sbin/haveged --Foreground --verbose=1"", ""owner"": ""root"", ""pid"": ""387"", ""process"": ""all"", ""resource_instance_id"": ""8057035535632679842"", ""resource_project_id"": ""proyecto-2-cloud-509714"", ""resource_type"": ""gce_instance"", ""resource_zone"": ""us-central1-a"", ""vm"": ""8057035535632679842""}",8466432
2026-09-27T02:31:59.735447Z,"{""command"": ""haveged"", ""command_line"": ""/usr/sbin/haveged --Foreground --verbose=1"", ""owner"": ""root"", ""pid"": ""387"", ""process"": ""all"", ""resource_instance_id"": ""8057035535632679842"", ""resource_project_id"": ""proyecto-2-cloud-509714"", ""resource_type"": ""gce_instance"", ""resource_zone"": ""us-central1-a"", ""vm"": ""8057035535632679842""}",8466432
2026-09-27T02:31:29.729782Z,"{""command"": ""haveged"", ""command_line"": ""/usr/sbin/haveged --Foreground --verbose=1"", ""owner"": ""root"", ""pid"": ""387"", ""process"": ""all"", ""resource_instance_id"": ""8057035535632679842"", ""resource_project_id"": ""proyecto-2-cloud-509714"", ""resource_type"": ""gce_instance"", ""resource_zone"": ""us-central1-a"", ""vm"": ""8057035535632679842""}",8466432
2026-09-27T02:30:59.746232Z,"{""command"": ""haveged"", ""command_line"": ""/usr/sbin/haveged --Foreground --verbose=1"", ""owner"": ""root"", ""pid"": ""387"", ""process"": ""all"", ""resource_instance_id"": ""8057035535632679842"", ""resource_project_id"": ""proyecto-2-cloud-509714"", ""resource_type"": ""gce_instance"", ""resource_zone"": ""us-central1-a"", ""vm"": ""8057035535632679842""}",8466432
2026-09-27T02:30:29.740599Z,"{""command"": ""haveged"", ""command_line"": ""/usr/sbin/haveged --Foreground --verbose=1"", ""owner"": ""root"", ""pid"": ""387"", ""process"": ""all"", ""resource_instance_id"": ""8057035535632679842"", ""resource_project_id"": ""proyecto-2-cloud-509714"", ""resource_type"": ""gce_instance"", ""resource_zone"": ""us-central1-a"", ""vm"": ""8057035535632679842""}",8466432
2026-09-27T02:30:22.327181Z,"{""command"": ""haveged"", ""command_line"": ""/usr/sbin/haveged --Foreground --verbose=1"", ""owner"": ""root"", ""pid"": ""387"", ""process"": ""all"", ""resource_instance_id"": ""8057035535632679842"", ""resource_project_id"": ""proyecto-2-cloud-509714"", ""resource_type"": ""gce_instance"", ""resource_zone"": ""us-central1-a"", ""vm"": ""8057035535632679842""}",8466432
2026-09-27T02:49:59.738680Z,"{""command"": ""hwrng"", ""command_line"": """", ""owner"": ""root"", ""pid"": ""196"", ""process"": ""all"", ""resource_instance_id"": ""8057035535632679842"", ""resource_project_id"": ""proyecto-2-cloud-509714"", ""resource_type"": ""gce_instance"", ""resource_zone"": ""us-central1-a"", ""vm"": ""8057035535632679842""}",0
2026-09-27T02:49:29.735032Z,"{""command"": ""hwrng"", ""command_line"": """", ""owner"": ""root"", ""pid"": ""196"", ""process"": ""all"", ""resource_instance_id"": ""8057035535632679842"", ""resource_project_id"": ""proyecto-2-cloud-509714"", ""resource_type"": ""gce_instance"", ""resource_zone"": ""us-central1-a"", ""vm"": ""8057035535632679842""}",0
2026-09-27T02:48:59.729843Z,"{""command"": ""hwrng"", ""command_line"": """", ""owner"": ""root"", ""pid"": ""196"", ""process"": ""all"", ""resource_instance_id"": ""8057035535632679842"", ""resource_project_id"": ""proyecto-2-cloud-509714"", ""resource_type"": ""gce_instance"", ""resource_zone"": ""us-central1-a"", ""vm"": ""8057035535632679842""}",0
2026-09-27T02:48:29.736766Z,"{""command"": ""hwrng"", ""command_line"": """", ""owner"": ""root"", ""pid"": ""196"", ""process"": ""all"", ""resource_instance_id"": ""8057035535632679842"", ""resource_project_id"": ""proyecto-2-cloud-509714"", ""resource_type"": ""gce_instance"", ""resource_zone"": ""us-central1-a"", ""vm"": ""8057035535632679842""}",0
2026-09-27T02:47:59.734360Z,"{""command"": ""hwrng"", ""command_line"": """", ""owner"": ""root"", ""pid"": ""196"", ""process"": ""all"", ""resource_instance_id"": ""8057035535632679842"", ""resource_project_id"": ""proyecto-2-cloud-509714"", ""resource_type"": ""gce_instance"", ""resource_zone"": ""us-central1-a"", ""vm"": ""8057035535632679842""}",0
2026-09-27T02:47:29.731622Z,"{""command"": ""hwrng"", ""command_line"": """", ""owner"": ""root"", ""pid"": ""196"", ""process"": ""all"", ""resource_instance_id"": ""8057035535632679842"", ""resource_project_id"": ""proyecto-2-cloud-509714"", ""resource_type"": ""gce_instance"", ""resource_zone"": ""us-central1-a"", ""vm"": ""8057035535632679842""}",0
2026-09-27T02:46:59.742167Z,"{""command"": ""hwrng"", ""command_line"": """", ""owner"": ""root"", ""pid"": ""196"", ""process"": ""all"", ""resource_instance_id"": ""8057035535632679842"", ""resource_project_id"": ""proyecto-2-cloud-509714"", ""resource_type"": ""gce_instance"", ""resource_zone"": ""us-central1-a"", ""vm"": ""8057035535632679842""}",0
2026-09-27T02:46:29.736308Z,"{""command"": ""hwrng"", ""command_line"": """", ""owner"": ""root"", ""pid"": ""196"", ""process"": ""all"", ""resource_instance_id"": ""8057035535632679842"", ""resource_project_id"": ""proyecto-2-cloud-509714"", ""resource_type"": ""gce_instance"", ""resource_zone"": ""us-central1-a"", ""vm"": ""8057035535632679842""}",0
2026-09-27T02:45:59.730907Z,"{""command"": ""hwrng"", ""command_line"": """", ""owner"": ""root"", ""pid"": ""196"", ""process"": ""all"", ""resource_instance_id"": ""8057035535632679842"", ""resource_project_id"": ""proyecto-2-cloud-509714"", ""resource_type"": ""gce_instance"", ""resource_zone"": ""us-central1-a"", ""vm"": ""8057035535632679842""}",0
2026-09-27T02:45:29.736669Z,"{""command"": ""hwrng"", ""command_line"": """", ""owner"": ""root"", ""pid"": ""196"", ""process"": ""all"", ""resource_instance_id"": ""8057035535632679842"", ""resource_project_id"": ""proyecto-2-cloud-509714"", ""resource_type"": ""gce_instance"", ""resource_zone"": ""us-central1-a"", ""vm"": ""8057035535632679842""}",0
2026-09-27T02:44:59.742069Z,"{""command"": ""hwrng"", ""command_line"": """", ""owner"": ""root"", ""pid"": ""196"", ""process"": ""all"", ""resource_instance_id"": ""8057035535632679842"", ""resource_project_id"": ""proyecto-2-cloud-509714"", ""resource_type"": ""gce_instance"", ""resource_zone"": ""us-central1-a"", ""vm"": ""8057035535632679842""}",0
2026-09-27T02:44:29.739195Z,"{""command"": ""hwrng"", ""command_line"": """", ""owner"": ""root"", ""pid"": ""196"", ""process"": ""all"", ""resource_instance_id"": ""8057035535632679842"", ""resource_project_id"": ""proyecto-2-cloud-509714"", ""resource_type"": ""gce_instance"", ""resource_zone"": ""us-central1-a"", ""vm"": ""8057035535632679842""}",0
2026-09-27T02:43:59.740746Z,"{""command"": ""hwrng"", ""command_line"": """", ""owner"": ""root"", ""pid"": ""196"", ""process"": ""all"", ""resource_instance_id"": ""8057035535632679842"", ""resource_project_id"": ""proyecto-2-cloud-509714"", ""resource_type"": ""gce_instance"", ""resource_zone"": ""us-central1-a"", ""vm"": ""8057035535632679842""}",0
2026-09-27T02:43:29.741417Z,"{""command"": ""hwrng"", ""command_line"": """", ""owner"": ""root"", ""pid"": ""196"", ""process"": ""all"", ""resource_instance_id"": ""8057035535632679842"", ""resource_project_id"": ""proyecto-2-cloud-509714"", ""resource_type"": ""gce_instance"", ""resource_zone"": ""us-central1-a"", ""vm"": ""8057035535632679842""}",0
2026-09-27T02:42:59.735270Z,"{""command"": ""hwrng"", ""command_line"": """", ""owner"": ""root"", ""pid"": ""196"", ""process"": ""all"", ""resource_instance_id"": ""8057035535632679842"", ""resource_project_id"": ""proyecto-2-cloud-509714"", ""resource_type"": ""gce_instance"", ""resource_zone"": ""us-central1-a"", ""vm"": ""8057035535632679842""}",0
2026-09-27T02:42:29.761168Z,"{""command"": ""hwrng"", ""command_line"": """", ""owner"": ""root"", ""pid"": ""196"", ""process"": ""all"", ""resource_instance_id"": ""8057035535632679842"", ""resource_project_id"": ""proyecto-2-cloud-509714"", ""resource_type"": ""gce_instance"", ""resource_zone"": ""us-central1-a"", ""vm"": ""8057035535632679842""}",0
2026-09-27T02:41:59.738523Z,"{""command"": ""hwrng"", ""command_line"": """", ""owner"": ""root"", ""pid"": ""196"", ""process"": ""all"", ""resource_instance_id"": ""8057035535632679842"", ""resource_project_id"": ""proyecto-2-cloud-509714"", ""resource_type"": ""gce_instance"", ""resource_zone"": ""us-central1-a"", ""vm"": ""8057035535632679842""}",0
2026-09-27T02:41:29.742279Z,"{""command"": ""hwrng"", ""command_line"": """", ""owner"": ""root"", ""pid"": ""196"", ""process"": ""all"", ""resource_instance_id"": ""8057035535632679842"", ""resource_project_id"": ""proyecto-2-cloud-509714"", ""resource_type"": ""gce_instance"", ""resource_zone"": ""us-central1-a"", ""vm"": ""8057035535632679842""}",0
2026-09-27T02:40:59.729891Z,"{""command"": ""hwrng"", ""command_line"": """", ""owner"": ""root"", ""pid"": ""196"", ""process"": ""all"", ""resource_instance_id"": ""8057035535632679842"", ""resource_project_id"": ""proyecto-2-cloud-509714"", ""resource_type"": ""gce_instance"", ""resource_zone"": ""us-central1-a"", ""vm"": ""8057035535632679842""}",0
2026-09-27T02:40:29.728154Z,"{""command"": ""hwrng"", ""command_line"": """", ""owner"": ""root"", ""pid"": ""196"", ""process"": ""all"", ""resource_instance_id"": ""8057035535632679842"", ""resource_project_id"": ""proyecto-2-cloud-509714"", ""resource_type"": ""gce_instance"", ""resource_zone"": ""us-central1-a"", ""vm"": ""8057035535632679842""}",0
2026-09-27T02:39:59.735008Z,"{""command"": ""hwrng"", ""command_line"": """", ""owner"": ""root"", ""pid"": ""196"", ""process"": ""all"", ""resource_instance_id"": ""8057035535632679842"", ""resource_project_id"": ""proyecto-2-cloud-509714"", ""resource_type"": ""gce_instance"", ""resource_zone"": ""us-central1-a"", ""vm"": ""8057035535632679842""}",0
2026-09-27T02:39:29.729827Z,"{""command"": ""hwrng"", ""command_line"": """", ""owner"": ""root"", ""pid"": ""196"", ""process"": ""all"", ""resource_instance_id"": ""8057035535632679842"", ""resource_project_id"": ""proyecto-2-cloud-509714"", ""resource_type"": ""gce_instance"", ""resource_zone"": ""us-central1-a"", ""vm"": ""8057035535632679842""}",0
2026-09-27T02:38:59.735247Z,"{""command"": ""hwrng"", ""command_line"": """", ""owner"": ""root"", ""pid"": ""196"", ""process"": ""all"", ""resource_instance_id"": ""8057035535632679842"", ""resource_project_id"": ""proyecto-2-cloud-509714"", ""resource_type"": ""gce_instance"", ""resource_zone"": ""us-central1-a"", ""vm"": ""8057035535632679842""}",0
2026-09-27T02:38:29.727209Z,"{""command"": ""hwrng"", ""command_line"": """", ""owner"": ""root"", ""pid"": ""196"", ""process"": ""all"", ""resource_instance_id"": ""8057035535632679842"", ""resource_project_id"": ""proyecto-2-cloud-509714"", ""resource_type"": ""gce_instance"", ""resource_zone"": ""us-central1-a"", ""vm"": ""8057035535632679842""}",0
2026-09-27T02:37:59.737660Z,"{""command"": ""hwrng"", ""command_line"": """", ""owner"": ""root"", ""pid"": ""196"", ""process"": ""all"", ""resource_instance_id"": ""8057035535632679842"", ""resource_project_id"": ""proyecto-2-cloud-509714"", ""resource_type"": ""gce_instance"", ""resource_zone"": ""us-central1-a"", ""vm"": ""8057035535632679842""}",0
2026-09-27T02:37:29.731875Z,"{""command"": ""hwrng"", ""command_line"": """", ""owner"": ""root"", ""pid"": ""196"", ""process"": ""all"", ""resource_instance_id"": ""8057035535632679842"", ""resource_project_id"": ""proyecto-2-cloud-509714"", ""resource_type"": ""gce_instance"", ""resource_zone"": ""us-central1-a"", ""vm"": ""8057035535632679842""}",0
2026-09-27T02:36:59.739005Z,"{""command"": ""hwrng"", ""command_line"": """", ""owner"": ""root"", ""pid"": ""196"", ""process"": ""all"", ""resource_instance_id"": ""8057035535632679842"", ""resource_project_id"": ""proyecto-2-cloud-509714"", ""resource_type"": ""gce_instance"", ""resource_zone"": ""us-central1-a"", ""vm"": ""8057035535632679842""}",0
2026-09-27T02:36:29.734110Z,"{""command"": ""hwrng"", ""command_line"": """", ""owner"": ""root"", ""pid"": ""196"", ""process"": ""all"", ""resource_instance_id"": ""8057035535632679842"", ""resource_project_id"": ""proyecto-2-cloud-509714"", ""resource_type"": ""gce_instance"", ""resource_zone"": ""us-central1-a"", ""vm"": ""8057035535632679842""}",0
2026-09-27T02:35:59.726844Z,"{""command"": ""hwrng"", ""command_line"": """", ""owner"": ""root"", ""pid"": ""196"", ""process"": ""all"", ""resource_instance_id"": ""8057035535632679842"", ""resource_project_id"": ""proyecto-2-cloud-509714"", ""resource_type"": ""gce_instance"", ""resource_zone"": ""us-central1-a"", ""vm"": ""8057035535632679842""}",0
2026-09-27T02:35:29.725434Z,"{""command"": ""hwrng"", ""command_line"": """", ""owner"": ""root"", ""pid"": ""196"", ""process"": ""all"", ""resource_instance_id"": ""8057035535632679842"", ""resource_project_id"": ""proyecto-2-cloud-509714"", ""resource_type"": ""gce_instance"", ""resource_zone"": ""us-central1-a"", ""vm"": ""8057035535632679842""}",0
2026-09-27T02:34:59.730423Z,"{""command"": ""hwrng"", ""command_line"": """", ""owner"": ""root"", ""pid"": ""196"", ""process"": ""all"", ""resource_instance_id"": ""8057035535632679842"", ""resource_project_id"": ""proyecto-2-cloud-509714"", ""resource_type"": ""gce_instance"", ""resource_zone"": ""us-central1-a"", ""vm"": ""8057035535632679842""}",0
2026-09-27T02:34:29.729926Z,"{""command"": ""hwrng"", ""command_line"": """", ""owner"": ""root"", ""pid"": ""196"", ""process"": ""all"", ""resource_instance_id"": ""8057035535632679842"", ""resource_project_id"": ""proyecto-2-cloud-509714"", ""resource_type"": ""gce_instance"", ""resource_zone"": ""us-central1-a"", ""vm"": ""8057035535632679842""}",0
2026-09-27T02:33:59.736979Z,"{""command"": ""hwrng"", ""command_line"": """", ""owner"": ""root"", ""pid"": ""196"", ""process"": ""all"", ""resource_instance_id"": ""8057035535632679842"", ""resource_project_id"": ""proyecto-2-cloud-509714"", ""resource_type"": ""gce_instance"", ""resource_zone"": ""us-central1-a"", ""vm"": ""8057035535632679842""}",0
2026-09-27T02:33:29.726191Z,"{""command"": ""hwrng"", ""command_line"": """", ""owner"": ""root"", ""pid"": ""196"", ""process"": ""all"", ""resource_instance_id"": ""8057035535632679842"", ""resource_project_id"": ""proyecto-2-cloud-509714"", ""resource_type"": ""gce_instance"", ""resource_zone"": ""us-central1-a"", ""vm"": ""8057035535632679842""}",0
2026-09-27T02:32:59.743450Z,"{""command"": ""hwrng"", ""command_line"": """", ""owner"": ""root"", ""pid"": ""196"", ""process"": ""all"", ""resource_instance_id"": ""8057035535632679842"", ""resource_project_id"": ""proyecto-2-cloud-509714"", ""resource_type"": ""gce_instance"", ""resource_zone"": ""us-central1-a"", ""vm"": ""8057035535632679842""}",0
2026-09-27T02:32:29.734548Z,"{""command"": ""hwrng"", ""command_line"": """", ""owner"": ""root"", ""pid"": ""196"", ""process"": ""all"", ""resource_instance_id"": ""8057035535632679842"", ""resource_project_id"": ""proyecto-2-cloud-509714"", ""resource_type"": ""gce_instance"", ""resource_zone"": ""us-central1-a"", ""vm"": ""8057035535632679842""}",0
2026-09-27T02:31:59.734883Z,"{""command"": ""hwrng"", ""command_line"": """", ""owner"": ""root"", ""pid"": ""196"", ""process"": ""all"", ""resource_instance_id"": ""8057035535632679842"", ""resource_project_id"": ""proyecto-2-cloud-509714"", ""resource_type"": ""gce_instance"", ""resource_zone"": ""us-central1-a"", ""vm"": ""8057035535632679842""}",0
2026-09-27T02:31:29.729241Z,"{""command"": ""hwrng"", ""command_line"": """", ""owner"": ""root"", ""pid"": ""196"", ""process"": ""all"", ""resource_instance_id"": ""8057035535632679842"", ""resource_project_id"": ""proyecto-2-cloud-509714"", ""resource_type"": ""gce_instance"", ""resource_zone"": ""us-central1-a"", ""vm"": ""8057035535632679842""}",0
2026-09-27T02:30:59.745283Z,"{""command"": ""hwrng"", ""command_line"": """", ""owner"": ""root"", ""pid"": ""196"", ""process"": ""all"", ""resource_instance_id"": ""8057035535632679842"", ""resource_project_id"": ""proyecto-2-cloud-509714"", ""resource_type"": ""gce_instance"", ""resource_zone"": ""us-central1-a"", ""vm"": ""8057035535632679842""}",0
2026-09-27T02:30:29.739952Z,"{""command"": ""hwrng"", ""command_line"": """", ""owner"": ""root"", ""pid"": ""196"", ""process"": ""all"", ""resource_instance_id"": ""8057035535632679842"", ""resource_project_id"": ""proyecto-2-cloud-509714"", ""resource_type"": ""gce_instance"", ""resource_zone"": ""us-central1-a"", ""vm"": ""8057035535632679842""}",0
2026-09-27T02:30:22.326370Z,"{""command"": ""hwrng"", ""command_line"": """", ""owner"": ""root"", ""pid"": ""196"", ""process"": ""all"", ""resource_instance_id"": ""8057035535632679842"", ""resource_project_id"": ""proyecto-2-cloud-509714"", ""resource_type"": ""gce_instance"", ""resource_zone"": ""us-central1-a"", ""vm"": ""8057035535632679842""}",0
2026-09-27T02:49:59.736023Z,"{""command"": ""inet_frag_wq"", ""command_line"": """", ""owner"": ""root"", ""pid"": ""27"", ""process"": ""all"", ""resource_instance_id"": ""8057035535632679842"", ""resource_project_id"": ""proyecto-2-cloud-509714"", ""resource_type"": ""gce_instance"", ""resource_zone"": ""us-central1-a"", ""vm"": ""8057035535632679842""}",0
2026-09-27T02:49:29.733201Z,"{""command"": ""inet_frag_wq"", ""command_line"": """", ""owner"": ""root"", ""pid"": ""27"", ""process"": ""all"", ""resource_instance_id"": ""8057035535632679842"", ""resource_project_id"": ""proyecto-2-cloud-509714"", ""resource_type"": ""gce_instance"", ""resource_zone"": ""us-central1-a"", ""vm"": ""8057035535632679842""}",0
2026-09-27T02:48:59.728337Z,"{""command"": ""inet_frag_wq"", ""command_line"": """", ""owner"": ""root"", ""pid"": ""27"", ""process"": ""all"", ""resource_instance_id"": ""8057035535632679842"", ""resource_project_id"": ""proyecto-2-cloud-509714"", ""resource_type"": ""gce_instance"", ""resource_zone"": ""us-central1-a"", ""vm"": ""8057035535632679842""}",0
2026-09-27T02:48:29.734340Z,"{""command"": ""inet_frag_wq"", ""command_line"": """", ""owner"": ""root"", ""pid"": ""27"", ""process"": ""all"", ""resource_instance_id"": ""8057035535632679842"", ""resource_project_id"": ""proyecto-2-cloud-509714"", ""resource_type"": ""gce_instance"", ""resource_zone"": ""us-central1-a"", ""vm"": ""8057035535632679842""}",0
2026-09-27T02:47:59.732688Z,"{""command"": ""inet_frag_wq"", ""command_line"": """", ""owner"": ""root"", ""pid"": ""27"", ""process"": ""all"", ""resource_instance_id"": ""8057035535632679842"", ""resource_project_id"": ""proyecto-2-cloud-509714"", ""resource_type"": ""gce_instance"", ""resource_zone"": ""us-central1-a"", ""vm"": ""8057035535632679842""}",0
2026-09-27T02:47:29.729207Z,"{""command"": ""inet_frag_wq"", ""command_line"": """", ""owner"": ""root"", ""pid"": ""27"", ""process"": ""all"", ""resource_instance_id"": ""8057035535632679842"", ""resource_project_id"": ""proyecto-2-cloud-509714"", ""resource_type"": ""gce_instance"", ""resource_zone"": ""us-central1-a"", ""vm"": ""8057035535632679842""}",0
2026-09-27T02:46:59.739774Z,"{""command"": ""inet_frag_wq"", ""command_line"": """", ""owner"": ""root"", ""pid"": ""27"", ""process"": ""all"", ""resource_instance_id"": ""8057035535632679842"", ""resource_project_id"": ""proyecto-2-cloud-509714"", ""resource_type"": ""gce_instance"", ""resource_zone"": ""us-central1-a"", ""vm"": ""8057035535632679842""}",0
2026-09-27T02:46:29.734511Z,"{""command"": ""inet_frag_wq"", ""command_line"": """", ""owner"": ""root"", ""pid"": ""27"", ""process"": ""all"", ""resource_instance_id"": ""8057035535632679842"", ""resource_project_id"": ""proyecto-2-cloud-509714"", ""resource_type"": ""gce_instance"", ""resource_zone"": ""us-central1-a"", ""vm"": ""8057035535632679842""}",0
2026-09-27T02:45:59.729283Z,"{""command"": ""inet_frag_wq"", ""command_line"": """", ""owner"": ""root"", ""pid"": ""27"", ""process"": ""all"", ""resource_instance_id"": ""8057035535632679842"", ""resource_project_id"": ""proyecto-2-cloud-509714"", ""resource_type"": ""gce_instance"", ""resource_zone"": ""us-central1-a"", ""vm"": ""8057035535632679842""}",0
2026-09-27T02:45:29.735125Z,"{""command"": ""inet_frag_wq"", ""command_line"": """", ""owner"": ""root"", ""pid"": ""27"", ""process"": ""all"", ""resource_instance_id"": ""8057035535632679842"", ""resource_project_id"": ""proyecto-2-cloud-509714"", ""resource_type"": ""gce_instance"", ""resource_zone"": ""us-central1-a"", ""vm"": ""8057035535632679842""}",0
2026-09-27T02:44:59.740312Z,"{""command"": ""inet_frag_wq"", ""command_line"": """", ""owner"": ""root"", ""pid"": ""27"", ""process"": ""all"", ""resource_instance_id"": ""8057035535632679842"", ""resource_project_id"": ""proyecto-2-cloud-509714"", ""resource_type"": ""gce_instance"", ""resource_zone"": ""us-central1-a"", ""vm"": ""8057035535632679842""}",0
2026-09-27T02:44:29.737376Z,"{""command"": ""inet_frag_wq"", ""command_line"": """", ""owner"": ""root"", ""pid"": ""27"", ""process"": ""all"", ""resource_instance_id"": ""8057035535632679842"", ""resource_project_id"": ""proyecto-2-cloud-509714"", ""resource_type"": ""gce_instance"", ""resource_zone"": ""us-central1-a"", ""vm"": ""8057035535632679842""}",0
2026-09-27T02:43:59.739004Z,"{""command"": ""inet_frag_wq"", ""command_line"": """", ""owner"": ""root"", ""pid"": ""27"", ""process"": ""all"", ""resource_instance_id"": ""8057035535632679842"", ""resource_project_id"": ""proyecto-2-cloud-509714"", ""resource_type"": ""gce_instance"", ""resource_zone"": ""us-central1-a"", ""vm"": ""8057035535632679842""}",0
2026-09-27T02:43:29.739369Z,"{""command"": ""inet_frag_wq"", ""command_line"": """", ""owner"": ""root"", ""pid"": ""27"", ""process"": ""all"", ""resource_instance_id"": ""8057035535632679842"", ""resource_project_id"": ""proyecto-2-cloud-509714"", ""resource_type"": ""gce_instance"", ""resource_zone"": ""us-central1-a"", ""vm"": ""8057035535632679842""}",0
2026-09-27T02:42:59.733377Z,"{""command"": ""inet_frag_wq"", ""command_line"": """", ""owner"": ""root"", ""pid"": ""27"", ""process"": ""all"", ""resource_instance_id"": ""8057035535632679842"", ""resource_project_id"": ""proyecto-2-cloud-509714"", ""resource_type"": ""gce_instance"", ""resource_zone"": ""us-central1-a"", ""vm"": ""8057035535632679842""}",0
2026-09-27T02:42:29.758225Z,"{""command"": ""inet_frag_wq"", ""command_line"": """", ""owner"": ""root"", ""pid"": ""27"", ""process"": ""all"", ""resource_instance_id"": ""8057035535632679842"", ""resource_project_id"": ""proyecto-2-cloud-509714"", ""resource_type"": ""gce_instance"", ""resource_zone"": ""us-central1-a"", ""vm"": ""8057035535632679842""}",0
2026-09-27T02:41:59.736499Z,"{""command"": ""inet_frag_wq"", ""command_line"": """", ""owner"": ""root"", ""pid"": ""27"", ""process"": ""all"", ""resource_instance_id"": ""8057035535632679842"", ""resource_project_id"": ""proyecto-2-cloud-509714"", ""resource_type"": ""gce_instance"", ""resource_zone"": ""us-central1-a"", ""vm"": ""8057035535632679842""}",0
2026-09-27T02:41:29.740542Z,"{""command"": ""inet_frag_wq"", ""command_line"": """", ""owner"": ""root"", ""pid"": ""27"", ""process"": ""all"", ""resource_instance_id"": ""8057035535632679842"", ""resource_project_id"": ""proyecto-2-cloud-509714"", ""resource_type"": ""gce_instance"", ""resource_zone"": ""us-central1-a"", ""vm"": ""8057035535632679842""}",0
2026-09-27T02:40:59.728242Z,"{""command"": ""inet_frag_wq"", ""command_line"": """", ""owner"": ""root"", ""pid"": ""27"", ""process"": ""all"", ""resource_instance_id"": ""8057035535632679842"", ""resource_project_id"": ""proyecto-2-cloud-509714"", ""resource_type"": ""gce_instance"", ""resource_zone"": ""us-central1-a"", ""vm"": ""8057035535632679842""}",0
2026-09-27T02:40:29.726032Z,"{""command"": ""inet_frag_wq"", ""command_line"": """", ""owner"": ""root"", ""pid"": ""27"", ""process"": ""all"", ""resource_instance_id"": ""8057035535632679842"", ""resource_project_id"": ""proyecto-2-cloud-509714"", ""resource_type"": ""gce_instance"", ""resource_zone"": ""us-central1-a"", ""vm"": ""8057035535632679842""}",0
2026-09-27T02:39:59.731494Z,"{""command"": ""inet_frag_wq"", ""command_line"": """", ""owner"": ""root"", ""pid"": ""27"", ""process"": ""all"", ""resource_instance_id"": ""8057035535632679842"", ""resource_project_id"": ""proyecto-2-cloud-509714"", ""resource_type"": ""gce_instance"", ""resource_zone"": ""us-central1-a"", ""vm"": ""8057035535632679842""}",0
2026-09-27T02:39:29.728279Z,"{""command"": ""inet_frag_wq"", ""command_line"": """", ""owner"": ""root"", ""pid"": ""27"", ""process"": ""all"", ""resource_instance_id"": ""8057035535632679842"", ""resource_project_id"": ""proyecto-2-cloud-509714"", ""resource_type"": ""gce_instance"", ""resource_zone"": ""us-central1-a"", ""vm"": ""8057035535632679842""}",0
2026-09-27T02:38:59.732484Z,"{""command"": ""inet_frag_wq"", ""command_line"": """", ""owner"": ""root"", ""pid"": ""27"", ""process"": ""all"", ""resource_instance_id"": ""8057035535632679842"", ""resource_project_id"": ""proyecto-2-cloud-509714"", ""resource_type"": ""gce_instance"", ""resource_zone"": ""us-central1-a"", ""vm"": ""8057035535632679842""}",0
2026-09-27T02:38:29.725043Z,"{""command"": ""inet_frag_wq"", ""command_line"": """", ""owner"": ""root"", ""pid"": ""27"", ""process"": ""all"", ""resource_instance_id"": ""8057035535632679842"", ""resource_project_id"": ""proyecto-2-cloud-509714"", ""resource_type"": ""gce_instance"", ""resource_zone"": ""us-central1-a"", ""vm"": ""8057035535632679842""}",0
2026-09-27T02:37:59.735827Z,"{""command"": ""inet_frag_wq"", ""command_line"": """", ""owner"": ""root"", ""pid"": ""27"", ""process"": ""all"", ""resource_instance_id"": ""8057035535632679842"", ""resource_project_id"": ""proyecto-2-cloud-509714"", ""resource_type"": ""gce_instance"", ""resource_zone"": ""us-central1-a"", ""vm"": ""8057035535632679842""}",0
2026-09-27T02:37:29.729076Z,"{""command"": ""inet_frag_wq"", ""command_line"": """", ""owner"": ""root"", ""pid"": ""27"", ""process"": ""all"", ""resource_instance_id"": ""8057035535632679842"", ""resource_project_id"": ""proyecto-2-cloud-509714"", ""resource_type"": ""gce_instance"", ""resource_zone"": ""us-central1-a"", ""vm"": ""8057035535632679842""}",0
2026-09-27T02:36:59.736434Z,"{""command"": ""inet_frag_wq"", ""command_line"": """", ""owner"": ""root"", ""pid"": ""27"", ""process"": ""all"", ""resource_instance_id"": ""8057035535632679842"", ""resource_project_id"": ""proyecto-2-cloud-509714"", ""resource_type"": ""gce_instance"", ""resource_zone"": ""us-central1-a"", ""vm"": ""8057035535632679842""}",0
2026-09-27T02:36:29.731481Z,"{""command"": ""inet_frag_wq"", ""command_line"": """", ""owner"": ""root"", ""pid"": ""27"", ""process"": ""all"", ""resource_instance_id"": ""8057035535632679842"", ""resource_project_id"": ""proyecto-2-cloud-509714"", ""resource_type"": ""gce_instance"", ""resource_zone"": ""us-central1-a"", ""vm"": ""8057035535632679842""}",0
2026-09-27T02:35:59.725112Z,"{""command"": ""inet_frag_wq"", ""command_line"": """", ""owner"": ""root"", ""pid"": ""27"", ""process"": ""all"", ""resource_instance_id"": ""8057035535632679842"", ""resource_project_id"": ""proyecto-2-cloud-509714"", ""resource_type"": ""gce_instance"", ""resource_zone"": ""us-central1-a"", ""vm"": ""8057035535632679842""}",0
2026-09-27T02:35:29.723948Z,"{""command"": ""inet_frag_wq"", ""command_line"": """", ""owner"": ""root"", ""pid"": ""27"", ""process"": ""all"", ""resource_instance_id"": ""8057035535632679842"", ""resource_project_id"": ""proyecto-2-cloud-509714"", ""resource_type"": ""gce_instance"", ""resource_zone"": ""us-central1-a"", ""vm"": ""8057035535632679842""}",0
2026-09-27T02:34:59.728537Z,"{""command"": ""inet_frag_wq"", ""command_line"": """", ""owner"": ""root"", ""pid"": ""27"", ""process"": ""all"", ""resource_instance_id"": ""8057035535632679842"", ""resource_project_id"": ""proyecto-2-cloud-509714"", ""resource_type"": ""gce_instance"", ""resource_zone"": ""us-central1-a"", ""vm"": ""8057035535632679842""}",0
2026-09-27T02:34:29.728154Z,"{""command"": ""inet_frag_wq"", ""command_line"": """", ""owner"": ""root"", ""pid"": ""27"", ""process"": ""all"", ""resource_instance_id"": ""8057035535632679842"", ""resource_project_id"": ""proyecto-2-cloud-509714"", ""resource_type"": ""gce_instance"", ""resource_zone"": ""us-central1-a"", ""vm"": ""8057035535632679842""}",0
2026-09-27T02:33:59.735223Z,"{""command"": ""inet_frag_wq"", ""command_line"": """", ""owner"": ""root"", ""pid"": ""27"", ""process"": ""all"", ""resource_instance_id"": ""8057035535632679842"", ""resource_project_id"": ""proyecto-2-cloud-509714"", ""resource_type"": ""gce_instance"", ""resource_zone"": ""us-central1-a"", ""vm"": ""8057035535632679842""}",0
2026-09-27T02:33:29.724651Z,"{""command"": ""inet_frag_wq"", ""command_line"": """", ""owner"": ""root"", ""pid"": ""27"", ""process"": ""all"", ""resource_instance_id"": ""8057035535632679842"", ""resource_project_id"": ""proyecto-2-cloud-509714"", ""resource_type"": ""gce_instance"", ""resource_zone"": ""us-central1-a"", ""vm"": ""8057035535632679842""}",0
2026-09-27T02:32:59.741683Z,"{""command"": ""inet_frag_wq"", ""command_line"": """", ""owner"": ""root"", ""pid"": ""27"", ""process"": ""all"", ""resource_instance_id"": ""8057035535632679842"", ""resource_project_id"": ""proyecto-2-cloud-509714"", ""resource_type"": ""gce_instance"", ""resource_zone"": ""us-central1-a"", ""vm"": ""8057035535632679842""}",0
2026-09-27T02:32:29.732847Z,"{""command"": ""inet_frag_wq"", ""command_line"": """", ""owner"": ""root"", ""pid"": ""27"", ""process"": ""all"", ""resource_instance_id"": ""8057035535632679842"", ""resource_project_id"": ""proyecto-2-cloud-509714"", ""resource_type"": ""gce_instance"", ""resource_zone"": ""us-central1-a"", ""vm"": ""8057035535632679842""}",0
2026-09-27T02:31:59.733149Z,"{""command"": ""inet_frag_wq"", ""command_line"": """", ""owner"": ""root"", ""pid"": ""27"", ""process"": ""all"", ""resource_instance_id"": ""8057035535632679842"", ""resource_project_id"": ""proyecto-2-cloud-509714"", ""resource_type"": ""gce_instance"", ""resource_zone"": ""us-central1-a"", ""vm"": ""8057035535632679842""}",0
2026-09-27T02:31:29.727673Z,"{""command"": ""inet_frag_wq"", ""command_line"": """", ""owner"": ""root"", ""pid"": ""27"", ""process"": ""all"", ""resource_instance_id"": ""8057035535632679842"", ""resource_project_id"": ""proyecto-2-cloud-509714"", ""resource_type"": ""gce_instance"", ""resource_zone"": ""us-central1-a"", ""vm"": ""8057035535632679842""}",0
2026-09-27T02:30:59.742417Z,"{""command"": ""inet_frag_wq"", ""command_line"": """", ""owner"": ""root"", ""pid"": ""27"", ""process"": ""all"", ""resource_instance_id"": ""8057035535632679842"", ""resource_project_id"": ""proyecto-2-cloud-509714"", ""resource_type"": ""gce_instance"", ""resource_zone"": ""us-central1-a"", ""vm"": ""8057035535632679842""}",0
2026-09-27T02:30:29.737939Z,"{""command"": ""inet_frag_wq"", ""command_line"": """", ""owner"": ""root"", ""pid"": ""27"", ""process"": ""all"", ""resource_instance_id"": ""8057035535632679842"", ""resource_project_id"": ""proyecto-2-cloud-509714"", ""resource_type"": ""gce_instance"", ""resource_zone"": ""us-central1-a"", ""vm"": ""8057035535632679842""}",0
2026-09-27T02:30:22.324388Z,"{""command"": ""inet_frag_wq"", ""command_line"": """", ""owner"": ""root"", ""pid"": ""27"", ""process"": ""all"", ""resource_instance_id"": ""8057035535632679842"", ""resource_project_id"": ""proyecto-2-cloud-509714"", ""resource_type"": ""gce_instance"", ""resource_zone"": ""us-central1-a"", ""vm"": ""8057035535632679842""}",0
2026-09-27T02:49:59.742030Z,"{""command"": ""init"", ""command_line"": ""/sbin/tini /bin/sh /init"", ""owner"": ""root"", ""pid"": ""6345"", ""process"": ""all"", ""resource_instance_id"": ""8057035535632679842"", ""resource_project_id"": ""proyecto-2-cloud-509714"", ""resource_type"": ""gce_instance"", ""resource_zone"": ""us-central1-a"", ""vm"": ""8057035535632679842""}",884736
2026-09-27T02:49:29.736967Z,"{""command"": ""init"", ""command_line"": ""/sbin/tini /bin/sh /init"", ""owner"": ""root"", ""pid"": ""6345"", ""process"": ""all"", ""resource_instance_id"": ""8057035535632679842"", ""resource_project_id"": ""proyecto-2-cloud-509714"", ""resource_type"": ""gce_instance"", ""resource_zone"": ""us-central1-a"", ""vm"": ""8057035535632679842""}",884736
2026-09-27T02:48:59.733162Z,"{""command"": ""init"", ""command_line"": ""/sbin/tini /bin/sh /init"", ""owner"": ""root"", ""pid"": ""6345"", ""process"": ""all"", ""resource_instance_id"": ""8057035535632679842"", ""resource_project_id"": ""proyecto-2-cloud-509714"", ""resource_type"": ""gce_instance"", ""resource_zone"": ""us-central1-a"", ""vm"": ""8057035535632679842""}",884736
2026-09-27T02:48:29.739445Z,"{""command"": ""init"", ""command_line"": ""/sbin/tini /bin/sh /init"", ""owner"": ""root"", ""pid"": ""6345"", ""process"": ""all"", ""resource_instance_id"": ""8057035535632679842"", ""resource_project_id"": ""proyecto-2-cloud-509714"", ""resource_type"": ""gce_instance"", ""resource_zone"": ""us-central1-a"", ""vm"": ""8057035535632679842""}",884736
2026-09-27T02:47:59.736628Z,"{""command"": ""init"", ""command_line"": ""/sbin/tini /bin/sh /init"", ""owner"": ""root"", ""pid"": ""6345"", ""process"": ""all"", ""resource_instance_id"": ""8057035535632679842"", ""resource_project_id"": ""proyecto-2-cloud-509714"", ""resource_type"": ""gce_instance"", ""resource_zone"": ""us-central1-a"", ""vm"": ""8057035535632679842""}",884736
2026-09-27T02:47:29.733642Z,"{""command"": ""init"", ""command_line"": ""/sbin/tini /bin/sh /init"", ""owner"": ""root"", ""pid"": ""6345"", ""process"": ""all"", ""resource_instance_id"": ""8057035535632679842"", ""resource_project_id"": ""proyecto-2-cloud-509714"", ""resource_type"": ""gce_instance"", ""resource_zone"": ""us-central1-a"", ""vm"": ""8057035535632679842""}",884736
2026-09-27T02:46:59.744454Z,"{""command"": ""init"", ""command_line"": ""/sbin/tini /bin/sh /init"", ""owner"": ""root"", ""pid"": ""6345"", ""process"": ""all"", ""resource_instance_id"": ""8057035535632679842"", ""resource_project_id"": ""proyecto-2-cloud-509714"", ""resource_type"": ""gce_instance"", ""resource_zone"": ""us-central1-a"", ""vm"": ""8057035535632679842""}",884736
2026-09-27T02:46:29.740884Z,"{""command"": ""init"", ""command_line"": ""/sbin/tini /bin/sh /init"", ""owner"": ""root"", ""pid"": ""6345"", ""process"": ""all"", ""resource_instance_id"": ""8057035535632679842"", ""resource_project_id"": ""proyecto-2-cloud-509714"", ""resource_type"": ""gce_instance"", ""resource_zone"": ""us-central1-a"", ""vm"": ""8057035535632679842""}",884736
2026-09-27T02:45:59.732659Z,"{""command"": ""init"", ""command_line"": ""/sbin/tini /bin/sh /init"", ""owner"": ""root"", ""pid"": ""6345"", ""process"": ""all"", ""resource_instance_id"": ""8057035535632679842"", ""resource_project_id"": ""proyecto-2-cloud-509714"", ""resource_type"": ""gce_instance"", ""resource_zone"": ""us-central1-a"", ""vm"": ""8057035535632679842""}",884736
2026-09-27T02:45:29.738462Z,"{""command"": ""init"", ""command_line"": ""/sbin/tini /bin/sh /init"", ""owner"": ""root"", ""pid"": ""6345"", ""process"": ""all"", ""resource_instance_id"": ""8057035535632679842"", ""resource_project_id"": ""proyecto-2-cloud-509714"", ""resource_type"": ""gce_instance"", ""resource_zone"": ""us-central1-a"", ""vm"": ""8057035535632679842""}",884736
2026-09-27T02:44:59.744316Z,"{""command"": ""init"", ""command_line"": ""/sbin/tini /bin/sh /init"", ""owner"": ""root"", ""pid"": ""6345"", ""process"": ""all"", ""resource_instance_id"": ""8057035535632679842"", ""resource_project_id"": ""proyecto-2-cloud-509714"", ""resource_type"": ""gce_instance"", ""resource_zone"": ""us-central1-a"", ""vm"": ""8057035535632679842""}",884736
2026-09-27T02:44:29.741212Z,"{""command"": ""init"", ""command_line"": ""/sbin/tini /bin/sh /init"", ""owner"": ""root"", ""pid"": ""6345"", ""process"": ""all"", ""resource_instance_id"": ""8057035535632679842"", ""resource_project_id"": ""proyecto-2-cloud-509714"", ""resource_type"": ""gce_instance"", ""resource_zone"": ""us-central1-a"", ""vm"": ""8057035535632679842""}",884736
2026-09-27T02:43:59.743143Z,"{""command"": ""init"", ""command_line"": ""/sbin/tini /bin/sh /init"", ""owner"": ""root"", ""pid"": ""6345"", ""process"": ""all"", ""resource_instance_id"": ""8057035535632679842"", ""resource_project_id"": ""proyecto-2-cloud-509714"", ""resource_type"": ""gce_instance"", ""resource_zone"": ""us-central1-a"", ""vm"": ""8057035535632679842""}",884736
2026-09-27T02:43:29.744462Z,"{""command"": ""init"", ""command_line"": ""/sbin/tini /bin/sh /init"", ""owner"": ""root"", ""pid"": ""6345"", ""process"": ""all"", ""resource_instance_id"": ""8057035535632679842"", ""resource_project_id"": ""proyecto-2-cloud-509714"", ""resource_type"": ""gce_instance"", ""resource_zone"": ""us-central1-a"", ""vm"": ""8057035535632679842""}",884736
2026-09-27T02:42:59.737328Z,"{""command"": ""init"", ""command_line"": ""/sbin/tini /bin/sh /init"", ""owner"": ""root"", ""pid"": ""6345"", ""process"": ""all"", ""resource_instance_id"": ""8057035535632679842"", ""resource_project_id"": ""proyecto-2-cloud-509714"", ""resource_type"": ""gce_instance"", ""resource_zone"": ""us-central1-a"", ""vm"": ""8057035535632679842""}",884736
2026-09-27T02:42:29.763266Z,"{""command"": ""init"", ""command_line"": ""/sbin/tini /bin/sh /init"", ""owner"": ""root"", ""pid"": ""6345"", ""process"": ""all"", ""resource_instance_id"": ""8057035535632679842"", ""resource_project_id"": ""proyecto-2-cloud-509714"", ""resource_type"": ""gce_instance"", ""resource_zone"": ""us-central1-a"", ""vm"": ""8057035535632679842""}",884736
2026-09-27T02:41:59.741055Z,"{""command"": ""init"", ""command_line"": ""/sbin/tini /bin/sh /init"", ""owner"": ""root"", ""pid"": ""6345"", ""process"": ""all"", ""resource_instance_id"": ""8057035535632679842"", ""resource_project_id"": ""proyecto-2-cloud-509714"", ""resource_type"": ""gce_instance"", ""resource_zone"": ""us-central1-a"", ""vm"": ""8057035535632679842""}",884736
2026-09-27T02:41:29.744277Z,"{""command"": ""init"", ""command_line"": ""/sbin/tini /bin/sh /init"", ""owner"": ""root"", ""pid"": ""6345"", ""process"": ""all"", ""resource_instance_id"": ""8057035535632679842"", ""resource_project_id"": ""proyecto-2-cloud-509714"", ""resource_type"": ""gce_instance"", ""resource_zone"": ""us-central1-a"", ""vm"": ""8057035535632679842""}",884736
2026-09-27T02:40:59.733054Z,"{""command"": ""init"", ""command_line"": ""/sbin/tini /bin/sh /init"", ""owner"": ""root"", ""pid"": ""6345"", ""process"": ""all"", ""resource_instance_id"": ""8057035535632679842"", ""resource_project_id"": ""proyecto-2-cloud-509714"", ""resource_type"": ""gce_instance"", ""resource_zone"": ""us-central1-a"", ""vm"": ""8057035535632679842""}",884736
2026-09-27T02:40:29.730301Z,"{""command"": ""init"", ""command_line"": ""/sbin/tini /bin/sh /init"", ""owner"": ""root"", ""pid"": ""6345"", ""process"": ""all"", ""resource_instance_id"": ""8057035535632679842"", ""resource_project_id"": ""proyecto-2-cloud-509714"", ""resource_type"": ""gce_instance"", ""resource_zone"": ""us-central1-a"", ""vm"": ""8057035535632679842""}",884736
2026-09-27T02:39:59.740269Z,"{""command"": ""init"", ""command_line"": ""/sbin/tini /bin/sh /init"", ""owner"": ""root"", ""pid"": ""6345"", ""process"": ""all"", ""resource_instance_id"": ""8057035535632679842"", ""resource_project_id"": ""proyecto-2-cloud-509714"", ""resource_type"": ""gce_instance"", ""resource_zone"": ""us-central1-a"", ""vm"": ""8057035535632679842""}",884736
2026-09-27T02:39:29.731990Z,"{""command"": ""init"", ""command_line"": ""/sbin/tini /bin/sh /init"", ""owner"": ""root"", ""pid"": ""6345"", ""process"": ""all"", ""resource_instance_id"": ""8057035535632679842"", ""resource_project_id"": ""proyecto-2-cloud-509714"", ""resource_type"": ""gce_instance"", ""resource_zone"": ""us-central1-a"", ""vm"": ""8057035535632679842""}",884736
2026-09-27T02:38:59.738969Z,"{""command"": ""init"", ""command_line"": ""/sbin/tini /bin/sh /init"", ""owner"": ""root"", ""pid"": ""6345"", ""process"": ""all"", ""resource_instance_id"": ""8057035535632679842"", ""resource_project_id"": ""proyecto-2-cloud-509714"", ""resource_type"": ""gce_instance"", ""resource_zone"": ""us-central1-a"", ""vm"": ""8057035535632679842""}",884736
2026-09-27T02:38:29.729104Z,"{""command"": ""init"", ""command_line"": ""/sbin/tini /bin/sh /init"", ""owner"": ""root"", ""pid"": ""6345"", ""process"": ""all"", ""resource_instance_id"": ""8057035535632679842"", ""resource_project_id"": ""proyecto-2-cloud-509714"", ""resource_type"": ""gce_instance"", ""resource_zone"": ""us-central1-a"", ""vm"": ""8057035535632679842""}",884736
2026-09-27T02:37:59.739784Z,"{""command"": ""init"", ""command_line"": ""/sbin/tini /bin/sh /init"", ""owner"": ""root"", ""pid"": ""6345"", ""process"": ""all"", ""resource_instance_id"": ""8057035535632679842"", ""resource_project_id"": ""proyecto-2-cloud-509714"", ""resource_type"": ""gce_instance"", ""resource_zone"": ""us-central1-a"", ""vm"": ""8057035535632679842""}",884736
2026-09-27T02:37:29.734045Z,"{""command"": ""init"", ""command_line"": ""/sbin/tini /bin/sh /init"", ""owner"": ""root"", ""pid"": ""6345"", ""process"": ""all"", ""resource_instance_id"": ""8057035535632679842"", ""resource_project_id"": ""proyecto-2-cloud-509714"", ""resource_type"": ""gce_instance"", ""resource_zone"": ""us-central1-a"", ""vm"": ""8057035535632679842""}",884736
2026-09-27T02:36:59.742010Z,"{""command"": ""init"", ""command_line"": ""/sbin/tini /bin/sh /init"", ""owner"": ""root"", ""pid"": ""6345"", ""process"": ""all"", ""resource_instance_id"": ""8057035535632679842"", ""resource_project_id"": ""proyecto-2-cloud-509714"", ""resource_type"": ""gce_instance"", ""resource_zone"": ""us-central1-a"", ""vm"": ""8057035535632679842""}",884736
2026-09-27T02:36:29.737619Z,"{""command"": ""init"", ""command_line"": ""/sbin/tini /bin/sh /init"", ""owner"": ""root"", ""pid"": ""6345"", ""process"": ""all"", ""resource_instance_id"": ""8057035535632679842"", ""resource_project_id"": ""proyecto-2-cloud-509714"", ""resource_type"": ""gce_instance"", ""resource_zone"": ""us-central1-a"", ""vm"": ""8057035535632679842""}",884736
2026-09-27T02:35:59.730197Z,"{""command"": ""init"", ""command_line"": ""/sbin/tini /bin/sh /init"", ""owner"": ""root"", ""pid"": ""6345"", ""process"": ""all"", ""resource_instance_id"": ""8057035535632679842"", ""resource_project_id"": ""proyecto-2-cloud-509714"", ""resource_type"": ""gce_instance"", ""resource_zone"": ""us-central1-a"", ""vm"": ""8057035535632679842""}",884736
2026-09-27T02:35:29.727408Z,"{""command"": ""init"", ""command_line"": ""/sbin/tini /bin/sh /init"", ""owner"": ""root"", ""pid"": ""6345"", ""process"": ""all"", ""resource_instance_id"": ""8057035535632679842"", ""resource_project_id"": ""proyecto-2-cloud-509714"", ""resource_type"": ""gce_instance"", ""resource_zone"": ""us-central1-a"", ""vm"": ""8057035535632679842""}",884736
2026-09-27T02:34:59.733720Z,"{""command"": ""init"", ""command_line"": ""/sbin/tini /bin/sh /init"", ""owner"": ""root"", ""pid"": ""6345"", ""process"": ""all"", ""resource_instance_id"": ""8057035535632679842"", ""resource_project_id"": ""proyecto-2-cloud-509714"", ""resource_type"": ""gce_instance"", ""resource_zone"": ""us-central1-a"", ""vm"": ""8057035535632679842""}",884736
2026-09-27T02:34:29.733420Z,"{""command"": ""init"", ""command_line"": ""/sbin/tini /bin/sh /init"", ""owner"": ""root"", ""pid"": ""6345"", ""process"": ""all"", ""resource_instance_id"": ""8057035535632679842"", ""resource_project_id"": ""proyecto-2-cloud-509714"", ""resource_type"": ""gce_instance"", ""resource_zone"": ""us-central1-a"", ""vm"": ""8057035535632679842""}",884736
2026-09-27T02:33:59.739390Z,"{""command"": ""init"", ""command_line"": ""/sbin/tini /bin/sh /init"", ""owner"": ""root"", ""pid"": ""6345"", ""process"": ""all"", ""resource_instance_id"": ""8057035535632679842"", ""resource_project_id"": ""proyecto-2-cloud-509714"", ""resource_type"": ""gce_instance"", ""resource_zone"": ""us-central1-a"", ""vm"": ""8057035535632679842""}",884736
2026-09-27T02:33:29.728267Z,"{""command"": ""init"", ""command_line"": ""/sbin/tini /bin/sh /init"", ""owner"": ""root"", ""pid"": ""6345"", ""process"": ""all"", ""resource_instance_id"": ""8057035535632679842"", ""resource_project_id"": ""proyecto-2-cloud-509714"", ""resource_type"": ""gce_instance"", ""resource_zone"": ""us-central1-a"", ""vm"": ""8057035535632679842""}",884736
2026-09-27T02:32:59.745789Z,"{""command"": ""init"", ""command_line"": ""/sbin/tini /bin/sh /init"", ""owner"": ""root"", ""pid"": ""6345"", ""process"": ""all"", ""resource_instance_id"": ""8057035535632679842"", ""resource_project_id"": ""proyecto-2-cloud-509714"", ""resource_type"": ""gce_instance"", ""resource_zone"": ""us-central1-a"", ""vm"": ""8057035535632679842""}",884736
2026-09-27T02:32:29.737362Z,"{""command"": ""init"", ""command_line"": ""/sbin/tini /bin/sh /init"", ""owner"": ""root"", ""pid"": ""6345"", ""process"": ""all"", ""resource_instance_id"": ""8057035535632679842"", ""resource_project_id"": ""proyecto-2-cloud-509714"", ""resource_type"": ""gce_instance"", ""resource_zone"": ""us-central1-a"", ""vm"": ""8057035535632679842""}",884736
2026-09-27T02:31:59.737182Z,"{""command"": ""init"", ""command_line"": ""/sbin/tini /bin/sh /init"", ""owner"": ""root"", ""pid"": ""6345"", ""process"": ""all"", ""resource_instance_id"": ""8057035535632679842"", ""resource_project_id"": ""proyecto-2-cloud-509714"", ""resource_type"": ""gce_instance"", ""resource_zone"": ""us-central1-a"", ""vm"": ""8057035535632679842""}",884736
2026-09-27T02:31:29.731642Z,"{""command"": ""init"", ""command_line"": ""/sbin/tini /bin/sh /init"", ""owner"": ""root"", ""pid"": ""6345"", ""process"": ""all"", ""resource_instance_id"": ""8057035535632679842"", ""resource_project_id"": ""proyecto-2-cloud-509714"", ""resource_type"": ""gce_instance"", ""resource_zone"": ""us-central1-a"", ""vm"": ""8057035535632679842""}",884736
2026-09-27T02:30:59.748227Z,"{""command"": ""init"", ""command_line"": ""/sbin/tini /bin/sh /init"", ""owner"": ""root"", ""pid"": ""6345"", ""process"": ""all"", ""resource_instance_id"": ""8057035535632679842"", ""resource_project_id"": ""proyecto-2-cloud-509714"", ""resource_type"": ""gce_instance"", ""resource_zone"": ""us-central1-a"", ""vm"": ""8057035535632679842""}",884736
2026-09-27T02:30:29.742702Z,"{""command"": ""init"", ""command_line"": ""/sbin/tini /bin/sh /init"", ""owner"": ""root"", ""pid"": ""6345"", ""process"": ""all"", ""resource_instance_id"": ""8057035535632679842"", ""resource_project_id"": ""proyecto-2-cloud-509714"", ""resource_type"": ""gce_instance"", ""resource_zone"": ""us-central1-a"", ""vm"": ""8057035535632679842""}",884736
2026-09-27T02:30:22.329427Z,"{""command"": ""init"", ""command_line"": ""/sbin/tini /bin/sh /init"", ""owner"": ""root"", ""pid"": ""6345"", ""process"": ""all"", ""resource_instance_id"": ""8057035535632679842"", ""resource_project_id"": ""proyecto-2-cloud-509714"", ""resource_type"": ""gce_instance"", ""resource_zone"": ""us-central1-a"", ""vm"": ""8057035535632679842""}",884736
2026-09-27T02:49:59.737908Z,"{""command"": ""ipv6_addrconf"", ""command_line"": """", ""owner"": ""root"", ""pid"": ""60"", ""process"": ""all"", ""resource_instance_id"": ""8057035535632679842"", ""resource_project_id"": ""proyecto-2-cloud-509714"", ""resource_type"": ""gce_instance"", ""resource_zone"": ""us-central1-a"", ""vm"": ""8057035535632679842""}",0
2026-09-27T02:49:29.734498Z,"{""command"": ""ipv6_addrconf"", ""command_line"": """", ""owner"": ""root"", ""pid"": ""60"", ""process"": ""all"", ""resource_instance_id"": ""8057035535632679842"", ""resource_project_id"": ""proyecto-2-cloud-509714"", ""resource_type"": ""gce_instance"", ""resource_zone"": ""us-central1-a"", ""vm"": ""8057035535632679842""}",0
2026-09-27T02:48:59.729418Z,"{""command"": ""ipv6_addrconf"", ""command_line"": """", ""owner"": ""root"", ""pid"": ""60"", ""process"": ""all"", ""resource_instance_id"": ""8057035535632679842"", ""resource_project_id"": ""proyecto-2-cloud-509714"", ""resource_type"": ""gce_instance"", ""resource_zone"": ""us-central1-a"", ""vm"": ""8057035535632679842""}",0
2026-09-27T02:48:29.736269Z,"{""command"": ""ipv6_addrconf"", ""command_line"": """", ""owner"": ""root"", ""pid"": ""60"", ""process"": ""all"", ""resource_instance_id"": ""8057035535632679842"", ""resource_project_id"": ""proyecto-2-cloud-509714"", ""resource_type"": ""gce_instance"", ""resource_zone"": ""us-central1-a"", ""vm"": ""8057035535632679842""}",0
2026-09-27T02:47:59.733936Z,"{""command"": ""ipv6_addrconf"", ""command_line"": """", ""owner"": ""root"", ""pid"": ""60"", ""process"": ""all"", ""resource_instance_id"": ""8057035535632679842"", ""resource_project_id"": ""proyecto-2-cloud-509714"", ""resource_type"": ""gce_instance"", ""resource_zone"": ""us-central1-a"", ""vm"": ""8057035535632679842""}",0
2026-09-27T02:47:29.730965Z,"{""command"": ""ipv6_addrconf"", ""command_line"": """", ""owner"": ""root"", ""pid"": ""60"", ""process"": ""all"", ""resource_instance_id"": ""8057035535632679842"", ""resource_project_id"": ""proyecto-2-cloud-509714"", ""resource_type"": ""gce_instance"", ""resource_zone"": ""us-central1-a"", ""vm"": ""8057035535632679842""}",0
2026-09-27T02:46:59.741489Z,"{""command"": ""ipv6_addrconf"", ""command_line"": """", ""owner"": ""root"", ""pid"": ""60"", ""process"": ""all"", ""resource_instance_id"": ""8057035535632679842"", ""resource_project_id"": ""proyecto-2-cloud-509714"", ""resource_type"": ""gce_instance"", ""resource_zone"": ""us-central1-a"", ""vm"": ""8057035535632679842""}",0
2026-09-27T02:46:29.735879Z,"{""command"": ""ipv6_addrconf"", ""command_line"": """", ""owner"": ""root"", ""pid"": ""60"", ""process"": ""all"", ""resource_instance_id"": ""8057035535632679842"", ""resource_project_id"": ""proyecto-2-cloud-509714"", ""resource_type"": ""gce_instance"", ""resource_zone"": ""us-central1-a"", ""vm"": ""8057035535632679842""}",0
2026-09-27T02:45:59.730419Z,"{""command"": ""ipv6_addrconf"", ""command_line"": """", ""owner"": ""root"", ""pid"": ""60"", ""process"": ""all"", ""resource_instance_id"": ""8057035535632679842"", ""resource_project_id"": ""proyecto-2-cloud-509714"", ""resource_type"": ""gce_instance"", ""resource_zone"": ""us-central1-a"", ""vm"": ""8057035535632679842""}",0
2026-09-27T02:45:29.736248Z,"{""command"": ""ipv6_addrconf"", ""command_line"": """", ""owner"": ""root"", ""pid"": ""60"", ""process"": ""all"", ""resource_instance_id"": ""8057035535632679842"", ""resource_project_id"": ""proyecto-2-cloud-509714"", ""resource_type"": ""gce_instance"", ""resource_zone"": ""us-central1-a"", ""vm"": ""8057035535632679842""}",0
2026-09-27T02:44:59.741556Z,"{""command"": ""ipv6_addrconf"", ""command_line"": """", ""owner"": ""root"", ""pid"": ""60"", ""process"": ""all"", ""resource_instance_id"": ""8057035535632679842"", ""resource_project_id"": ""proyecto-2-cloud-509714"", ""resource_type"": ""gce_instance"", ""resource_zone"": ""us-central1-a"", ""vm"": ""8057035535632679842""}",0
2026-09-27T02:44:29.738722Z,"{""command"": ""ipv6_addrconf"", ""command_line"": """", ""owner"": ""root"", ""pid"": ""60"", ""process"": ""all"", ""resource_instance_id"": ""8057035535632679842"", ""resource_project_id"": ""proyecto-2-cloud-509714"", ""resource_type"": ""gce_instance"", ""resource_zone"": ""us-central1-a"", ""vm"": ""8057035535632679842""}",0
2026-09-27T02:43:59.740269Z,"{""command"": ""ipv6_addrconf"", ""command_line"": """", ""owner"": ""root"", ""pid"": ""60"", ""process"": ""all"", ""resource_instance_id"": ""8057035535632679842"", ""resource_project_id"": ""proyecto-2-cloud-509714"", ""resource_type"": ""gce_instance"", ""resource_zone"": ""us-central1-a"", ""vm"": ""8057035535632679842""}",0
2026-09-27T02:43:29.740890Z,"{""command"": ""ipv6_addrconf"", ""command_line"": """", ""owner"": ""root"", ""pid"": ""60"", ""process"": ""all"", ""resource_instance_id"": ""8057035535632679842"", ""resource_project_id"": ""proyecto-2-cloud-509714"", ""resource_type"": ""gce_instance"", ""resource_zone"": ""us-central1-a"", ""vm"": ""8057035535632679842""}",0
2026-09-27T02:42:59.734742Z,"{""command"": ""ipv6_addrconf"", ""command_line"": """", ""owner"": ""root"", ""pid"": ""60"", ""process"": ""all"", ""resource_instance_id"": ""8057035535632679842"", ""resource_project_id"": ""proyecto-2-cloud-509714"", ""resource_type"": ""gce_instance"", ""resource_zone"": ""us-central1-a"", ""vm"": ""8057035535632679842""}",0
2026-09-27T02:42:29.759726Z,"{""command"": ""ipv6_addrconf"", ""command_line"": """", ""owner"": ""root"", ""pid"": ""60"", ""process"": ""all"", ""resource_instance_id"": ""8057035535632679842"", ""resource_project_id"": ""proyecto-2-cloud-509714"", ""resource_type"": ""gce_instance"", ""resource_zone"": ""us-central1-a"", ""vm"": ""8057035535632679842""}",0
2026-09-27T02:41:59.737962Z,"{""command"": ""ipv6_addrconf"", ""command_line"": """", ""owner"": ""root"", ""pid"": ""60"", ""process"": ""all"", ""resource_instance_id"": ""8057035535632679842"", ""resource_project_id"": ""proyecto-2-cloud-509714"", ""resource_type"": ""gce_instance"", ""resource_zone"": ""us-central1-a"", ""vm"": ""8057035535632679842""}",0
2026-09-27T02:41:29.741757Z,"{""command"": ""ipv6_addrconf"", ""command_line"": """", ""owner"": ""root"", ""pid"": ""60"", ""process"": ""all"", ""resource_instance_id"": ""8057035535632679842"", ""resource_project_id"": ""proyecto-2-cloud-509714"", ""resource_type"": ""gce_instance"", ""resource_zone"": ""us-central1-a"", ""vm"": ""8057035535632679842""}",0
2026-09-27T02:40:59.729474Z,"{""command"": ""ipv6_addrconf"", ""command_line"": """", ""owner"": ""root"", ""pid"": ""60"", ""process"": ""all"", ""resource_instance_id"": ""8057035535632679842"", ""resource_project_id"": ""proyecto-2-cloud-509714"", ""resource_type"": ""gce_instance"", ""resource_zone"": ""us-central1-a"", ""vm"": ""8057035535632679842""}",0
2026-09-27T02:40:29.727693Z,"{""command"": ""ipv6_addrconf"", ""command_line"": """", ""owner"": ""root"", ""pid"": ""60"", ""process"": ""all"", ""resource_instance_id"": ""8057035535632679842"", ""resource_project_id"": ""proyecto-2-cloud-509714"", ""resource_type"": ""gce_instance"", ""resource_zone"": ""us-central1-a"", ""vm"": ""8057035535632679842""}",0
2026-09-27T02:39:59.734181Z,"{""command"": ""ipv6_addrconf"", ""command_line"": """", ""owner"": ""root"", ""pid"": ""60"", ""process"": ""all"", ""resource_instance_id"": ""8057035535632679842"", ""resource_project_id"": ""proyecto-2-cloud-509714"", ""resource_type"": ""gce_instance"", ""resource_zone"": ""us-central1-a"", ""vm"": ""8057035535632679842""}",0
2026-09-27T02:39:29.729420Z,"{""command"": ""ipv6_addrconf"", ""command_line"": """", ""owner"": ""root"", ""pid"": ""60"", ""process"": ""all"", ""resource_instance_id"": ""8057035535632679842"", ""resource_project_id"": ""proyecto-2-cloud-509714"", ""resource_type"": ""gce_instance"", ""resource_zone"": ""us-central1-a"", ""vm"": ""8057035535632679842""}",0
2026-09-27T02:38:59.734392Z,"{""command"": ""ipv6_addrconf"", ""command_line"": """", ""owner"": ""root"", ""pid"": ""60"", ""process"": ""all"", ""resource_instance_id"": ""8057035535632679842"", ""resource_project_id"": ""proyecto-2-cloud-509714"", ""resource_type"": ""gce_instance"", ""resource_zone"": ""us-central1-a"", ""vm"": ""8057035535632679842""}",0
2026-09-27T02:38:29.726737Z,"{""command"": ""ipv6_addrconf"", ""command_line"": """", ""owner"": ""root"", ""pid"": ""60"", ""process"": ""all"", ""resource_instance_id"": ""8057035535632679842"", ""resource_project_id"": ""proyecto-2-cloud-509714"", ""resource_type"": ""gce_instance"", ""resource_zone"": ""us-central1-a"", ""vm"": ""8057035535632679842""}",0
2026-09-27T02:37:59.737174Z,"{""command"": ""ipv6_addrconf"", ""command_line"": """", ""owner"": ""root"", ""pid"": ""60"", ""process"": ""all"", ""resource_instance_id"": ""8057035535632679842"", ""resource_project_id"": ""proyecto-2-cloud-509714"", ""resource_type"": ""gce_instance"", ""resource_zone"": ""us-central1-a"", ""vm"": ""8057035535632679842""}",0
2026-09-27T02:37:29.731366Z,"{""command"": ""ipv6_addrconf"", ""command_line"": """", ""owner"": ""root"", ""pid"": ""60"", ""process"": ""all"", ""resource_instance_id"": ""8057035535632679842"", ""resource_project_id"": ""proyecto-2-cloud-509714"", ""resource_type"": ""gce_instance"", ""resource_zone"": ""us-central1-a"", ""vm"": ""8057035535632679842""}",0
2026-09-27T02:36:59.738267Z,"{""command"": ""ipv6_addrconf"", ""command_line"": """", ""owner"": ""root"", ""pid"": ""60"", ""process"": ""all"", ""resource_instance_id"": ""8057035535632679842"", ""resource_project_id"": ""proyecto-2-cloud-509714"", ""resource_type"": ""gce_instance"", ""resource_zone"": ""us-central1-a"", ""vm"": ""8057035535632679842""}",0
2026-09-27T02:36:29.733380Z,"{""command"": ""ipv6_addrconf"", ""command_line"": """", ""owner"": ""root"", ""pid"": ""60"", ""process"": ""all"", ""resource_instance_id"": ""8057035535632679842"", ""resource_project_id"": ""proyecto-2-cloud-509714"", ""resource_type"": ""gce_instance"", ""resource_zone"": ""us-central1-a"", ""vm"": ""8057035535632679842""}",0
2026-09-27T02:35:59.726316Z,"{""command"": ""ipv6_addrconf"", ""command_line"": """", ""owner"": ""root"", ""pid"": ""60"", ""process"": ""all"", ""resource_instance_id"": ""8057035535632679842"", ""resource_project_id"": ""proyecto-2-cloud-509714"", ""resource_type"": ""gce_instance"", ""resource_zone"": ""us-central1-a"", ""vm"": ""8057035535632679842""}",0
2026-09-27T02:35:29.725029Z,"{""command"": ""ipv6_addrconf"", ""command_line"": """", ""owner"": ""root"", ""pid"": ""60"", ""process"": ""all"", ""resource_instance_id"": ""8057035535632679842"", ""resource_project_id"": ""proyecto-2-cloud-509714"", ""resource_type"": ""gce_instance"", ""resource_zone"": ""us-central1-a"", ""vm"": ""8057035535632679842""}",0
2026-09-27T02:34:59.729920Z,"{""command"": ""ipv6_addrconf"", ""command_line"": """", ""owner"": ""root"", ""pid"": ""60"", ""process"": ""all"", ""resource_instance_id"": ""8057035535632679842"", ""resource_project_id"": ""proyecto-2-cloud-509714"", ""resource_type"": ""gce_instance"", ""resource_zone"": ""us-central1-a"", ""vm"": ""8057035535632679842""}",0
2026-09-27T02:34:29.729392Z,"{""command"": ""ipv6_addrconf"", ""command_line"": """", ""owner"": ""root"", ""pid"": ""60"", ""process"": ""all"", ""resource_instance_id"": ""8057035535632679842"", ""resource_project_id"": ""proyecto-2-cloud-509714"", ""resource_type"": ""gce_instance"", ""resource_zone"": ""us-central1-a"", ""vm"": ""8057035535632679842""}",0
2026-09-27T02:33:59.736506Z,"{""command"": ""ipv6_addrconf"", ""command_line"": """", ""owner"": ""root"", ""pid"": ""60"", ""process"": ""all"", ""resource_instance_id"": ""8057035535632679842"", ""resource_project_id"": ""proyecto-2-cloud-509714"", ""resource_type"": ""gce_instance"", ""resource_zone"": ""us-central1-a"", ""vm"": ""8057035535632679842""}",0
2026-09-27T02:33:29.725753Z,"{""command"": ""ipv6_addrconf"", ""command_line"": """", ""owner"": ""root"", ""pid"": ""60"", ""process"": ""all"", ""resource_instance_id"": ""8057035535632679842"", ""resource_project_id"": ""proyecto-2-cloud-509714"", ""resource_type"": ""gce_instance"", ""resource_zone"": ""us-central1-a"", ""vm"": ""8057035535632679842""}",0
2026-09-27T02:32:59.742965Z,"{""command"": ""ipv6_addrconf"", ""command_line"": """", ""owner"": ""root"", ""pid"": ""60"", ""process"": ""all"", ""resource_instance_id"": ""8057035535632679842"", ""resource_project_id"": ""proyecto-2-cloud-509714"", ""resource_type"": ""gce_instance"", ""resource_zone"": ""us-central1-a"", ""vm"": ""8057035535632679842""}",0
2026-09-27T02:32:29.734069Z,"{""command"": ""ipv6_addrconf"", ""command_line"": """", ""owner"": ""root"", ""pid"": ""60"", ""process"": ""all"", ""resource_instance_id"": ""8057035535632679842"", ""resource_project_id"": ""proyecto-2-cloud-509714"", ""resource_type"": ""gce_instance"", ""resource_zone"": ""us-central1-a"", ""vm"": ""8057035535632679842""}",0
2026-09-27T02:31:59.734259Z,"{""command"": ""ipv6_addrconf"", ""command_line"": """", ""owner"": ""root"", ""pid"": ""60"", ""process"": ""all"", ""resource_instance_id"": ""8057035535632679842"", ""resource_project_id"": ""proyecto-2-cloud-509714"", ""resource_type"": ""gce_instance"", ""resource_zone"": ""us-central1-a"", ""vm"": ""8057035535632679842""}",0
2026-09-27T02:31:29.728825Z,"{""command"": ""ipv6_addrconf"", ""command_line"": """", ""owner"": ""root"", ""pid"": ""60"", ""process"": ""all"", ""resource_instance_id"": ""8057035535632679842"", ""resource_project_id"": ""proyecto-2-cloud-509714"", ""resource_type"": ""gce_instance"", ""resource_zone"": ""us-central1-a"", ""vm"": ""8057035535632679842""}",0
2026-09-27T02:30:59.744409Z,"{""command"": ""ipv6_addrconf"", ""command_line"": """", ""owner"": ""root"", ""pid"": ""60"", ""process"": ""all"", ""resource_instance_id"": ""8057035535632679842"", ""resource_project_id"": ""proyecto-2-cloud-509714"", ""resource_type"": ""gce_instance"", ""resource_zone"": ""us-central1-a"", ""vm"": ""8057035535632679842""}",0
2026-09-27T02:30:29.739405Z,"{""command"": ""ipv6_addrconf"", ""command_line"": """", ""owner"": ""root"", ""pid"": ""60"", ""process"": ""all"", ""resource_instance_id"": ""8057035535632679842"", ""resource_project_id"": ""proyecto-2-cloud-509714"", ""resource_type"": ""gce_instance"", ""resource_zone"": ""us-central1-a"", ""vm"": ""8057035535632679842""}",0
2026-09-27T02:30:22.325815Z,"{""command"": ""ipv6_addrconf"", ""command_line"": """", ""owner"": ""root"", ""pid"": ""60"", ""process"": ""all"", ""resource_instance_id"": ""8057035535632679842"", ""resource_project_id"": ""proyecto-2-cloud-509714"", ""resource_type"": ""gce_instance"", ""resource_zone"": ""us-central1-a"", ""vm"": ""8057035535632679842""}",0
2026-09-27T02:49:59.738456Z,"{""command"": ""jbd2/sda1-8"", ""command_line"": """", ""owner"": ""root"", ""pid"": ""184"", ""process"": ""all"", ""resource_instance_id"": ""8057035535632679842"", ""resource_project_id"": ""proyecto-2-cloud-509714"", ""resource_type"": ""gce_instance"", ""resource_zone"": ""us-central1-a"", ""vm"": ""8057035535632679842""}",0
2026-09-27T02:49:29.734896Z,"{""command"": ""jbd2/sda1-8"", ""command_line"": """", ""owner"": ""root"", ""pid"": ""184"", ""process"": ""all"", ""resource_instance_id"": ""8057035535632679842"", ""resource_project_id"": ""proyecto-2-cloud-509714"", ""resource_type"": ""gce_instance"", ""resource_zone"": ""us-central1-a"", ""vm"": ""8057035535632679842""}",0
2026-09-27T02:48:59.729731Z,"{""command"": ""jbd2/sda1-8"", ""command_line"": """", ""owner"": ""root"", ""pid"": ""184"", ""process"": ""all"", ""resource_instance_id"": ""8057035535632679842"", ""resource_project_id"": ""proyecto-2-cloud-509714"", ""resource_type"": ""gce_instance"", ""resource_zone"": ""us-central1-a"", ""vm"": ""8057035535632679842""}",0
2026-09-27T02:48:29.736628Z,"{""command"": ""jbd2/sda1-8"", ""command_line"": """", ""owner"": ""root"", ""pid"": ""184"", ""process"": ""all"", ""resource_instance_id"": ""8057035535632679842"", ""resource_project_id"": ""proyecto-2-cloud-509714"", ""resource_type"": ""gce_instance"", ""resource_zone"": ""us-central1-a"", ""vm"": ""8057035535632679842""}",0
2026-09-27T02:47:59.734259Z,"{""command"": ""jbd2/sda1-8"", ""command_line"": """", ""owner"": ""root"", ""pid"": ""184"", ""process"": ""all"", ""resource_instance_id"": ""8057035535632679842"", ""resource_project_id"": ""proyecto-2-cloud-509714"", ""resource_type"": ""gce_instance"", ""resource_zone"": ""us-central1-a"", ""vm"": ""8057035535632679842""}",0
2026-09-27T02:47:29.731476Z,"{""command"": ""jbd2/sda1-8"", ""command_line"": """", ""owner"": ""root"", ""pid"": ""184"", ""process"": ""all"", ""resource_instance_id"": ""8057035535632679842"", ""resource_project_id"": ""proyecto-2-cloud-509714"", ""resource_type"": ""gce_instance"", ""resource_zone"": ""us-central1-a"", ""vm"": ""8057035535632679842""}",0
2026-09-27T02:46:59.741997Z,"{""command"": ""jbd2/sda1-8"", ""command_line"": """", ""owner"": ""root"", ""pid"": ""184"", ""process"": ""all"", ""resource_instance_id"": ""8057035535632679842"", ""resource_project_id"": ""proyecto-2-cloud-509714"", ""resource_type"": ""gce_instance"", ""resource_zone"": ""us-central1-a"", ""vm"": ""8057035535632679842""}",0
2026-09-27T02:46:29.736201Z,"{""command"": ""jbd2/sda1-8"", ""command_line"": """", ""owner"": ""root"", ""pid"": ""184"", ""process"": ""all"", ""resource_instance_id"": ""8057035535632679842"", ""resource_project_id"": ""proyecto-2-cloud-509714"", ""resource_type"": ""gce_instance"", ""resource_zone"": ""us-central1-a"", ""vm"": ""8057035535632679842""}",0
2026-09-27T02:45:59.730792Z,"{""command"": ""jbd2/sda1-8"", ""command_line"": """", ""owner"": ""root"", ""pid"": ""184"", ""process"": ""all"", ""resource_instance_id"": ""8057035535632679842"", ""resource_project_id"": ""proyecto-2-cloud-509714"", ""resource_type"": ""gce_instance"", ""resource_zone"": ""us-central1-a"", ""vm"": ""8057035535632679842""}",0
2026-09-27T02:45:29.736567Z,"{""command"": ""jbd2/sda1-8"", ""command_line"": """", ""owner"": ""root"", ""pid"": ""184"", ""process"": ""all"", ""resource_instance_id"": ""8057035535632679842"", ""resource_project_id"": ""proyecto-2-cloud-509714"", ""resource_type"": ""gce_instance"", ""resource_zone"": ""us-central1-a"", ""vm"": ""8057035535632679842""}",0
2026-09-27T02:44:59.741948Z,"{""command"": ""jbd2/sda1-8"", ""command_line"": """", ""owner"": ""root"", ""pid"": ""184"", ""process"": ""all"", ""resource_instance_id"": ""8057035535632679842"", ""resource_project_id"": ""proyecto-2-cloud-509714"", ""resource_type"": ""gce_instance"", ""resource_zone"": ""us-central1-a"", ""vm"": ""8057035535632679842""}",0
2026-09-27T02:44:29.739073Z,"{""command"": ""jbd2/sda1-8"", ""command_line"": """", ""owner"": ""root"", ""pid"": ""184"", ""process"": ""all"", ""resource_instance_id"": ""8057035535632679842"", ""resource_project_id"": ""proyecto-2-cloud-509714"", ""resource_type"": ""gce_instance"", ""resource_zone"": ""us-central1-a"", ""vm"": ""8057035535632679842""}",0
2026-09-27T02:43:59.740628Z,"{""command"": ""jbd2/sda1-8"", ""command_line"": """", ""owner"": ""root"", ""pid"": ""184"", ""process"": ""all"", ""resource_instance_id"": ""8057035535632679842"", ""resource_project_id"": ""proyecto-2-cloud-509714"", ""resource_type"": ""gce_instance"", ""resource_zone"": ""us-central1-a"", ""vm"": ""8057035535632679842""}",0
2026-09-27T02:43:29.741279Z,"{""command"": ""jbd2/sda1-8"", ""command_line"": """", ""owner"": ""root"", ""pid"": ""184"", ""process"": ""all"", ""resource_instance_id"": ""8057035535632679842"", ""resource_project_id"": ""proyecto-2-cloud-509714"", ""resource_type"": ""gce_instance"", ""resource_zone"": ""us-central1-a"", ""vm"": ""8057035535632679842""}",0
2026-09-27T02:42:59.735147Z,"{""command"": ""jbd2/sda1-8"", ""command_line"": """", ""owner"": ""root"", ""pid"": ""184"", ""process"": ""all"", ""resource_instance_id"": ""8057035535632679842"", ""resource_project_id"": ""proyecto-2-cloud-509714"", ""resource_type"": ""gce_instance"", ""resource_zone"": ""us-central1-a"", ""vm"": ""8057035535632679842""}",0
2026-09-27T02:42:29.760986Z,"{""command"": ""jbd2/sda1-8"", ""command_line"": """", ""owner"": ""root"", ""pid"": ""184"", ""process"": ""all"", ""resource_instance_id"": ""8057035535632679842"", ""resource_project_id"": ""proyecto-2-cloud-509714"", ""resource_type"": ""gce_instance"", ""resource_zone"": ""us-central1-a"", ""vm"": ""8057035535632679842""}",0
2026-09-27T02:41:59.738366Z,"{""command"": ""jbd2/sda1-8"", ""command_line"": """", ""owner"": ""root"", ""pid"": ""184"", ""process"": ""all"", ""resource_instance_id"": ""8057035535632679842"", ""resource_project_id"": ""proyecto-2-cloud-509714"", ""resource_type"": ""gce_instance"", ""resource_zone"": ""us-central1-a"", ""vm"": ""8057035535632679842""}",0
2026-09-27T02:41:29.742158Z,"{""command"": ""jbd2/sda1-8"", ""command_line"": """", ""owner"": ""root"", ""pid"": ""184"", ""process"": ""all"", ""resource_instance_id"": ""8057035535632679842"", ""resource_project_id"": ""proyecto-2-cloud-509714"", ""resource_type"": ""gce_instance"", ""resource_zone"": ""us-central1-a"", ""vm"": ""8057035535632679842""}",0
2026-09-27T02:40:59.729787Z,"{""command"": ""jbd2/sda1-8"", ""command_line"": """", ""owner"": ""root"", ""pid"": ""184"", ""process"": ""all"", ""resource_instance_id"": ""8057035535632679842"", ""resource_project_id"": ""proyecto-2-cloud-509714"", ""resource_type"": ""gce_instance"", ""resource_zone"": ""us-central1-a"", ""vm"": ""8057035535632679842""}",0
2026-09-27T02:40:29.728021Z,"{""command"": ""jbd2/sda1-8"", ""command_line"": """", ""owner"": ""root"", ""pid"": ""184"", ""process"": ""all"", ""resource_instance_id"": ""8057035535632679842"", ""resource_project_id"": ""proyecto-2-cloud-509714"", ""resource_type"": ""gce_instance"", ""resource_zone"": ""us-central1-a"", ""vm"": ""8057035535632679842""}",0
2026-09-27T02:39:59.734824Z,"{""command"": ""jbd2/sda1-8"", ""command_line"": """", ""owner"": ""root"", ""pid"": ""184"", ""process"": ""all"", ""resource_instance_id"": ""8057035535632679842"", ""resource_project_id"": ""proyecto-2-cloud-509714"", ""resource_type"": ""gce_instance"", ""resource_zone"": ""us-central1-a"", ""vm"": ""8057035535632679842""}",0
2026-09-27T02:39:29.729728Z,"{""command"": ""jbd2/sda1-8"", ""command_line"": """", ""owner"": ""root"", ""pid"": ""184"", ""process"": ""all"", ""resource_instance_id"": ""8057035535632679842"", ""resource_project_id"": ""proyecto-2-cloud-509714"", ""resource_type"": ""gce_instance"", ""resource_zone"": ""us-central1-a"", ""vm"": ""8057035535632679842""}",0
2026-09-27T02:38:59.735064Z,"{""command"": ""jbd2/sda1-8"", ""command_line"": """", ""owner"": ""root"", ""pid"": ""184"", ""process"": ""all"", ""resource_instance_id"": ""8057035535632679842"", ""resource_project_id"": ""proyecto-2-cloud-509714"", ""resource_type"": ""gce_instance"", ""resource_zone"": ""us-central1-a"", ""vm"": ""8057035535632679842""}",0
2026-09-27T02:38:29.727079Z,"{""command"": ""jbd2/sda1-8"", ""command_line"": """", ""owner"": ""root"", ""pid"": ""184"", ""process"": ""all"", ""resource_instance_id"": ""8057035535632679842"", ""resource_project_id"": ""proyecto-2-cloud-509714"", ""resource_type"": ""gce_instance"", ""resource_zone"": ""us-central1-a"", ""vm"": ""8057035535632679842""}",0
2026-09-27T02:37:59.737509Z,"{""command"": ""jbd2/sda1-8"", ""command_line"": """", ""owner"": ""root"", ""pid"": ""184"", ""process"": ""all"", ""resource_instance_id"": ""8057035535632679842"", ""resource_project_id"": ""proyecto-2-cloud-509714"", ""resource_type"": ""gce_instance"", ""resource_zone"": ""us-central1-a"", ""vm"": ""8057035535632679842""}",0
2026-09-27T02:37:29.731759Z,"{""command"": ""jbd2/sda1-8"", ""command_line"": """", ""owner"": ""root"", ""pid"": ""184"", ""process"": ""all"", ""resource_instance_id"": ""8057035535632679842"", ""resource_project_id"": ""proyecto-2-cloud-509714"", ""resource_type"": ""gce_instance"", ""resource_zone"": ""us-central1-a"", ""vm"": ""8057035535632679842""}",0
2026-09-27T02:36:59.738832Z,"{""command"": ""jbd2/sda1-8"", ""command_line"": """", ""owner"": ""root"", ""pid"": ""184"", ""process"": ""all"", ""resource_instance_id"": ""8057035535632679842"", ""resource_project_id"": ""proyecto-2-cloud-509714"", ""resource_type"": ""gce_instance"", ""resource_zone"": ""us-central1-a"", ""vm"": ""8057035535632679842""}",0
2026-09-27T02:36:29.733931Z,"{""command"": ""jbd2/sda1-8"", ""command_line"": """", ""owner"": ""root"", ""pid"": ""184"", ""process"": ""all"", ""resource_instance_id"": ""8057035535632679842"", ""resource_project_id"": ""proyecto-2-cloud-509714"", ""resource_type"": ""gce_instance"", ""resource_zone"": ""us-central1-a"", ""vm"": ""8057035535632679842""}",0
2026-09-27T02:35:59.726722Z,"{""command"": ""jbd2/sda1-8"", ""command_line"": """", ""owner"": ""root"", ""pid"": ""184"", ""process"": ""all"", ""resource_instance_id"": ""8057035535632679842"", ""resource_project_id"": ""proyecto-2-cloud-509714"", ""resource_type"": ""gce_instance"", ""resource_zone"": ""us-central1-a"", ""vm"": ""8057035535632679842""}",0
2026-09-27T02:35:29.725335Z,"{""command"": ""jbd2/sda1-8"", ""command_line"": """", ""owner"": ""root"", ""pid"": ""184"", ""process"": ""all"", ""resource_instance_id"": ""8057035535632679842"", ""resource_project_id"": ""proyecto-2-cloud-509714"", ""resource_type"": ""gce_instance"", ""resource_zone"": ""us-central1-a"", ""vm"": ""8057035535632679842""}",0
2026-09-27T02:34:59.730301Z,"{""command"": ""jbd2/sda1-8"", ""command_line"": """", ""owner"": ""root"", ""pid"": ""184"", ""process"": ""all"", ""resource_instance_id"": ""8057035535632679842"", ""resource_project_id"": ""proyecto-2-cloud-509714"", ""resource_type"": ""gce_instance"", ""resource_zone"": ""us-central1-a"", ""vm"": ""8057035535632679842""}",0
2026-09-27T02:34:29.729805Z,"{""command"": ""jbd2/sda1-8"", ""command_line"": """", ""owner"": ""root"", ""pid"": ""184"", ""process"": ""all"", ""resource_instance_id"": ""8057035535632679842"", ""resource_project_id"": ""proyecto-2-cloud-509714"", ""resource_type"": ""gce_instance"", ""resource_zone"": ""us-central1-a"", ""vm"": ""8057035535632679842""}",0
2026-09-27T02:33:59.736862Z,"{""command"": ""jbd2/sda1-8"", ""command_line"": """", ""owner"": ""root"", ""pid"": ""184"", ""process"": ""all"", ""resource_instance_id"": ""8057035535632679842"", ""resource_project_id"": ""proyecto-2-cloud-509714"", ""resource_type"": ""gce_instance"", ""resource_zone"": ""us-central1-a"", ""vm"": ""8057035535632679842""}",0
2026-09-27T02:33:29.726086Z,"{""command"": ""jbd2/sda1-8"", ""command_line"": """", ""owner"": ""root"", ""pid"": ""184"", ""process"": ""all"", ""resource_instance_id"": ""8057035535632679842"", ""resource_project_id"": ""proyecto-2-cloud-509714"", ""resource_type"": ""gce_instance"", ""resource_zone"": ""us-central1-a"", ""vm"": ""8057035535632679842""}",0
2026-09-27T02:32:59.743331Z,"{""command"": ""jbd2/sda1-8"", ""command_line"": """", ""owner"": ""root"", ""pid"": ""184"", ""process"": ""all"", ""resource_instance_id"": ""8057035535632679842"", ""resource_project_id"": ""proyecto-2-cloud-509714"", ""resource_type"": ""gce_instance"", ""resource_zone"": ""us-central1-a"", ""vm"": ""8057035535632679842""}",0
2026-09-27T02:32:29.734435Z,"{""command"": ""jbd2/sda1-8"", ""command_line"": """", ""owner"": ""root"", ""pid"": ""184"", ""process"": ""all"", ""resource_instance_id"": ""8057035535632679842"", ""resource_project_id"": ""proyecto-2-cloud-509714"", ""resource_type"": ""gce_instance"", ""resource_zone"": ""us-central1-a"", ""vm"": ""8057035535632679842""}",0
2026-09-27T02:31:59.734723Z,"{""command"": ""jbd2/sda1-8"", ""command_line"": """", ""owner"": ""root"", ""pid"": ""184"", ""process"": ""all"", ""resource_instance_id"": ""8057035535632679842"", ""resource_project_id"": ""proyecto-2-cloud-509714"", ""resource_type"": ""gce_instance"", ""resource_zone"": ""us-central1-a"", ""vm"": ""8057035535632679842""}",0
2026-09-27T02:31:29.729135Z,"{""command"": ""jbd2/sda1-8"", ""command_line"": """", ""owner"": ""root"", ""pid"": ""184"", ""process"": ""all"", ""resource_instance_id"": ""8057035535632679842"", ""resource_project_id"": ""proyecto-2-cloud-509714"", ""resource_type"": ""gce_instance"", ""resource_zone"": ""us-central1-a"", ""vm"": ""8057035535632679842""}",0
2026-09-27T02:30:59.745033Z,"{""command"": ""jbd2/sda1-8"", ""command_line"": """", ""owner"": ""root"", ""pid"": ""184"", ""process"": ""all"", ""resource_instance_id"": ""8057035535632679842"", ""resource_project_id"": ""proyecto-2-cloud-509714"", ""resource_type"": ""gce_instance"", ""resource_zone"": ""us-central1-a"", ""vm"": ""8057035535632679842""}",0
2026-09-27T02:30:29.739835Z,"{""command"": ""jbd2/sda1-8"", ""command_line"": """", ""owner"": ""root"", ""pid"": ""184"", ""process"": ""all"", ""resource_instance_id"": ""8057035535632679842"", ""resource_project_id"": ""proyecto-2-cloud-509714"", ""resource_type"": ""gce_instance"", ""resource_zone"": ""us-central1-a"", ""vm"": ""8057035535632679842""}",0
2026-09-27T02:30:22.326248Z,"{""command"": ""jbd2/sda1-8"", ""command_line"": """", ""owner"": ""root"", ""pid"": ""184"", ""process"": ""all"", ""resource_instance_id"": ""8057035535632679842"", ""resource_project_id"": ""proyecto-2-cloud-509714"", ""resource_type"": ""gce_instance"", ""resource_zone"": ""us-central1-a"", ""vm"": ""8057035535632679842""}",0
2026-09-27T02:49:59.736118Z,"{""command"": ""kauditd"", ""command_line"": """", ""owner"": ""root"", ""pid"": ""28"", ""process"": ""all"", ""resource_instance_id"": ""8057035535632679842"", ""resource_project_id"": ""proyecto-2-cloud-509714"", ""resource_type"": ""gce_instance"", ""resource_zone"": ""us-central1-a"", ""vm"": ""8057035535632679842""}",0
2026-09-27T02:49:29.733259Z,"{""command"": ""kauditd"", ""command_line"": """", ""owner"": ""root"", ""pid"": ""28"", ""process"": ""all"", ""resource_instance_id"": ""8057035535632679842"", ""resource_project_id"": ""proyecto-2-cloud-509714"", ""resource_type"": ""gce_instance"", ""resource_zone"": ""us-central1-a"", ""vm"": ""8057035535632679842""}",0
2026-09-27T02:48:59.728389Z,"{""command"": ""kauditd"", ""command_line"": """", ""owner"": ""root"", ""pid"": ""28"", ""process"": ""all"", ""resource_instance_id"": ""8057035535632679842"", ""resource_project_id"": ""proyecto-2-cloud-509714"", ""resource_type"": ""gce_instance"", ""resource_zone"": ""us-central1-a"", ""vm"": ""8057035535632679842""}",0
2026-09-27T02:48:29.734399Z,"{""command"": ""kauditd"", ""command_line"": """", ""owner"": ""root"", ""pid"": ""28"", ""process"": ""all"", ""resource_instance_id"": ""8057035535632679842"", ""resource_project_id"": ""proyecto-2-cloud-509714"", ""resource_type"": ""gce_instance"", ""resource_zone"": ""us-central1-a"", ""vm"": ""8057035535632679842""}",0
2026-09-27T02:47:59.732742Z,"{""command"": ""kauditd"", ""command_line"": """", ""owner"": ""root"", ""pid"": ""28"", ""process"": ""all"", ""resource_instance_id"": ""8057035535632679842"", ""resource_project_id"": ""proyecto-2-cloud-509714"", ""resource_type"": ""gce_instance"", ""resource_zone"": ""us-central1-a"", ""vm"": ""8057035535632679842""}",0
2026-09-27T02:47:29.729296Z,"{""command"": ""kauditd"", ""command_line"": """", ""owner"": ""root"", ""pid"": ""28"", ""process"": ""all"", ""resource_instance_id"": ""8057035535632679842"", ""resource_project_id"": ""proyecto-2-cloud-509714"", ""resource_type"": ""gce_instance"", ""resource_zone"": ""us-central1-a"", ""vm"": ""8057035535632679842""}",0
2026-09-27T02:46:59.739857Z,"{""command"": ""kauditd"", ""command_line"": """", ""owner"": ""root"", ""pid"": ""28"", ""process"": ""all"", ""resource_instance_id"": ""8057035535632679842"", ""resource_project_id"": ""proyecto-2-cloud-509714"", ""resource_type"": ""gce_instance"", ""resource_zone"": ""us-central1-a"", ""vm"": ""8057035535632679842""}",0
2026-09-27T02:46:29.734607Z,"{""command"": ""kauditd"", ""command_line"": """", ""owner"": ""root"", ""pid"": ""28"", ""process"": ""all"", ""resource_instance_id"": ""8057035535632679842"", ""resource_project_id"": ""proyecto-2-cloud-509714"", ""resource_type"": ""gce_instance"", ""resource_zone"": ""us-central1-a"", ""vm"": ""8057035535632679842""}",0
2026-09-27T02:45:59.729334Z,"{""command"": ""kauditd"", ""command_line"": """", ""owner"": ""root"", ""pid"": ""28"", ""process"": ""all"", ""resource_instance_id"": ""8057035535632679842"", ""resource_project_id"": ""proyecto-2-cloud-509714"", ""resource_type"": ""gce_instance"", ""resource_zone"": ""us-central1-a"", ""vm"": ""8057035535632679842""}",0
2026-09-27T02:45:29.735176Z,"{""command"": ""kauditd"", ""command_line"": """", ""owner"": ""root"", ""pid"": ""28"", ""process"": ""all"", ""resource_instance_id"": ""8057035535632679842"", ""resource_project_id"": ""proyecto-2-cloud-509714"", ""resource_type"": ""gce_instance"", ""resource_zone"": ""us-central1-a"", ""vm"": ""8057035535632679842""}",0
2026-09-27T02:44:59.740370Z,"{""command"": ""kauditd"", ""command_line"": """", ""owner"": ""root"", ""pid"": ""28"", ""process"": ""all"", ""resource_instance_id"": ""8057035535632679842"", ""resource_project_id"": ""proyecto-2-cloud-509714"", ""resource_type"": ""gce_instance"", ""resource_zone"": ""us-central1-a"", ""vm"": ""8057035535632679842""}",0
2026-09-27T02:44:29.737434Z,"{""command"": ""kauditd"", ""command_line"": """", ""owner"": ""root"", ""pid"": ""28"", ""process"": ""all"", ""resource_instance_id"": ""8057035535632679842"", ""resource_project_id"": ""proyecto-2-cloud-509714"", ""resource_type"": ""gce_instance"", ""resource_zone"": ""us-central1-a"", ""vm"": ""8057035535632679842""}",0
2026-09-27T02:43:59.739073Z,"{""command"": ""kauditd"", ""command_line"": """", ""owner"": ""root"", ""pid"": ""28"", ""process"": ""all"", ""resource_instance_id"": ""8057035535632679842"", ""resource_project_id"": ""proyecto-2-cloud-509714"", ""resource_type"": ""gce_instance"", ""resource_zone"": ""us-central1-a"", ""vm"": ""8057035535632679842""}",0
2026-09-27T02:43:29.739440Z,"{""command"": ""kauditd"", ""command_line"": """", ""owner"": ""root"", ""pid"": ""28"", ""process"": ""all"", ""resource_instance_id"": ""8057035535632679842"", ""resource_project_id"": ""proyecto-2-cloud-509714"", ""resource_type"": ""gce_instance"", ""resource_zone"": ""us-central1-a"", ""vm"": ""8057035535632679842""}",0
2026-09-27T02:42:59.733444Z,"{""command"": ""kauditd"", ""command_line"": """", ""owner"": ""root"", ""pid"": ""28"", ""process"": ""all"", ""resource_instance_id"": ""8057035535632679842"", ""resource_project_id"": ""proyecto-2-cloud-509714"", ""resource_type"": ""gce_instance"", ""resource_zone"": ""us-central1-a"", ""vm"": ""8057035535632679842""}",0
2026-09-27T02:42:29.758286Z,"{""command"": ""kauditd"", ""command_line"": """", ""owner"": ""root"", ""pid"": ""28"", ""process"": ""all"", ""resource_instance_id"": ""8057035535632679842"", ""resource_project_id"": ""proyecto-2-cloud-509714"", ""resource_type"": ""gce_instance"", ""resource_zone"": ""us-central1-a"", ""vm"": ""8057035535632679842""}",0
2026-09-27T02:41:59.736669Z,"{""command"": ""kauditd"", ""command_line"": """", ""owner"": ""root"", ""pid"": ""28"", ""process"": ""all"", ""resource_instance_id"": ""8057035535632679842"", ""resource_project_id"": ""proyecto-2-cloud-509714"", ""resource_type"": ""gce_instance"", ""resource_zone"": ""us-central1-a"", ""vm"": ""8057035535632679842""}",0
2026-09-27T02:41:29.740600Z,"{""command"": ""kauditd"", ""command_line"": """", ""owner"": ""root"", ""pid"": ""28"", ""process"": ""all"", ""resource_instance_id"": ""8057035535632679842"", ""resource_project_id"": ""proyecto-2-cloud-509714"", ""resource_type"": ""gce_instance"", ""resource_zone"": ""us-central1-a"", ""vm"": ""8057035535632679842""}",0
2026-09-27T02:40:59.728362Z,"{""command"": ""kauditd"", ""command_line"": """", ""owner"": ""root"", ""pid"": ""28"", ""process"": ""all"", ""resource_instance_id"": ""8057035535632679842"", ""resource_project_id"": ""proyecto-2-cloud-509714"", ""resource_type"": ""gce_instance"", ""resource_zone"": ""us-central1-a"", ""vm"": ""8057035535632679842""}",0
2026-09-27T02:40:29.726090Z,"{""command"": ""kauditd"", ""command_line"": """", ""owner"": ""root"", ""pid"": ""28"", ""process"": ""all"", ""resource_instance_id"": ""8057035535632679842"", ""resource_project_id"": ""proyecto-2-cloud-509714"", ""resource_type"": ""gce_instance"", ""resource_zone"": ""us-central1-a"", ""vm"": ""8057035535632679842""}",0
2026-09-27T02:39:59.731595Z,"{""command"": ""kauditd"", ""command_line"": """", ""owner"": ""root"", ""pid"": ""28"", ""process"": ""all"", ""resource_instance_id"": ""8057035535632679842"", ""resource_project_id"": ""proyecto-2-cloud-509714"", ""resource_type"": ""gce_instance"", ""resource_zone"": ""us-central1-a"", ""vm"": ""8057035535632679842""}",0
2026-09-27T02:39:29.728346Z,"{""command"": ""kauditd"", ""command_line"": """", ""owner"": ""root"", ""pid"": ""28"", ""process"": ""all"", ""resource_instance_id"": ""8057035535632679842"", ""resource_project_id"": ""proyecto-2-cloud-509714"", ""resource_type"": ""gce_instance"", ""resource_zone"": ""us-central1-a"", ""vm"": ""8057035535632679842""}",0
2026-09-27T02:38:59.732582Z,"{""command"": ""kauditd"", ""command_line"": """", ""owner"": ""root"", ""pid"": ""28"", ""process"": ""all"", ""resource_instance_id"": ""8057035535632679842"", ""resource_project_id"": ""proyecto-2-cloud-509714"", ""resource_type"": ""gce_instance"", ""resource_zone"": ""us-central1-a"", ""vm"": ""8057035535632679842""}",0
2026-09-27T02:38:29.725142Z,"{""command"": ""kauditd"", ""command_line"": """", ""owner"": ""root"", ""pid"": ""28"", ""process"": ""all"", ""resource_instance_id"": ""8057035535632679842"", ""resource_project_id"": ""proyecto-2-cloud-509714"", ""resource_type"": ""gce_instance"", ""resource_zone"": ""us-central1-a"", ""vm"": ""8057035535632679842""}",0
2026-09-27T02:37:59.735884Z,"{""command"": ""kauditd"", ""command_line"": """", ""owner"": ""root"", ""pid"": ""28"", ""process"": ""all"", ""resource_instance_id"": ""8057035535632679842"", ""resource_project_id"": ""proyecto-2-cloud-509714"", ""resource_type"": ""gce_instance"", ""resource_zone"": ""us-central1-a"", ""vm"": ""8057035535632679842""}",0
2026-09-27T02:37:29.729161Z,"{""command"": ""kauditd"", ""command_line"": """", ""owner"": ""root"", ""pid"": ""28"", ""process"": ""all"", ""resource_instance_id"": ""8057035535632679842"", ""resource_project_id"": ""proyecto-2-cloud-509714"", ""resource_type"": ""gce_instance"", ""resource_zone"": ""us-central1-a"", ""vm"": ""8057035535632679842""}",0
2026-09-27T02:36:59.736522Z,"{""command"": ""kauditd"", ""command_line"": """", ""owner"": ""root"", ""pid"": ""28"", ""process"": ""all"", ""resource_instance_id"": ""8057035535632679842"", ""resource_project_id"": ""proyecto-2-cloud-509714"", ""resource_type"": ""gce_instance"", ""resource_zone"": ""us-central1-a"", ""vm"": ""8057035535632679842""}",0
2026-09-27T02:36:29.731581Z,"{""command"": ""kauditd"", ""command_line"": """", ""owner"": ""root"", ""pid"": ""28"", ""process"": ""all"", ""resource_instance_id"": ""8057035535632679842"", ""resource_project_id"": ""proyecto-2-cloud-509714"", ""resource_type"": ""gce_instance"", ""resource_zone"": ""us-central1-a"", ""vm"": ""8057035535632679842""}",0
2026-09-27T02:35:59.725168Z,"{""command"": ""kauditd"", ""command_line"": """", ""owner"": ""root"", ""pid"": ""28"", ""process"": ""all"", ""resource_instance_id"": ""8057035535632679842"", ""resource_project_id"": ""proyecto-2-cloud-509714"", ""resource_type"": ""gce_instance"", ""resource_zone"": ""us-central1-a"", ""vm"": ""8057035535632679842""}",0
2026-09-27T02:35:29.723997Z,"{""command"": ""kauditd"", ""command_line"": """", ""owner"": ""root"", ""pid"": ""28"", ""process"": ""all"", ""resource_instance_id"": ""8057035535632679842"", ""resource_project_id"": ""proyecto-2-cloud-509714"", ""resource_type"": ""gce_instance"", ""resource_zone"": ""us-central1-a"", ""vm"": ""8057035535632679842""}",0
2026-09-27T02:34:59.728629Z,"{""command"": ""kauditd"", ""command_line"": """", ""owner"": ""root"", ""pid"": ""28"", ""process"": ""all"", ""resource_instance_id"": ""8057035535632679842"", ""resource_project_id"": ""proyecto-2-cloud-509714"", ""resource_type"": ""gce_instance"", ""resource_zone"": ""us-central1-a"", ""vm"": ""8057035535632679842""}",0
2026-09-27T02:34:29.728213Z,"{""command"": ""kauditd"", ""command_line"": """", ""owner"": ""root"", ""pid"": ""28"", ""process"": ""all"", ""resource_instance_id"": ""8057035535632679842"", ""resource_project_id"": ""proyecto-2-cloud-509714"", ""resource_type"": ""gce_instance"", ""resource_zone"": ""us-central1-a"", ""vm"": ""8057035535632679842""}",0
2026-09-27T02:33:59.735280Z,"{""command"": ""kauditd"", ""command_line"": """", ""owner"": ""root"", ""pid"": ""28"", ""process"": ""all"", ""resource_instance_id"": ""8057035535632679842"", ""resource_project_id"": ""proyecto-2-cloud-509714"", ""resource_type"": ""gce_instance"", ""resource_zone"": ""us-central1-a"", ""vm"": ""8057035535632679842""}",0
2026-09-27T02:33:29.724701Z,"{""command"": ""kauditd"", ""command_line"": """", ""owner"": ""root"", ""pid"": ""28"", ""process"": ""all"", ""resource_instance_id"": ""8057035535632679842"", ""resource_project_id"": ""proyecto-2-cloud-509714"", ""resource_type"": ""gce_instance"", ""resource_zone"": ""us-central1-a"", ""vm"": ""8057035535632679842""}",0
2026-09-27T02:32:59.741740Z,"{""command"": ""kauditd"", ""command_line"": """", ""owner"": ""root"", ""pid"": ""28"", ""process"": ""all"", ""resource_instance_id"": ""8057035535632679842"", ""resource_project_id"": ""proyecto-2-cloud-509714"", ""resource_type"": ""gce_instance"", ""resource_zone"": ""us-central1-a"", ""vm"": ""8057035535632679842""}",0
2026-09-27T02:32:29.732905Z,"{""command"": ""kauditd"", ""command_line"": """", ""owner"": ""root"", ""pid"": ""28"", ""process"": ""all"", ""resource_instance_id"": ""8057035535632679842"", ""resource_project_id"": ""proyecto-2-cloud-509714"", ""resource_type"": ""gce_instance"", ""resource_zone"": ""us-central1-a"", ""vm"": ""8057035535632679842""}",0
2026-09-27T02:31:59.733202Z,"{""command"": ""kauditd"", ""command_line"": """", ""owner"": ""root"", ""pid"": ""28"", ""process"": ""all"", ""resource_instance_id"": ""8057035535632679842"", ""resource_project_id"": ""proyecto-2-cloud-509714"", ""resource_type"": ""gce_instance"", ""resource_zone"": ""us-central1-a"", ""vm"": ""8057035535632679842""}",0
2026-09-27T02:31:29.727727Z,"{""command"": ""kauditd"", ""command_line"": """", ""owner"": ""root"", ""pid"": ""28"", ""process"": ""all"", ""resource_instance_id"": ""8057035535632679842"", ""resource_project_id"": ""proyecto-2-cloud-509714"", ""resource_type"": ""gce_instance"", ""resource_zone"": ""us-central1-a"", ""vm"": ""8057035535632679842""}",0
2026-09-27T02:30:59.742498Z,"{""command"": ""kauditd"", ""command_line"": """", ""owner"": ""root"", ""pid"": ""28"", ""process"": ""all"", ""resource_instance_id"": ""8057035535632679842"", ""resource_project_id"": ""proyecto-2-cloud-509714"", ""resource_type"": ""gce_instance"", ""resource_zone"": ""us-central1-a"", ""vm"": ""8057035535632679842""}",0
2026-09-27T02:30:29.737996Z,"{""command"": ""kauditd"", ""command_line"": """", ""owner"": ""root"", ""pid"": ""28"", ""process"": ""all"", ""resource_instance_id"": ""8057035535632679842"", ""resource_project_id"": ""proyecto-2-cloud-509714"", ""resource_type"": ""gce_instance"", ""resource_zone"": ""us-central1-a"", ""vm"": ""8057035535632679842""}",0
2026-09-27T02:30:22.324459Z,"{""command"": ""kauditd"", ""command_line"": """", ""owner"": ""root"", ""pid"": ""28"", ""process"": ""all"", ""resource_instance_id"": ""8057035535632679842"", ""resource_project_id"": ""proyecto-2-cloud-509714"", ""resource_type"": ""gce_instance"", ""resource_zone"": ""us-central1-a"", ""vm"": ""8057035535632679842""}",0
2026-09-27T02:49:59.736830Z,"{""command"": ""kblockd"", ""command_line"": """", ""owner"": ""root"", ""pid"": ""38"", ""process"": ""all"", ""resource_instance_id"": ""8057035535632679842"", ""resource_project_id"": ""proyecto-2-cloud-509714"", ""resource_type"": ""gce_instance"", ""resource_zone"": ""us-central1-a"", ""vm"": ""8057035535632679842""}",0
2026-09-27T02:49:29.733763Z,"{""command"": ""kblockd"", ""command_line"": """", ""owner"": ""root"", ""pid"": ""38"", ""process"": ""all"", ""resource_instance_id"": ""8057035535632679842"", ""resource_project_id"": ""proyecto-2-cloud-509714"", ""resource_type"": ""gce_instance"", ""resource_zone"": ""us-central1-a"", ""vm"": ""8057035535632679842""}",0
2026-09-27T02:48:59.728808Z,"{""command"": ""kblockd"", ""command_line"": """", ""owner"": ""root"", ""pid"": ""38"", ""process"": ""all"", ""resource_instance_id"": ""8057035535632679842"", ""resource_project_id"": ""proyecto-2-cloud-509714"", ""resource_type"": ""gce_instance"", ""resource_zone"": ""us-central1-a"", ""vm"": ""8057035535632679842""}",0
2026-09-27T02:48:29.735391Z,"{""command"": ""kblockd"", ""command_line"": """", ""owner"": ""root"", ""pid"": ""38"", ""process"": ""all"", ""resource_instance_id"": ""8057035535632679842"", ""resource_project_id"": ""proyecto-2-cloud-509714"", ""resource_type"": ""gce_instance"", ""resource_zone"": ""us-central1-a"", ""vm"": ""8057035535632679842""}",0
2026-09-27T02:47:59.733242Z,"{""command"": ""kblockd"", ""command_line"": """", ""owner"": ""root"", ""pid"": ""38"", ""process"": ""all"", ""resource_instance_id"": ""8057035535632679842"", ""resource_project_id"": ""proyecto-2-cloud-509714"", ""resource_type"": ""gce_instance"", ""resource_zone"": ""us-central1-a"", ""vm"": ""8057035535632679842""}",0
2026-09-27T02:47:29.729943Z,"{""command"": ""kblockd"", ""command_line"": """", ""owner"": ""root"", ""pid"": ""38"", ""process"": ""all"", ""resource_instance_id"": ""8057035535632679842"", ""resource_project_id"": ""proyecto-2-cloud-509714"", ""resource_type"": ""gce_instance"", ""resource_zone"": ""us-central1-a"", ""vm"": ""8057035535632679842""}",0
2026-09-27T02:46:59.740491Z,"{""command"": ""kblockd"", ""command_line"": """", ""owner"": ""root"", ""pid"": ""38"", ""process"": ""all"", ""resource_instance_id"": ""8057035535632679842"", ""resource_project_id"": ""proyecto-2-cloud-509714"", ""resource_type"": ""gce_instance"", ""resource_zone"": ""us-central1-a"", ""vm"": ""8057035535632679842""}",0
2026-09-27T02:46:29.735197Z,"{""command"": ""kblockd"", ""command_line"": """", ""owner"": ""root"", ""pid"": ""38"", ""process"": ""all"", ""resource_instance_id"": ""8057035535632679842"", ""resource_project_id"": ""proyecto-2-cloud-509714"", ""resource_type"": ""gce_instance"", ""resource_zone"": ""us-central1-a"", ""vm"": ""8057035535632679842""}",0
2026-09-27T02:45:59.729748Z,"{""command"": ""kblockd"", ""command_line"": """", ""owner"": ""root"", ""pid"": ""38"", ""process"": ""all"", ""resource_instance_id"": ""8057035535632679842"", ""resource_project_id"": ""proyecto-2-cloud-509714"", ""resource_type"": ""gce_instance"", ""resource_zone"": ""us-central1-a"", ""vm"": ""8057035535632679842""}",0
2026-09-27T02:45:29.735577Z,"{""command"": ""kblockd"", ""command_line"": """", ""owner"": ""root"", ""pid"": ""38"", ""process"": ""all"", ""resource_instance_id"": ""8057035535632679842"", ""resource_project_id"": ""proyecto-2-cloud-509714"", ""resource_type"": ""gce_instance"", ""resource_zone"": ""us-central1-a"", ""vm"": ""8057035535632679842""}",0
2026-09-27T02:44:59.740864Z,"{""command"": ""kblockd"", ""command_line"": """", ""owner"": ""root"", ""pid"": ""38"", ""process"": ""all"", ""resource_instance_id"": ""8057035535632679842"", ""resource_project_id"": ""proyecto-2-cloud-509714"", ""resource_type"": ""gce_instance"", ""resource_zone"": ""us-central1-a"", ""vm"": ""8057035535632679842""}",0
2026-09-27T02:44:29.737914Z,"{""command"": ""kblockd"", ""command_line"": """", ""owner"": ""root"", ""pid"": ""38"", ""process"": ""all"", ""resource_instance_id"": ""8057035535632679842"", ""resource_project_id"": ""proyecto-2-cloud-509714"", ""resource_type"": ""gce_instance"", ""resource_zone"": ""us-central1-a"", ""vm"": ""8057035535632679842""}",0
2026-09-27T02:43:59.739541Z,"{""command"": ""kblockd"", ""command_line"": """", ""owner"": ""root"", ""pid"": ""38"", ""process"": ""all"", ""resource_instance_id"": ""8057035535632679842"", ""resource_project_id"": ""proyecto-2-cloud-509714"", ""resource_type"": ""gce_instance"", ""resource_zone"": ""us-central1-a"", ""vm"": ""8057035535632679842""}",0
2026-09-27T02:43:29.740038Z,"{""command"": ""kblockd"", ""command_line"": """", ""owner"": ""root"", ""pid"": ""38"", ""process"": ""all"", ""resource_instance_id"": ""8057035535632679842"", ""resource_project_id"": ""proyecto-2-cloud-509714"", ""resource_type"": ""gce_instance"", ""resource_zone"": ""us-central1-a"", ""vm"": ""8057035535632679842""}",0
2026-09-27T02:42:59.733920Z,"{""command"": ""kblockd"", ""command_line"": """", ""owner"": ""root"", ""pid"": ""38"", ""process"": ""all"", ""resource_instance_id"": ""8057035535632679842"", ""resource_project_id"": ""proyecto-2-cloud-509714"", ""resource_type"": ""gce_instance"", ""resource_zone"": ""us-central1-a"", ""vm"": ""8057035535632679842""}",0
2026-09-27T02:42:29.758802Z,"{""command"": ""kblockd"", ""command_line"": """", ""owner"": ""root"", ""pid"": ""38"", ""process"": ""all"", ""resource_instance_id"": ""8057035535632679842"", ""resource_project_id"": ""proyecto-2-cloud-509714"", ""resource_type"": ""gce_instance"", ""resource_zone"": ""us-central1-a"", ""vm"": ""8057035535632679842""}",0
2026-09-27T02:41:59.737181Z,"{""command"": ""kblockd"", ""command_line"": """", ""owner"": ""root"", ""pid"": ""38"", ""process"": ""all"", ""resource_instance_id"": ""8057035535632679842"", ""resource_project_id"": ""proyecto-2-cloud-509714"", ""resource_type"": ""gce_instance"", ""resource_zone"": ""us-central1-a"", ""vm"": ""8057035535632679842""}",0
2026-09-27T02:41:29.741033Z,"{""command"": ""kblockd"", ""command_line"": """", ""owner"": ""root"", ""pid"": ""38"", ""process"": ""all"", ""resource_instance_id"": ""8057035535632679842"", ""resource_project_id"": ""proyecto-2-cloud-509714"", ""resource_type"": ""gce_instance"", ""resource_zone"": ""us-central1-a"", ""vm"": ""8057035535632679842""}",0
2026-09-27T02:40:59.728833Z,"{""command"": ""kblockd"", ""command_line"": """", ""owner"": ""root"", ""pid"": ""38"", ""process"": ""all"", ""resource_instance_id"": ""8057035535632679842"", ""resource_project_id"": ""proyecto-2-cloud-509714"", ""resource_type"": ""gce_instance"", ""resource_zone"": ""us-central1-a"", ""vm"": ""8057035535632679842""}",0
2026-09-27T02:40:29.726981Z,"{""command"": ""kblockd"", ""command_line"": """", ""owner"": ""root"", ""pid"": ""38"", ""process"": ""all"", ""resource_instance_id"": ""8057035535632679842"", ""resource_project_id"": ""proyecto-2-cloud-509714"", ""resource_type"": ""gce_instance"", ""resource_zone"": ""us-central1-a"", ""vm"": ""8057035535632679842""}",0
2026-09-27T02:39:59.732909Z,"{""command"": ""kblockd"", ""command_line"": """", ""owner"": ""root"", ""pid"": ""38"", ""process"": ""all"", ""resource_instance_id"": ""8057035535632679842"", ""resource_project_id"": ""proyecto-2-cloud-509714"", ""resource_type"": ""gce_instance"", ""resource_zone"": ""us-central1-a"", ""vm"": ""8057035535632679842""}",0
2026-09-27T02:39:29.728797Z,"{""command"": ""kblockd"", ""command_line"": """", ""owner"": ""root"", ""pid"": ""38"", ""process"": ""all"", ""resource_instance_id"": ""8057035535632679842"", ""resource_project_id"": ""proyecto-2-cloud-509714"", ""resource_type"": ""gce_instance"", ""resource_zone"": ""us-central1-a"", ""vm"": ""8057035535632679842""}",0
2026-09-27T02:38:59.733332Z,"{""command"": ""kblockd"", ""command_line"": """", ""owner"": ""root"", ""pid"": ""38"", ""process"": ""all"", ""resource_instance_id"": ""8057035535632679842"", ""resource_project_id"": ""proyecto-2-cloud-509714"", ""resource_type"": ""gce_instance"", ""resource_zone"": ""us-central1-a"", ""vm"": ""8057035535632679842""}",0
2026-09-27T02:38:29.725763Z,"{""command"": ""kblockd"", ""command_line"": """", ""owner"": ""root"", ""pid"": ""38"", ""process"": ""all"", ""resource_instance_id"": ""8057035535632679842"", ""resource_project_id"": ""proyecto-2-cloud-509714"", ""resource_type"": ""gce_instance"", ""resource_zone"": ""us-central1-a"", ""vm"": ""8057035535632679842""}",0
2026-09-27T02:37:59.736342Z,"{""command"": ""kblockd"", ""command_line"": """", ""owner"": ""root"", ""pid"": ""38"", ""process"": ""all"", ""resource_instance_id"": ""8057035535632679842"", ""resource_project_id"": ""proyecto-2-cloud-509714"", ""resource_type"": ""gce_instance"", ""resource_zone"": ""us-central1-a"", ""vm"": ""8057035535632679842""}",0
2026-09-27T02:37:29.729862Z,"{""command"": ""kblockd"", ""command_line"": """", ""owner"": ""root"", ""pid"": ""38"", ""process"": ""all"", ""resource_instance_id"": ""8057035535632679842"", ""resource_project_id"": ""proyecto-2-cloud-509714"", ""resource_type"": ""gce_instance"", ""resource_zone"": ""us-central1-a"", ""vm"": ""8057035535632679842""}",0
2026-09-27T02:36:59.737240Z,"{""command"": ""kblockd"", ""command_line"": """", ""owner"": ""root"", ""pid"": ""38"", ""process"": ""all"", ""resource_instance_id"": ""8057035535632679842"", ""resource_project_id"": ""proyecto-2-cloud-509714"", ""resource_type"": ""gce_instance"", ""resource_zone"": ""us-central1-a"", ""vm"": ""8057035535632679842""}",0
2026-09-27T02:36:29.732289Z,"{""command"": ""kblockd"", ""command_line"": """", ""owner"": ""root"", ""pid"": ""38"", ""process"": ""all"", ""resource_instance_id"": ""8057035535632679842"", ""resource_project_id"": ""proyecto-2-cloud-509714"", ""resource_type"": ""gce_instance"", ""resource_zone"": ""us-central1-a"", ""vm"": ""8057035535632679842""}",0
2026-09-27T02:35:59.725602Z,"{""command"": ""kblockd"", ""command_line"": """", ""owner"": ""root"", ""pid"": ""38"", ""process"": ""all"", ""resource_instance_id"": ""8057035535632679842"", ""resource_project_id"": ""proyecto-2-cloud-509714"", ""resource_type"": ""gce_instance"", ""resource_zone"": ""us-central1-a"", ""vm"": ""8057035535632679842""}",0
2026-09-27T02:35:29.724406Z,"{""command"": ""kblockd"", ""command_line"": """", ""owner"": ""root"", ""pid"": ""38"", ""process"": ""all"", ""resource_instance_id"": ""8057035535632679842"", ""resource_project_id"": ""proyecto-2-cloud-509714"", ""resource_type"": ""gce_instance"", ""resource_zone"": ""us-central1-a"", ""vm"": ""8057035535632679842""}",0
2026-09-27T02:34:59.729179Z,"{""command"": ""kblockd"", ""command_line"": """", ""owner"": ""root"", ""pid"": ""38"", ""process"": ""all"", ""resource_instance_id"": ""8057035535632679842"", ""resource_project_id"": ""proyecto-2-cloud-509714"", ""resource_type"": ""gce_instance"", ""resource_zone"": ""us-central1-a"", ""vm"": ""8057035535632679842""}",0
2026-09-27T02:34:29.728692Z,"{""command"": ""kblockd"", ""command_line"": """", ""owner"": ""root"", ""pid"": ""38"", ""process"": ""all"", ""resource_instance_id"": ""8057035535632679842"", ""resource_project_id"": ""proyecto-2-cloud-509714"", ""resource_type"": ""gce_instance"", ""resource_zone"": ""us-central1-a"", ""vm"": ""8057035535632679842""}",0
2026-09-27T02:33:59.735744Z,"{""command"": ""kblockd"", ""command_line"": """", ""owner"": ""root"", ""pid"": ""38"", ""process"": ""all"", ""resource_instance_id"": ""8057035535632679842"", ""resource_project_id"": ""proyecto-2-cloud-509714"", ""resource_type"": ""gce_instance"", ""resource_zone"": ""us-central1-a"", ""vm"": ""8057035535632679842""}",0
2026-09-27T02:33:29.725117Z,"{""command"": ""kblockd"", ""command_line"": """", ""owner"": ""root"", ""pid"": ""38"", ""process"": ""all"", ""resource_instance_id"": ""8057035535632679842"", ""resource_project_id"": ""proyecto-2-cloud-509714"", ""resource_type"": ""gce_instance"", ""resource_zone"": ""us-central1-a"", ""vm"": ""8057035535632679842""}",0
2026-09-27T02:32:59.742185Z,"{""command"": ""kblockd"", ""command_line"": """", ""owner"": ""root"", ""pid"": ""38"", ""process"": ""all"", ""resource_instance_id"": ""8057035535632679842"", ""resource_project_id"": ""proyecto-2-cloud-509714"", ""resource_type"": ""gce_instance"", ""resource_zone"": ""us-central1-a"", ""vm"": ""8057035535632679842""}",0
2026-09-27T02:32:29.733367Z,"{""command"": ""kblockd"", ""command_line"": """", ""owner"": ""root"", ""pid"": ""38"", ""process"": ""all"", ""resource_instance_id"": ""8057035535632679842"", ""resource_project_id"": ""proyecto-2-cloud-509714"", ""resource_type"": ""gce_instance"", ""resource_zone"": ""us-central1-a"", ""vm"": ""8057035535632679842""}",0
2026-09-27T02:31:59.733616Z,"{""command"": ""kblockd"", ""command_line"": """", ""owner"": ""root"", ""pid"": ""38"", ""process"": ""all"", ""resource_instance_id"": ""8057035535632679842"", ""resource_project_id"": ""proyecto-2-cloud-509714"", ""resource_type"": ""gce_instance"", ""resource_zone"": ""us-central1-a"", ""vm"": ""8057035535632679842""}",0
2026-09-27T02:31:29.728192Z,"{""command"": ""kblockd"", ""command_line"": """", ""owner"": ""root"", ""pid"": ""38"", ""process"": ""all"", ""resource_instance_id"": ""8057035535632679842"", ""resource_project_id"": ""proyecto-2-cloud-509714"", ""resource_type"": ""gce_instance"", ""resource_zone"": ""us-central1-a"", ""vm"": ""8057035535632679842""}",0
2026-09-27T02:30:59.743409Z,"{""command"": ""kblockd"", ""command_line"": """", ""owner"": ""root"", ""pid"": ""38"", ""process"": ""all"", ""resource_instance_id"": ""8057035535632679842"", ""resource_project_id"": ""proyecto-2-cloud-509714"", ""resource_type"": ""gce_instance"", ""resource_zone"": ""us-central1-a"", ""vm"": ""8057035535632679842""}",0
2026-09-27T02:30:29.738542Z,"{""command"": ""kblockd"", ""command_line"": """", ""owner"": ""root"", ""pid"": ""38"", ""process"": ""all"", ""resource_instance_id"": ""8057035535632679842"", ""resource_project_id"": ""proyecto-2-cloud-509714"", ""resource_type"": ""gce_instance"", ""resource_zone"": ""us-central1-a"", ""vm"": ""8057035535632679842""}",0
2026-09-27T02:30:22.324962Z,"{""command"": ""kblockd"", ""command_line"": """", ""owner"": ""root"", ""pid"": ""38"", ""process"": ""all"", ""resource_instance_id"": ""8057035535632679842"", ""resource_project_id"": ""proyecto-2-cloud-509714"", ""resource_type"": ""gce_instance"", ""resource_zone"": ""us-central1-a"", ""vm"": ""8057035535632679842""}",0
2026-09-27T02:49:59.736469Z,"{""command"": ""kcompactd0"", ""command_line"": """", ""owner"": ""root"", ""pid"": ""34"", ""process"": ""all"", ""resource_instance_id"": ""8057035535632679842"", ""resource_project_id"": ""proyecto-2-cloud-509714"", ""resource_type"": ""gce_instance"", ""resource_zone"": ""us-central1-a"", ""vm"": ""8057035535632679842""}",0
2026-09-27T02:49:29.733488Z,"{""command"": ""kcompactd0"", ""command_line"": """", ""owner"": ""root"", ""pid"": ""34"", ""process"": ""all"", ""resource_instance_id"": ""8057035535632679842"", ""resource_project_id"": ""proyecto-2-cloud-509714"", ""resource_type"": ""gce_instance"", ""resource_zone"": ""us-central1-a"", ""vm"": ""8057035535632679842""}",0
2026-09-27T02:48:59.728592Z,"{""command"": ""kcompactd0"", ""command_line"": """", ""owner"": ""root"", ""pid"": ""34"", ""process"": ""all"", ""resource_instance_id"": ""8057035535632679842"", ""resource_project_id"": ""proyecto-2-cloud-509714"", ""resource_type"": ""gce_instance"", ""resource_zone"": ""us-central1-a"", ""vm"": ""8057035535632679842""}",0
2026-09-27T02:48:29.734727Z,"{""command"": ""kcompactd0"", ""command_line"": """", ""owner"": ""root"", ""pid"": ""34"", ""process"": ""all"", ""resource_instance_id"": ""8057035535632679842"", ""resource_project_id"": ""proyecto-2-cloud-509714"", ""resource_type"": ""gce_instance"", ""resource_zone"": ""us-central1-a"", ""vm"": ""8057035535632679842""}",0
2026-09-27T02:47:59.732950Z,"{""command"": ""kcompactd0"", ""command_line"": """", ""owner"": ""root"", ""pid"": ""34"", ""process"": ""all"", ""resource_instance_id"": ""8057035535632679842"", ""resource_project_id"": ""proyecto-2-cloud-509714"", ""resource_type"": ""gce_instance"", ""resource_zone"": ""us-central1-a"", ""vm"": ""8057035535632679842""}",0
2026-09-27T02:47:29.729624Z,"{""command"": ""kcompactd0"", ""command_line"": """", ""owner"": ""root"", ""pid"": ""34"", ""process"": ""all"", ""resource_instance_id"": ""8057035535632679842"", ""resource_project_id"": ""proyecto-2-cloud-509714"", ""resource_type"": ""gce_instance"", ""resource_zone"": ""us-central1-a"", ""vm"": ""8057035535632679842""}",0
2026-09-27T02:46:59.740172Z,"{""command"": ""kcompactd0"", ""command_line"": """", ""owner"": ""root"", ""pid"": ""34"", ""process"": ""all"", ""resource_instance_id"": ""8057035535632679842"", ""resource_project_id"": ""proyecto-2-cloud-509714"", ""resource_type"": ""gce_instance"", ""resource_zone"": ""us-central1-a"", ""vm"": ""8057035535632679842""}",0
2026-09-27T02:46:29.734949Z,"{""command"": ""kcompactd0"", ""command_line"": """", ""owner"": ""root"", ""pid"": ""34"", ""process"": ""all"", ""resource_instance_id"": ""8057035535632679842"", ""resource_project_id"": ""proyecto-2-cloud-509714"", ""resource_type"": ""gce_instance"", ""resource_zone"": ""us-central1-a"", ""vm"": ""8057035535632679842""}",0
2026-09-27T02:45:59.729547Z,"{""command"": ""kcompactd0"", ""command_line"": """", ""owner"": ""root"", ""pid"": ""34"", ""process"": ""all"", ""resource_instance_id"": ""8057035535632679842"", ""resource_project_id"": ""proyecto-2-cloud-509714"", ""resource_type"": ""gce_instance"", ""resource_zone"": ""us-central1-a"", ""vm"": ""8057035535632679842""}",0
2026-09-27T02:45:29.735377Z,"{""command"": ""kcompactd0"", ""command_line"": """", ""owner"": ""root"", ""pid"": ""34"", ""process"": ""all"", ""resource_instance_id"": ""8057035535632679842"", ""resource_project_id"": ""proyecto-2-cloud-509714"", ""resource_type"": ""gce_instance"", ""resource_zone"": ""us-central1-a"", ""vm"": ""8057035535632679842""}",0
2026-09-27T02:44:59.740601Z,"{""command"": ""kcompactd0"", ""command_line"": """", ""owner"": ""root"", ""pid"": ""34"", ""process"": ""all"", ""resource_instance_id"": ""8057035535632679842"", ""resource_project_id"": ""proyecto-2-cloud-509714"", ""resource_type"": ""gce_instance"", ""resource_zone"": ""us-central1-a"", ""vm"": ""8057035535632679842""}",0
2026-09-27T02:44:29.737675Z,"{""command"": ""kcompactd0"", ""command_line"": """", ""owner"": ""root"", ""pid"": ""34"", ""process"": ""all"", ""resource_instance_id"": ""8057035535632679842"", ""resource_project_id"": ""proyecto-2-cloud-509714"", ""resource_type"": ""gce_instance"", ""resource_zone"": ""us-central1-a"", ""vm"": ""8057035535632679842""}",0
2026-09-27T02:43:59.739310Z,"{""command"": ""kcompactd0"", ""command_line"": """", ""owner"": ""root"", ""pid"": ""34"", ""process"": ""all"", ""resource_instance_id"": ""8057035535632679842"", ""resource_project_id"": ""proyecto-2-cloud-509714"", ""resource_type"": ""gce_instance"", ""resource_zone"": ""us-central1-a"", ""vm"": ""8057035535632679842""}",0
2026-09-27T02:43:29.739737Z,"{""command"": ""kcompactd0"", ""command_line"": """", ""owner"": ""root"", ""pid"": ""34"", ""process"": ""all"", ""resource_instance_id"": ""8057035535632679842"", ""resource_project_id"": ""proyecto-2-cloud-509714"", ""resource_type"": ""gce_instance"", ""resource_zone"": ""us-central1-a"", ""vm"": ""8057035535632679842""}",0
2026-09-27T02:42:59.733692Z,"{""command"": ""kcompactd0"", ""command_line"": """", ""owner"": ""root"", ""pid"": ""34"", ""process"": ""all"", ""resource_instance_id"": ""8057035535632679842"", ""resource_project_id"": ""proyecto-2-cloud-509714"", ""resource_type"": ""gce_instance"", ""resource_zone"": ""us-central1-a"", ""vm"": ""8057035535632679842""}",0
2026-09-27T02:42:29.758530Z,"{""command"": ""kcompactd0"", ""command_line"": """", ""owner"": ""root"", ""pid"": ""34"", ""process"": ""all"", ""resource_instance_id"": ""8057035535632679842"", ""resource_project_id"": ""proyecto-2-cloud-509714"", ""resource_type"": ""gce_instance"", ""resource_zone"": ""us-central1-a"", ""vm"": ""8057035535632679842""}",0
2026-09-27T02:41:59.736936Z,"{""command"": ""kcompactd0"", ""command_line"": """", ""owner"": ""root"", ""pid"": ""34"", ""process"": ""all"", ""resource_instance_id"": ""8057035535632679842"", ""resource_project_id"": ""proyecto-2-cloud-509714"", ""resource_type"": ""gce_instance"", ""resource_zone"": ""us-central1-a"", ""vm"": ""8057035535632679842""}",0
2026-09-27T02:41:29.740819Z,"{""command"": ""kcompactd0"", ""command_line"": """", ""owner"": ""root"", ""pid"": ""34"", ""process"": ""all"", ""resource_instance_id"": ""8057035535632679842"", ""resource_project_id"": ""proyecto-2-cloud-509714"", ""resource_type"": ""gce_instance"", ""resource_zone"": ""us-central1-a"", ""vm"": ""8057035535632679842""}",0
2026-09-27T02:40:59.728618Z,"{""command"": ""kcompactd0"", ""command_line"": """", ""owner"": ""root"", ""pid"": ""34"", ""process"": ""all"", ""resource_instance_id"": ""8057035535632679842"", ""resource_project_id"": ""proyecto-2-cloud-509714"", ""resource_type"": ""gce_instance"", ""resource_zone"": ""us-central1-a"", ""vm"": ""8057035535632679842""}",0
2026-09-27T02:40:29.726309Z,"{""command"": ""kcompactd0"", ""command_line"": """", ""owner"": ""root"", ""pid"": ""34"", ""process"": ""all"", ""resource_instance_id"": ""8057035535632679842"", ""resource_project_id"": ""proyecto-2-cloud-509714"", ""resource_type"": ""gce_instance"", ""resource_zone"": ""us-central1-a"", ""vm"": ""8057035535632679842""}",0
2026-09-27T02:39:59.732511Z,"{""command"": ""kcompactd0"", ""command_line"": """", ""owner"": ""root"", ""pid"": ""34"", ""process"": ""all"", ""resource_instance_id"": ""8057035535632679842"", ""resource_project_id"": ""proyecto-2-cloud-509714"", ""resource_type"": ""gce_instance"", ""resource_zone"": ""us-central1-a"", ""vm"": ""8057035535632679842""}",0
2026-09-27T02:39:29.728592Z,"{""command"": ""kcompactd0"", ""command_line"": """", ""owner"": ""root"", ""pid"": ""34"", ""process"": ""all"", ""resource_instance_id"": ""8057035535632679842"", ""resource_project_id"": ""proyecto-2-cloud-509714"", ""resource_type"": ""gce_instance"", ""resource_zone"": ""us-central1-a"", ""vm"": ""8057035535632679842""}",0
2026-09-27T02:38:59.732924Z,"{""command"": ""kcompactd0"", ""command_line"": """", ""owner"": ""root"", ""pid"": ""34"", ""process"": ""all"", ""resource_instance_id"": ""8057035535632679842"", ""resource_project_id"": ""proyecto-2-cloud-509714"", ""resource_type"": ""gce_instance"", ""resource_zone"": ""us-central1-a"", ""vm"": ""8057035535632679842""}",0
2026-09-27T02:38:29.725453Z,"{""command"": ""kcompactd0"", ""command_line"": """", ""owner"": ""root"", ""pid"": ""34"", ""process"": ""all"", ""resource_instance_id"": ""8057035535632679842"", ""resource_project_id"": ""proyecto-2-cloud-509714"", ""resource_type"": ""gce_instance"", ""resource_zone"": ""us-central1-a"", ""vm"": ""8057035535632679842""}",0
2026-09-27T02:37:59.736117Z,"{""command"": ""kcompactd0"", ""command_line"": """", ""owner"": ""root"", ""pid"": ""34"", ""process"": ""all"", ""resource_instance_id"": ""8057035535632679842"", ""resource_project_id"": ""proyecto-2-cloud-509714"", ""resource_type"": ""gce_instance"", ""resource_zone"": ""us-central1-a"", ""vm"": ""8057035535632679842""}",0
2026-09-27T02:37:29.729495Z,"{""command"": ""kcompactd0"", ""command_line"": """", ""owner"": ""root"", ""pid"": ""34"", ""process"": ""all"", ""resource_instance_id"": ""8057035535632679842"", ""resource_project_id"": ""proyecto-2-cloud-509714"", ""resource_type"": ""gce_instance"", ""resource_zone"": ""us-central1-a"", ""vm"": ""8057035535632679842""}",0
2026-09-27T02:36:59.736903Z,"{""command"": ""kcompactd0"", ""command_line"": """", ""owner"": ""root"", ""pid"": ""34"", ""process"": ""all"", ""resource_instance_id"": ""8057035535632679842"", ""resource_project_id"": ""proyecto-2-cloud-509714"", ""resource_type"": ""gce_instance"", ""resource_zone"": ""us-central1-a"", ""vm"": ""8057035535632679842""}",0
2026-09-27T02:36:29.731937Z,"{""command"": ""kcompactd0"", ""command_line"": """", ""owner"": ""root"", ""pid"": ""34"", ""process"": ""all"", ""resource_instance_id"": ""8057035535632679842"", ""resource_project_id"": ""proyecto-2-cloud-509714"", ""resource_type"": ""gce_instance"", ""resource_zone"": ""us-central1-a"", ""vm"": ""8057035535632679842""}",0
2026-09-27T02:35:59.725393Z,"{""command"": ""kcompactd0"", ""command_line"": """", ""owner"": ""root"", ""pid"": ""34"", ""process"": ""all"", ""resource_instance_id"": ""8057035535632679842"", ""resource_project_id"": ""proyecto-2-cloud-509714"", ""resource_type"": ""gce_instance"", ""resource_zone"": ""us-central1-a"", ""vm"": ""8057035535632679842""}",0
2026-09-27T02:35:29.724209Z,"{""command"": ""kcompactd0"", ""command_line"": """", ""owner"": ""root"", ""pid"": ""34"", ""process"": ""all"", ""resource_instance_id"": ""8057035535632679842"", ""resource_project_id"": ""proyecto-2-cloud-509714"", ""resource_type"": ""gce_instance"", ""resource_zone"": ""us-central1-a"", ""vm"": ""8057035535632679842""}",0
2026-09-27T02:34:59.728889Z,"{""command"": ""kcompactd0"", ""command_line"": """", ""owner"": ""root"", ""pid"": ""34"", ""process"": ""all"", ""resource_instance_id"": ""8057035535632679842"", ""resource_project_id"": ""proyecto-2-cloud-509714"", ""resource_type"": ""gce_instance"", ""resource_zone"": ""us-central1-a"", ""vm"": ""8057035535632679842""}",0
2026-09-27T02:34:29.728461Z,"{""command"": ""kcompactd0"", ""command_line"": """", ""owner"": ""root"", ""pid"": ""34"", ""process"": ""all"", ""resource_instance_id"": ""8057035535632679842"", ""resource_project_id"": ""proyecto-2-cloud-509714"", ""resource_type"": ""gce_instance"", ""resource_zone"": ""us-central1-a"", ""vm"": ""8057035535632679842""}",0
2026-09-27T02:33:59.735515Z,"{""command"": ""kcompactd0"", ""command_line"": """", ""owner"": ""root"", ""pid"": ""34"", ""process"": ""all"", ""resource_instance_id"": ""8057035535632679842"", ""resource_project_id"": ""proyecto-2-cloud-509714"", ""resource_type"": ""gce_instance"", ""resource_zone"": ""us-central1-a"", ""vm"": ""8057035535632679842""}",0
2026-09-27T02:33:29.724912Z,"{""command"": ""kcompactd0"", ""command_line"": """", ""owner"": ""root"", ""pid"": ""34"", ""process"": ""all"", ""resource_instance_id"": ""8057035535632679842"", ""resource_project_id"": ""proyecto-2-cloud-509714"", ""resource_type"": ""gce_instance"", ""resource_zone"": ""us-central1-a"", ""vm"": ""8057035535632679842""}",0
2026-09-27T02:32:59.741959Z,"{""command"": ""kcompactd0"", ""command_line"": """", ""owner"": ""root"", ""pid"": ""34"", ""process"": ""all"", ""resource_instance_id"": ""8057035535632679842"", ""resource_project_id"": ""proyecto-2-cloud-509714"", ""resource_type"": ""gce_instance"", ""resource_zone"": ""us-central1-a"", ""vm"": ""8057035535632679842""}",0
2026-09-27T02:32:29.733141Z,"{""command"": ""kcompactd0"", ""command_line"": """", ""owner"": ""root"", ""pid"": ""34"", ""process"": ""all"", ""resource_instance_id"": ""8057035535632679842"", ""resource_project_id"": ""proyecto-2-cloud-509714"", ""resource_type"": ""gce_instance"", ""resource_zone"": ""us-central1-a"", ""vm"": ""8057035535632679842""}",0
2026-09-27T02:31:59.733407Z,"{""command"": ""kcompactd0"", ""command_line"": """", ""owner"": ""root"", ""pid"": ""34"", ""process"": ""all"", ""resource_instance_id"": ""8057035535632679842"", ""resource_project_id"": ""proyecto-2-cloud-509714"", ""resource_type"": ""gce_instance"", ""resource_zone"": ""us-central1-a"", ""vm"": ""8057035535632679842""}",0
2026-09-27T02:31:29.727946Z,"{""command"": ""kcompactd0"", ""command_line"": """", ""owner"": ""root"", ""pid"": ""34"", ""process"": ""all"", ""resource_instance_id"": ""8057035535632679842"", ""resource_project_id"": ""proyecto-2-cloud-509714"", ""resource_type"": ""gce_instance"", ""resource_zone"": ""us-central1-a"", ""vm"": ""8057035535632679842""}",0
2026-09-27T02:30:59.742922Z,"{""command"": ""kcompactd0"", ""command_line"": """", ""owner"": ""root"", ""pid"": ""34"", ""process"": ""all"", ""resource_instance_id"": ""8057035535632679842"", ""resource_project_id"": ""proyecto-2-cloud-509714"", ""resource_type"": ""gce_instance"", ""resource_zone"": ""us-central1-a"", ""vm"": ""8057035535632679842""}",0
2026-09-27T02:30:29.738224Z,"{""command"": ""kcompactd0"", ""command_line"": """", ""owner"": ""root"", ""pid"": ""34"", ""process"": ""all"", ""resource_instance_id"": ""8057035535632679842"", ""resource_project_id"": ""proyecto-2-cloud-509714"", ""resource_type"": ""gce_instance"", ""resource_zone"": ""us-central1-a"", ""vm"": ""8057035535632679842""}",0
2026-09-27T02:30:22.324711Z,"{""command"": ""kcompactd0"", ""command_line"": """", ""owner"": ""root"", ""pid"": ""34"", ""process"": ""all"", ""resource_instance_id"": ""8057035535632679842"", ""resource_project_id"": ""proyecto-2-cloud-509714"", ""resource_type"": ""gce_instance"", ""resource_zone"": ""us-central1-a"", ""vm"": ""8057035535632679842""}",0
2026-09-27T02:49:59.735938Z,"{""command"": ""kdevtmpfs"", ""command_line"": """", ""owner"": ""root"", ""pid"": ""26"", ""process"": ""all"", ""resource_instance_id"": ""8057035535632679842"", ""resource_project_id"": ""proyecto-2-cloud-509714"", ""resource_type"": ""gce_instance"", ""resource_zone"": ""us-central1-a"", ""vm"": ""8057035535632679842""}",0
2026-09-27T02:49:29.733131Z,"{""command"": ""kdevtmpfs"", ""command_line"": """", ""owner"": ""root"", ""pid"": ""26"", ""process"": ""all"", ""resource_instance_id"": ""8057035535632679842"", ""resource_project_id"": ""proyecto-2-cloud-509714"", ""resource_type"": ""gce_instance"", ""resource_zone"": ""us-central1-a"", ""vm"": ""8057035535632679842""}",0
2026-09-27T02:48:59.728285Z,"{""command"": ""kdevtmpfs"", ""command_line"": """", ""owner"": ""root"", ""pid"": ""26"", ""process"": ""all"", ""resource_instance_id"": ""8057035535632679842"", ""resource_project_id"": ""proyecto-2-cloud-509714"", ""resource_type"": ""gce_instance"", ""resource_zone"": ""us-central1-a"", ""vm"": ""8057035535632679842""}",0
2026-09-27T02:48:29.734271Z,"{""command"": ""kdevtmpfs"", ""command_line"": """", ""owner"": ""root"", ""pid"": ""26"", ""process"": ""all"", ""resource_instance_id"": ""8057035535632679842"", ""resource_project_id"": ""proyecto-2-cloud-509714"", ""resource_type"": ""gce_instance"", ""resource_zone"": ""us-central1-a"", ""vm"": ""8057035535632679842""}",0
2026-09-27T02:47:59.732609Z,"{""command"": ""kdevtmpfs"", ""command_line"": """", ""owner"": ""root"", ""pid"": ""26"", ""process"": ""all"", ""resource_instance_id"": ""8057035535632679842"", ""resource_project_id"": ""proyecto-2-cloud-509714"", ""resource_type"": ""gce_instance"", ""resource_zone"": ""us-central1-a"", ""vm"": ""8057035535632679842""}",0
2026-09-27T02:47:29.729005Z,"{""command"": ""kdevtmpfs"", ""command_line"": """", ""owner"": ""root"", ""pid"": ""26"", ""process"": ""all"", ""resource_instance_id"": ""8057035535632679842"", ""resource_project_id"": ""proyecto-2-cloud-509714"", ""resource_type"": ""gce_instance"", ""resource_zone"": ""us-central1-a"", ""vm"": ""8057035535632679842""}",0
2026-09-27T02:46:59.739696Z,"{""command"": ""kdevtmpfs"", ""command_line"": """", ""owner"": ""root"", ""pid"": ""26"", ""process"": ""all"", ""resource_instance_id"": ""8057035535632679842"", ""resource_project_id"": ""proyecto-2-cloud-509714"", ""resource_type"": ""gce_instance"", ""resource_zone"": ""us-central1-a"", ""vm"": ""8057035535632679842""}",0
2026-09-27T02:46:29.734450Z,"{""command"": ""kdevtmpfs"", ""command_line"": """", ""owner"": ""root"", ""pid"": ""26"", ""process"": ""all"", ""resource_instance_id"": ""8057035535632679842"", ""resource_project_id"": ""proyecto-2-cloud-509714"", ""resource_type"": ""gce_instance"", ""resource_zone"": ""us-central1-a"", ""vm"": ""8057035535632679842""}",0
2026-09-27T02:45:59.729229Z,"{""command"": ""kdevtmpfs"", ""command_line"": """", ""owner"": ""root"", ""pid"": ""26"", ""process"": ""all"", ""resource_instance_id"": ""8057035535632679842"", ""resource_project_id"": ""proyecto-2-cloud-509714"", ""resource_type"": ""gce_instance"", ""resource_zone"": ""us-central1-a"", ""vm"": ""8057035535632679842""}",0
2026-09-27T02:45:29.735074Z,"{""command"": ""kdevtmpfs"", ""command_line"": """", ""owner"": ""root"", ""pid"": ""26"", ""process"": ""all"", ""resource_instance_id"": ""8057035535632679842"", ""resource_project_id"": ""proyecto-2-cloud-509714"", ""resource_type"": ""gce_instance"", ""resource_zone"": ""us-central1-a"", ""vm"": ""8057035535632679842""}",0
2026-09-27T02:44:59.740256Z,"{""command"": ""kdevtmpfs"", ""command_line"": """", ""owner"": ""root"", ""pid"": ""26"", ""process"": ""all"", ""resource_instance_id"": ""8057035535632679842"", ""resource_project_id"": ""proyecto-2-cloud-509714"", ""resource_type"": ""gce_instance"", ""resource_zone"": ""us-central1-a"", ""vm"": ""8057035535632679842""}",0
2026-09-27T02:44:29.737317Z,"{""command"": ""kdevtmpfs"", ""command_line"": """", ""owner"": ""root"", ""pid"": ""26"", ""process"": ""all"", ""resource_instance_id"": ""8057035535632679842"", ""resource_project_id"": ""proyecto-2-cloud-509714"", ""resource_type"": ""gce_instance"", ""resource_zone"": ""us-central1-a"", ""vm"": ""8057035535632679842""}",0
2026-09-27T02:43:59.738945Z,"{""command"": ""kdevtmpfs"", ""command_line"": """", ""owner"": ""root"", ""pid"": ""26"", ""process"": ""all"", ""resource_instance_id"": ""8057035535632679842"", ""resource_project_id"": ""proyecto-2-cloud-509714"", ""resource_type"": ""gce_instance"", ""resource_zone"": ""us-central1-a"", ""vm"": ""8057035535632679842""}",0
2026-09-27T02:43:29.739248Z,"{""command"": ""kdevtmpfs"", ""command_line"": """", ""owner"": ""root"", ""pid"": ""26"", ""process"": ""all"", ""resource_instance_id"": ""8057035535632679842"", ""resource_project_id"": ""proyecto-2-cloud-509714"", ""resource_type"": ""gce_instance"", ""resource_zone"": ""us-central1-a"", ""vm"": ""8057035535632679842""}",0
2026-09-27T02:42:59.733318Z,"{""command"": ""kdevtmpfs"", ""command_line"": """", ""owner"": ""root"", ""pid"": ""26"", ""process"": ""all"", ""resource_instance_id"": ""8057035535632679842"", ""resource_project_id"": ""proyecto-2-cloud-509714"", ""resource_type"": ""gce_instance"", ""resource_zone"": ""us-central1-a"", ""vm"": ""8057035535632679842""}",0
2026-09-27T02:42:29.758173Z,"{""command"": ""kdevtmpfs"", ""command_line"": """", ""owner"": ""root"", ""pid"": ""26"", ""process"": ""all"", ""resource_instance_id"": ""8057035535632679842"", ""resource_project_id"": ""proyecto-2-cloud-509714"", ""resource_type"": ""gce_instance"", ""resource_zone"": ""us-central1-a"", ""vm"": ""8057035535632679842""}",0
2026-09-27T02:41:59.736433Z,"{""command"": ""kdevtmpfs"", ""command_line"": """", ""owner"": ""root"", ""pid"": ""26"", ""process"": ""all"", ""resource_instance_id"": ""8057035535632679842"", ""resource_project_id"": ""proyecto-2-cloud-509714"", ""resource_type"": ""gce_instance"", ""resource_zone"": ""us-central1-a"", ""vm"": ""8057035535632679842""}",0
2026-09-27T02:41:29.740489Z,"{""command"": ""kdevtmpfs"", ""command_line"": """", ""owner"": ""root"", ""pid"": ""26"", ""process"": ""all"", ""resource_instance_id"": ""8057035535632679842"", ""resource_project_id"": ""proyecto-2-cloud-509714"", ""resource_type"": ""gce_instance"", ""resource_zone"": ""us-central1-a"", ""vm"": ""8057035535632679842""}",0
2026-09-27T02:40:59.728186Z,"{""command"": ""kdevtmpfs"", ""command_line"": """", ""owner"": ""root"", ""pid"": ""26"", ""process"": ""all"", ""resource_instance_id"": ""8057035535632679842"", ""resource_project_id"": ""proyecto-2-cloud-509714"", ""resource_type"": ""gce_instance"", ""resource_zone"": ""us-central1-a"", ""vm"": ""8057035535632679842""}",0
2026-09-27T02:40:29.725973Z,"{""command"": ""kdevtmpfs"", ""command_line"": """", ""owner"": ""root"", ""pid"": ""26"", ""process"": ""all"", ""resource_instance_id"": ""8057035535632679842"", ""resource_project_id"": ""proyecto-2-cloud-509714"", ""resource_type"": ""gce_instance"", ""resource_zone"": ""us-central1-a"", ""vm"": ""8057035535632679842""}",0
2026-09-27T02:39:59.731374Z,"{""command"": ""kdevtmpfs"", ""command_line"": """", ""owner"": ""root"", ""pid"": ""26"", ""process"": ""all"", ""resource_instance_id"": ""8057035535632679842"", ""resource_project_id"": ""proyecto-2-cloud-509714"", ""resource_type"": ""gce_instance"", ""resource_zone"": ""us-central1-a"", ""vm"": ""8057035535632679842""}",0
2026-09-27T02:39:29.728227Z,"{""command"": ""kdevtmpfs"", ""command_line"": """", ""owner"": ""root"", ""pid"": ""26"", ""process"": ""all"", ""resource_instance_id"": ""8057035535632679842"", ""resource_project_id"": ""proyecto-2-cloud-509714"", ""resource_type"": ""gce_instance"", ""resource_zone"": ""us-central1-a"", ""vm"": ""8057035535632679842""}",0
2026-09-27T02:38:59.732396Z,"{""command"": ""kdevtmpfs"", ""command_line"": """", ""owner"": ""root"", ""pid"": ""26"", ""process"": ""all"", ""resource_instance_id"": ""8057035535632679842"", ""resource_project_id"": ""proyecto-2-cloud-509714"", ""resource_type"": ""gce_instance"", ""resource_zone"": ""us-central1-a"", ""vm"": ""8057035535632679842""}",0
2026-09-27T02:38:29.724968Z,"{""command"": ""kdevtmpfs"", ""command_line"": """", ""owner"": ""root"", ""pid"": ""26"", ""process"": ""all"", ""resource_instance_id"": ""8057035535632679842"", ""resource_project_id"": ""proyecto-2-cloud-509714"", ""resource_type"": ""gce_instance"", ""resource_zone"": ""us-central1-a"", ""vm"": ""8057035535632679842""}",0
2026-09-27T02:37:59.735773Z,"{""command"": ""kdevtmpfs"", ""command_line"": """", ""owner"": ""root"", ""pid"": ""26"", ""process"": ""all"", ""resource_instance_id"": ""8057035535632679842"", ""resource_project_id"": ""proyecto-2-cloud-509714"", ""resource_type"": ""gce_instance"", ""resource_zone"": ""us-central1-a"", ""vm"": ""8057035535632679842""}",0
2026-09-27T02:37:29.728970Z,"{""command"": ""kdevtmpfs"", ""command_line"": """", ""owner"": ""root"", ""pid"": ""26"", ""process"": ""all"", ""resource_instance_id"": ""8057035535632679842"", ""resource_project_id"": ""proyecto-2-cloud-509714"", ""resource_type"": ""gce_instance"", ""resource_zone"": ""us-central1-a"", ""vm"": ""8057035535632679842""}",0
2026-09-27T02:36:59.736351Z,"{""command"": ""kdevtmpfs"", ""command_line"": """", ""owner"": ""root"", ""pid"": ""26"", ""process"": ""all"", ""resource_instance_id"": ""8057035535632679842"", ""resource_project_id"": ""proyecto-2-cloud-509714"", ""resource_type"": ""gce_instance"", ""resource_zone"": ""us-central1-a"", ""vm"": ""8057035535632679842""}",0
2026-09-27T02:36:29.731391Z,"{""command"": ""kdevtmpfs"", ""command_line"": """", ""owner"": ""root"", ""pid"": ""26"", ""process"": ""all"", ""resource_instance_id"": ""8057035535632679842"", ""resource_project_id"": ""proyecto-2-cloud-509714"", ""resource_type"": ""gce_instance"", ""resource_zone"": ""us-central1-a"", ""vm"": ""8057035535632679842""}",0
2026-09-27T02:35:59.725048Z,"{""command"": ""kdevtmpfs"", ""command_line"": """", ""owner"": ""root"", ""pid"": ""26"", ""process"": ""all"", ""resource_instance_id"": ""8057035535632679842"", ""resource_project_id"": ""proyecto-2-cloud-509714"", ""resource_type"": ""gce_instance"", ""resource_zone"": ""us-central1-a"", ""vm"": ""8057035535632679842""}",0
2026-09-27T02:35:29.723899Z,"{""command"": ""kdevtmpfs"", ""command_line"": """", ""owner"": ""root"", ""pid"": ""26"", ""process"": ""all"", ""resource_instance_id"": ""8057035535632679842"", ""resource_project_id"": ""proyecto-2-cloud-509714"", ""resource_type"": ""gce_instance"", ""resource_zone"": ""us-central1-a"", ""vm"": ""8057035535632679842""}",0
2026-09-27T02:34:59.728476Z,"{""command"": ""kdevtmpfs"", ""command_line"": """", ""owner"": ""root"", ""pid"": ""26"", ""process"": ""all"", ""resource_instance_id"": ""8057035535632679842"", ""resource_project_id"": ""proyecto-2-cloud-509714"", ""resource_type"": ""gce_instance"", ""resource_zone"": ""us-central1-a"", ""vm"": ""8057035535632679842""}",0
2026-09-27T02:34:29.728099Z,"{""command"": ""kdevtmpfs"", ""command_line"": """", ""owner"": ""root"", ""pid"": ""26"", ""process"": ""all"", ""resource_instance_id"": ""8057035535632679842"", ""resource_project_id"": ""proyecto-2-cloud-509714"", ""resource_type"": ""gce_instance"", ""resource_zone"": ""us-central1-a"", ""vm"": ""8057035535632679842""}",0
2026-09-27T02:33:59.735168Z,"{""command"": ""kdevtmpfs"", ""command_line"": """", ""owner"": ""root"", ""pid"": ""26"", ""process"": ""all"", ""resource_instance_id"": ""8057035535632679842"", ""resource_project_id"": ""proyecto-2-cloud-509714"", ""resource_type"": ""gce_instance"", ""resource_zone"": ""us-central1-a"", ""vm"": ""8057035535632679842""}",0
2026-09-27T02:33:29.724600Z,"{""command"": ""kdevtmpfs"", ""command_line"": """", ""owner"": ""root"", ""pid"": ""26"", ""process"": ""all"", ""resource_instance_id"": ""8057035535632679842"", ""resource_project_id"": ""proyecto-2-cloud-509714"", ""resource_type"": ""gce_instance"", ""resource_zone"": ""us-central1-a"", ""vm"": ""8057035535632679842""}",0
2026-09-27T02:32:59.741622Z,"{""command"": ""kdevtmpfs"", ""command_line"": """", ""owner"": ""root"", ""pid"": ""26"", ""process"": ""all"", ""resource_instance_id"": ""8057035535632679842"", ""resource_project_id"": ""proyecto-2-cloud-509714"", ""resource_type"": ""gce_instance"", ""resource_zone"": ""us-central1-a"", ""vm"": ""8057035535632679842""}",0
2026-09-27T02:32:29.732792Z,"{""command"": ""kdevtmpfs"", ""command_line"": """", ""owner"": ""root"", ""pid"": ""26"", ""process"": ""all"", ""resource_instance_id"": ""8057035535632679842"", ""resource_project_id"": ""proyecto-2-cloud-509714"", ""resource_type"": ""gce_instance"", ""resource_zone"": ""us-central1-a"", ""vm"": ""8057035535632679842""}",0
2026-09-27T02:31:59.733093Z,"{""command"": ""kdevtmpfs"", ""command_line"": """", ""owner"": ""root"", ""pid"": ""26"", ""process"": ""all"", ""resource_instance_id"": ""8057035535632679842"", ""resource_project_id"": ""proyecto-2-cloud-509714"", ""resource_type"": ""gce_instance"", ""resource_zone"": ""us-central1-a"", ""vm"": ""8057035535632679842""}",0
2026-09-27T02:31:29.727622Z,"{""command"": ""kdevtmpfs"", ""command_line"": """", ""owner"": ""root"", ""pid"": ""26"", ""process"": ""all"", ""resource_instance_id"": ""8057035535632679842"", ""resource_project_id"": ""proyecto-2-cloud-509714"", ""resource_type"": ""gce_instance"", ""resource_zone"": ""us-central1-a"", ""vm"": ""8057035535632679842""}",0
2026-09-27T02:30:59.742324Z,"{""command"": ""kdevtmpfs"", ""command_line"": """", ""owner"": ""root"", ""pid"": ""26"", ""process"": ""all"", ""resource_instance_id"": ""8057035535632679842"", ""resource_project_id"": ""proyecto-2-cloud-509714"", ""resource_type"": ""gce_instance"", ""resource_zone"": ""us-central1-a"", ""vm"": ""8057035535632679842""}",0
2026-09-27T02:30:29.737882Z,"{""command"": ""kdevtmpfs"", ""command_line"": """", ""owner"": ""root"", ""pid"": ""26"", ""process"": ""all"", ""resource_instance_id"": ""8057035535632679842"", ""resource_project_id"": ""proyecto-2-cloud-509714"", ""resource_type"": ""gce_instance"", ""resource_zone"": ""us-central1-a"", ""vm"": ""8057035535632679842""}",0
2026-09-27T02:30:22.324330Z,"{""command"": ""kdevtmpfs"", ""command_line"": """", ""owner"": ""root"", ""pid"": ""26"", ""process"": ""all"", ""resource_instance_id"": ""8057035535632679842"", ""resource_project_id"": ""proyecto-2-cloud-509714"", ""resource_type"": ""gce_instance"", ""resource_zone"": ""us-central1-a"", ""vm"": ""8057035535632679842""}",0
2026-09-27T02:49:59.736657Z,"{""command"": ""khugepaged"", ""command_line"": """", ""owner"": ""root"", ""pid"": ""36"", ""process"": ""all"", ""resource_instance_id"": ""8057035535632679842"", ""resource_project_id"": ""proyecto-2-cloud-509714"", ""resource_type"": ""gce_instance"", ""resource_zone"": ""us-central1-a"", ""vm"": ""8057035535632679842""}",0
2026-09-27T02:49:29.733599Z,"{""command"": ""khugepaged"", ""command_line"": """", ""owner"": ""root"", ""pid"": ""36"", ""process"": ""all"", ""resource_instance_id"": ""8057035535632679842"", ""resource_project_id"": ""proyecto-2-cloud-509714"", ""resource_type"": ""gce_instance"", ""resource_zone"": ""us-central1-a"", ""vm"": ""8057035535632679842""}",0
2026-09-27T02:48:59.728710Z,"{""command"": ""khugepaged"", ""command_line"": """", ""owner"": ""root"", ""pid"": ""36"", ""process"": ""all"", ""resource_instance_id"": ""8057035535632679842"", ""resource_project_id"": ""proyecto-2-cloud-509714"", ""resource_type"": ""gce_instance"", ""resource_zone"": ""us-central1-a"", ""vm"": ""8057035535632679842""}",0
2026-09-27T02:48:29.735242Z,"{""command"": ""khugepaged"", ""command_line"": """", ""owner"": ""root"", ""pid"": ""36"", ""process"": ""all"", ""resource_instance_id"": ""8057035535632679842"", ""resource_project_id"": ""proyecto-2-cloud-509714"", ""resource_type"": ""gce_instance"", ""resource_zone"": ""us-central1-a"", ""vm"": ""8057035535632679842""}",0
2026-09-27T02:47:59.733076Z,"{""command"": ""khugepaged"", ""command_line"": """", ""owner"": ""root"", ""pid"": ""36"", ""process"": ""all"", ""resource_instance_id"": ""8057035535632679842"", ""resource_project_id"": ""proyecto-2-cloud-509714"", ""resource_type"": ""gce_instance"", ""resource_zone"": ""us-central1-a"", ""vm"": ""8057035535632679842""}",0
2026-09-27T02:47:29.729780Z,"{""command"": ""khugepaged"", ""command_line"": """", ""owner"": ""root"", ""pid"": ""36"", ""process"": ""all"", ""resource_instance_id"": ""8057035535632679842"", ""resource_project_id"": ""proyecto-2-cloud-509714"", ""resource_type"": ""gce_instance"", ""resource_zone"": ""us-central1-a"", ""vm"": ""8057035535632679842""}",0
2026-09-27T02:46:59.740341Z,"{""command"": ""khugepaged"", ""command_line"": """", ""owner"": ""root"", ""pid"": ""36"", ""process"": ""all"", ""resource_instance_id"": ""8057035535632679842"", ""resource_project_id"": ""proyecto-2-cloud-509714"", ""resource_type"": ""gce_instance"", ""resource_zone"": ""us-central1-a"", ""vm"": ""8057035535632679842""}",0
2026-09-27T02:46:29.735078Z,"{""command"": ""khugepaged"", ""command_line"": """", ""owner"": ""root"", ""pid"": ""36"", ""process"": ""all"", ""resource_instance_id"": ""8057035535632679842"", ""resource_project_id"": ""proyecto-2-cloud-509714"", ""resource_type"": ""gce_instance"", ""resource_zone"": ""us-central1-a"", ""vm"": ""8057035535632679842""}",0
2026-09-27T02:45:59.729646Z,"{""command"": ""khugepaged"", ""command_line"": """", ""owner"": ""root"", ""pid"": ""36"", ""process"": ""all"", ""resource_instance_id"": ""8057035535632679842"", ""resource_project_id"": ""proyecto-2-cloud-509714"", ""resource_type"": ""gce_instance"", ""resource_zone"": ""us-central1-a"", ""vm"": ""8057035535632679842""}",0
2026-09-27T02:45:29.735478Z,"{""command"": ""khugepaged"", ""command_line"": """", ""owner"": ""root"", ""pid"": ""36"", ""process"": ""all"", ""resource_instance_id"": ""8057035535632679842"", ""resource_project_id"": ""proyecto-2-cloud-509714"", ""resource_type"": ""gce_instance"", ""resource_zone"": ""us-central1-a"", ""vm"": ""8057035535632679842""}",0
2026-09-27T02:44:59.740720Z,"{""command"": ""khugepaged"", ""command_line"": """", ""owner"": ""root"", ""pid"": ""36"", ""process"": ""all"", ""resource_instance_id"": ""8057035535632679842"", ""resource_project_id"": ""proyecto-2-cloud-509714"", ""resource_type"": ""gce_instance"", ""resource_zone"": ""us-central1-a"", ""vm"": ""8057035535632679842""}",0
2026-09-27T02:44:29.737789Z,"{""command"": ""khugepaged"", ""command_line"": """", ""owner"": ""root"", ""pid"": ""36"", ""process"": ""all"", ""resource_instance_id"": ""8057035535632679842"", ""resource_project_id"": ""proyecto-2-cloud-509714"", ""resource_type"": ""gce_instance"", ""resource_zone"": ""us-central1-a"", ""vm"": ""8057035535632679842""}",0
2026-09-27T02:43:59.739427Z,"{""command"": ""khugepaged"", ""command_line"": """", ""owner"": ""root"", ""pid"": ""36"", ""process"": ""all"", ""resource_instance_id"": ""8057035535632679842"", ""resource_project_id"": ""proyecto-2-cloud-509714"", ""resource_type"": ""gce_instance"", ""resource_zone"": ""us-central1-a"", ""vm"": ""8057035535632679842""}",0
2026-09-27T02:43:29.739896Z,"{""command"": ""khugepaged"", ""command_line"": """", ""owner"": ""root"", ""pid"": ""36"", ""process"": ""all"", ""resource_instance_id"": ""8057035535632679842"", ""resource_project_id"": ""proyecto-2-cloud-509714"", ""resource_type"": ""gce_instance"", ""resource_zone"": ""us-central1-a"", ""vm"": ""8057035535632679842""}",0
2026-09-27T02:42:59.733806Z,"{""command"": ""khugepaged"", ""command_line"": """", ""owner"": ""root"", ""pid"": ""36"", ""process"": ""all"", ""resource_instance_id"": ""8057035535632679842"", ""resource_project_id"": ""proyecto-2-cloud-509714"", ""resource_type"": ""gce_instance"", ""resource_zone"": ""us-central1-a"", ""vm"": ""8057035535632679842""}",0
2026-09-27T02:42:29.758697Z,"{""command"": ""khugepaged"", ""command_line"": """", ""owner"": ""root"", ""pid"": ""36"", ""process"": ""all"", ""resource_instance_id"": ""8057035535632679842"", ""resource_project_id"": ""proyecto-2-cloud-509714"", ""resource_type"": ""gce_instance"", ""resource_zone"": ""us-central1-a"", ""vm"": ""8057035535632679842""}",0
2026-09-27T02:41:59.737061Z,"{""command"": ""khugepaged"", ""command_line"": """", ""owner"": ""root"", ""pid"": ""36"", ""process"": ""all"", ""resource_instance_id"": ""8057035535632679842"", ""resource_project_id"": ""proyecto-2-cloud-509714"", ""resource_type"": ""gce_instance"", ""resource_zone"": ""us-central1-a"", ""vm"": ""8057035535632679842""}",0
2026-09-27T02:41:29.740926Z,"{""command"": ""khugepaged"", ""command_line"": """", ""owner"": ""root"", ""pid"": ""36"", ""process"": ""all"", ""resource_instance_id"": ""8057035535632679842"", ""resource_project_id"": ""proyecto-2-cloud-509714"", ""resource_type"": ""gce_instance"", ""resource_zone"": ""us-central1-a"", ""vm"": ""8057035535632679842""}",0
2026-09-27T02:40:59.728731Z,"{""command"": ""khugepaged"", ""command_line"": """", ""owner"": ""root"", ""pid"": ""36"", ""process"": ""all"", ""resource_instance_id"": ""8057035535632679842"", ""resource_project_id"": ""proyecto-2-cloud-509714"", ""resource_type"": ""gce_instance"", ""resource_zone"": ""us-central1-a"", ""vm"": ""8057035535632679842""}",0
2026-09-27T02:40:29.726460Z,"{""command"": ""khugepaged"", ""command_line"": """", ""owner"": ""root"", ""pid"": ""36"", ""process"": ""all"", ""resource_instance_id"": ""8057035535632679842"", ""resource_project_id"": ""proyecto-2-cloud-509714"", ""resource_type"": ""gce_instance"", ""resource_zone"": ""us-central1-a"", ""vm"": ""8057035535632679842""}",0
2026-09-27T02:39:59.732706Z,"{""command"": ""khugepaged"", ""command_line"": """", ""owner"": ""root"", ""pid"": ""36"", ""process"": ""all"", ""resource_instance_id"": ""8057035535632679842"", ""resource_project_id"": ""proyecto-2-cloud-509714"", ""resource_type"": ""gce_instance"", ""resource_zone"": ""us-central1-a"", ""vm"": ""8057035535632679842""}",0
2026-09-27T02:39:29.728698Z,"{""command"": ""khugepaged"", ""command_line"": """", ""owner"": ""root"", ""pid"": ""36"", ""process"": ""all"", ""resource_instance_id"": ""8057035535632679842"", ""resource_project_id"": ""proyecto-2-cloud-509714"", ""resource_type"": ""gce_instance"", ""resource_zone"": ""us-central1-a"", ""vm"": ""8057035535632679842""}",0
2026-09-27T02:38:59.733109Z,"{""command"": ""khugepaged"", ""command_line"": """", ""owner"": ""root"", ""pid"": ""36"", ""process"": ""all"", ""resource_instance_id"": ""8057035535632679842"", ""resource_project_id"": ""proyecto-2-cloud-509714"", ""resource_type"": ""gce_instance"", ""resource_zone"": ""us-central1-a"", ""vm"": ""8057035535632679842""}",0
2026-09-27T02:38:29.725607Z,"{""command"": ""khugepaged"", ""command_line"": """", ""owner"": ""root"", ""pid"": ""36"", ""process"": ""all"", ""resource_instance_id"": ""8057035535632679842"", ""resource_project_id"": ""proyecto-2-cloud-509714"", ""resource_type"": ""gce_instance"", ""resource_zone"": ""us-central1-a"", ""vm"": ""8057035535632679842""}",0
2026-09-27T02:37:59.736227Z,"{""command"": ""khugepaged"", ""command_line"": """", ""owner"": ""root"", ""pid"": ""36"", ""process"": ""all"", ""resource_instance_id"": ""8057035535632679842"", ""resource_project_id"": ""proyecto-2-cloud-509714"", ""resource_type"": ""gce_instance"", ""resource_zone"": ""us-central1-a"", ""vm"": ""8057035535632679842""}",0
2026-09-27T02:37:29.729656Z,"{""command"": ""khugepaged"", ""command_line"": """", ""owner"": ""root"", ""pid"": ""36"", ""process"": ""all"", ""resource_instance_id"": ""8057035535632679842"", ""resource_project_id"": ""proyecto-2-cloud-509714"", ""resource_type"": ""gce_instance"", ""resource_zone"": ""us-central1-a"", ""vm"": ""8057035535632679842""}",0
2026-09-27T02:36:59.737069Z,"{""command"": ""khugepaged"", ""command_line"": """", ""owner"": ""root"", ""pid"": ""36"", ""process"": ""all"", ""resource_instance_id"": ""8057035535632679842"", ""resource_project_id"": ""proyecto-2-cloud-509714"", ""resource_type"": ""gce_instance"", ""resource_zone"": ""us-central1-a"", ""vm"": ""8057035535632679842""}",0
2026-09-27T02:36:29.732113Z,"{""command"": ""khugepaged"", ""command_line"": """", ""owner"": ""root"", ""pid"": ""36"", ""process"": ""all"", ""resource_instance_id"": ""8057035535632679842"", ""resource_project_id"": ""proyecto-2-cloud-509714"", ""resource_type"": ""gce_instance"", ""resource_zone"": ""us-central1-a"", ""vm"": ""8057035535632679842""}",0
2026-09-27T02:35:59.725497Z,"{""command"": ""khugepaged"", ""command_line"": """", ""owner"": ""root"", ""pid"": ""36"", ""process"": ""all"", ""resource_instance_id"": ""8057035535632679842"", ""resource_project_id"": ""proyecto-2-cloud-509714"", ""resource_type"": ""gce_instance"", ""resource_zone"": ""us-central1-a"", ""vm"": ""8057035535632679842""}",0
2026-09-27T02:35:29.724306Z,"{""command"": ""khugepaged"", ""command_line"": """", ""owner"": ""root"", ""pid"": ""36"", ""process"": ""all"", ""resource_instance_id"": ""8057035535632679842"", ""resource_project_id"": ""proyecto-2-cloud-509714"", ""resource_type"": ""gce_instance"", ""resource_zone"": ""us-central1-a"", ""vm"": ""8057035535632679842""}",0
2026-09-27T02:34:59.729047Z,"{""command"": ""khugepaged"", ""command_line"": """", ""owner"": ""root"", ""pid"": ""36"", ""process"": ""all"", ""resource_instance_id"": ""8057035535632679842"", ""resource_project_id"": ""proyecto-2-cloud-509714"", ""resource_type"": ""gce_instance"", ""resource_zone"": ""us-central1-a"", ""vm"": ""8057035535632679842""}",0
2026-09-27T02:34:29.728576Z,"{""command"": ""khugepaged"", ""command_line"": """", ""owner"": ""root"", ""pid"": ""36"", ""process"": ""all"", ""resource_instance_id"": ""8057035535632679842"", ""resource_project_id"": ""proyecto-2-cloud-509714"", ""resource_type"": ""gce_instance"", ""resource_zone"": ""us-central1-a"", ""vm"": ""8057035535632679842""}",0
2026-09-27T02:33:59.735627Z,"{""command"": ""khugepaged"", ""command_line"": """", ""owner"": ""root"", ""pid"": ""36"", ""process"": ""all"", ""resource_instance_id"": ""8057035535632679842"", ""resource_project_id"": ""proyecto-2-cloud-509714"", ""resource_type"": ""gce_instance"", ""resource_zone"": ""us-central1-a"", ""vm"": ""8057035535632679842""}",0
2026-09-27T02:33:29.725014Z,"{""command"": ""khugepaged"", ""command_line"": """", ""owner"": ""root"", ""pid"": ""36"", ""process"": ""all"", ""resource_instance_id"": ""8057035535632679842"", ""resource_project_id"": ""proyecto-2-cloud-509714"", ""resource_type"": ""gce_instance"", ""resource_zone"": ""us-central1-a"", ""vm"": ""8057035535632679842""}",0
2026-09-27T02:32:59.742069Z,"{""command"": ""khugepaged"", ""command_line"": """", ""owner"": ""root"", ""pid"": ""36"", ""process"": ""all"", ""resource_instance_id"": ""8057035535632679842"", ""resource_project_id"": ""proyecto-2-cloud-509714"", ""resource_type"": ""gce_instance"", ""resource_zone"": ""us-central1-a"", ""vm"": ""8057035535632679842""}",0
2026-09-27T02:32:29.733252Z,"{""command"": ""khugepaged"", ""command_line"": """", ""owner"": ""root"", ""pid"": ""36"", ""process"": ""all"", ""resource_instance_id"": ""8057035535632679842"", ""resource_project_id"": ""proyecto-2-cloud-509714"", ""resource_type"": ""gce_instance"", ""resource_zone"": ""us-central1-a"", ""vm"": ""8057035535632679842""}",0
2026-09-27T02:31:59.733510Z,"{""command"": ""khugepaged"", ""command_line"": """", ""owner"": ""root"", ""pid"": ""36"", ""process"": ""all"", ""resource_instance_id"": ""8057035535632679842"", ""resource_project_id"": ""proyecto-2-cloud-509714"", ""resource_type"": ""gce_instance"", ""resource_zone"": ""us-central1-a"", ""vm"": ""8057035535632679842""}",0
2026-09-27T02:31:29.728084Z,"{""command"": ""khugepaged"", ""command_line"": """", ""owner"": ""root"", ""pid"": ""36"", ""process"": ""all"", ""resource_instance_id"": ""8057035535632679842"", ""resource_project_id"": ""proyecto-2-cloud-509714"", ""resource_type"": ""gce_instance"", ""resource_zone"": ""us-central1-a"", ""vm"": ""8057035535632679842""}",0
2026-09-27T02:30:59.743246Z,"{""command"": ""khugepaged"", ""command_line"": """", ""owner"": ""root"", ""pid"": ""36"", ""process"": ""all"", ""resource_instance_id"": ""8057035535632679842"", ""resource_project_id"": ""proyecto-2-cloud-509714"", ""resource_type"": ""gce_instance"", ""resource_zone"": ""us-central1-a"", ""vm"": ""8057035535632679842""}",0
2026-09-27T02:30:29.738427Z,"{""command"": ""khugepaged"", ""command_line"": """", ""owner"": ""root"", ""pid"": ""36"", ""process"": ""all"", ""resource_instance_id"": ""8057035535632679842"", ""resource_project_id"": ""proyecto-2-cloud-509714"", ""resource_type"": ""gce_instance"", ""resource_zone"": ""us-central1-a"", ""vm"": ""8057035535632679842""}",0
2026-09-27T02:30:22.324830Z,"{""command"": ""khugepaged"", ""command_line"": """", ""owner"": ""root"", ""pid"": ""36"", ""process"": ""all"", ""resource_instance_id"": ""8057035535632679842"", ""resource_project_id"": ""proyecto-2-cloud-509714"", ""resource_type"": ""gce_instance"", ""resource_zone"": ""us-central1-a"", ""vm"": ""8057035535632679842""}",0
2026-09-27T02:49:59.736209Z,"{""command"": ""khungtaskd"", ""command_line"": """", ""owner"": ""root"", ""pid"": ""30"", ""process"": ""all"", ""resource_instance_id"": ""8057035535632679842"", ""resource_project_id"": ""proyecto-2-cloud-509714"", ""resource_type"": ""gce_instance"", ""resource_zone"": ""us-central1-a"", ""vm"": ""8057035535632679842""}",0
2026-09-27T02:49:29.733316Z,"{""command"": ""khungtaskd"", ""command_line"": """", ""owner"": ""root"", ""pid"": ""30"", ""process"": ""all"", ""resource_instance_id"": ""8057035535632679842"", ""resource_project_id"": ""proyecto-2-cloud-509714"", ""resource_type"": ""gce_instance"", ""resource_zone"": ""us-central1-a"", ""vm"": ""8057035535632679842""}",0
2026-09-27T02:48:59.728441Z,"{""command"": ""khungtaskd"", ""command_line"": """", ""owner"": ""root"", ""pid"": ""30"", ""process"": ""all"", ""resource_instance_id"": ""8057035535632679842"", ""resource_project_id"": ""proyecto-2-cloud-509714"", ""resource_type"": ""gce_instance"", ""resource_zone"": ""us-central1-a"", ""vm"": ""8057035535632679842""}",0
2026-09-27T02:48:29.734473Z,"{""command"": ""khungtaskd"", ""command_line"": """", ""owner"": ""root"", ""pid"": ""30"", ""process"": ""all"", ""resource_instance_id"": ""8057035535632679842"", ""resource_project_id"": ""proyecto-2-cloud-509714"", ""resource_type"": ""gce_instance"", ""resource_zone"": ""us-central1-a"", ""vm"": ""8057035535632679842""}",0
2026-09-27T02:47:59.732793Z,"{""command"": ""khungtaskd"", ""command_line"": """", ""owner"": ""root"", ""pid"": ""30"", ""process"": ""all"", ""resource_instance_id"": ""8057035535632679842"", ""resource_project_id"": ""proyecto-2-cloud-509714"", ""resource_type"": ""gce_instance"", ""resource_zone"": ""us-central1-a"", ""vm"": ""8057035535632679842""}",0
2026-09-27T02:47:29.729374Z,"{""command"": ""khungtaskd"", ""command_line"": """", ""owner"": ""root"", ""pid"": ""30"", ""process"": ""all"", ""resource_instance_id"": ""8057035535632679842"", ""resource_project_id"": ""proyecto-2-cloud-509714"", ""resource_type"": ""gce_instance"", ""resource_zone"": ""us-central1-a"", ""vm"": ""8057035535632679842""}",0
2026-09-27T02:46:59.739934Z,"{""command"": ""khungtaskd"", ""command_line"": """", ""owner"": ""root"", ""pid"": ""30"", ""process"": ""all"", ""resource_instance_id"": ""8057035535632679842"", ""resource_project_id"": ""proyecto-2-cloud-509714"", ""resource_type"": ""gce_instance"", ""resource_zone"": ""us-central1-a"", ""vm"": ""8057035535632679842""}",0
2026-09-27T02:46:29.734715Z,"{""command"": ""khungtaskd"", ""command_line"": """", ""owner"": ""root"", ""pid"": ""30"", ""process"": ""all"", ""resource_instance_id"": ""8057035535632679842"", ""resource_project_id"": ""proyecto-2-cloud-509714"", ""resource_type"": ""gce_instance"", ""resource_zone"": ""us-central1-a"", ""vm"": ""8057035535632679842""}",0
2026-09-27T02:45:59.729387Z,"{""command"": ""khungtaskd"", ""command_line"": """", ""owner"": ""root"", ""pid"": ""30"", ""process"": ""all"", ""resource_instance_id"": ""8057035535632679842"", ""resource_project_id"": ""proyecto-2-cloud-509714"", ""resource_type"": ""gce_instance"", ""resource_zone"": ""us-central1-a"", ""vm"": ""8057035535632679842""}",0
2026-09-27T02:45:29.735227Z,"{""command"": ""khungtaskd"", ""command_line"": """", ""owner"": ""root"", ""pid"": ""30"", ""process"": ""all"", ""resource_instance_id"": ""8057035535632679842"", ""resource_project_id"": ""proyecto-2-cloud-509714"", ""resource_type"": ""gce_instance"", ""resource_zone"": ""us-central1-a"", ""vm"": ""8057035535632679842""}",0
2026-09-27T02:44:59.740426Z,"{""command"": ""khungtaskd"", ""command_line"": """", ""owner"": ""root"", ""pid"": ""30"", ""process"": ""all"", ""resource_instance_id"": ""8057035535632679842"", ""resource_project_id"": ""proyecto-2-cloud-509714"", ""resource_type"": ""gce_instance"", ""resource_zone"": ""us-central1-a"", ""vm"": ""8057035535632679842""}",0
2026-09-27T02:44:29.737494Z,"{""command"": ""khungtaskd"", ""command_line"": """", ""owner"": ""root"", ""pid"": ""30"", ""process"": ""all"", ""resource_instance_id"": ""8057035535632679842"", ""resource_project_id"": ""proyecto-2-cloud-509714"", ""resource_type"": ""gce_instance"", ""resource_zone"": ""us-central1-a"", ""vm"": ""8057035535632679842""}",0
2026-09-27T02:43:59.739130Z,"{""command"": ""khungtaskd"", ""command_line"": """", ""owner"": ""root"", ""pid"": ""30"", ""process"": ""all"", ""resource_instance_id"": ""8057035535632679842"", ""resource_project_id"": ""proyecto-2-cloud-509714"", ""resource_type"": ""gce_instance"", ""resource_zone"": ""us-central1-a"", ""vm"": ""8057035535632679842""}",0
2026-09-27T02:43:29.739515Z,"{""command"": ""khungtaskd"", ""command_line"": """", ""owner"": ""root"", ""pid"": ""30"", ""process"": ""all"", ""resource_instance_id"": ""8057035535632679842"", ""resource_project_id"": ""proyecto-2-cloud-509714"", ""resource_type"": ""gce_instance"", ""resource_zone"": ""us-central1-a"", ""vm"": ""8057035535632679842""}",0
2026-09-27T02:42:59.733513Z,"{""command"": ""khungtaskd"", ""command_line"": """", ""owner"": ""root"", ""pid"": ""30"", ""process"": ""all"", ""resource_instance_id"": ""8057035535632679842"", ""resource_project_id"": ""proyecto-2-cloud-509714"", ""resource_type"": ""gce_instance"", ""resource_zone"": ""us-central1-a"", ""vm"": ""8057035535632679842""}",0
2026-09-27T02:42:29.758371Z,"{""command"": ""khungtaskd"", ""command_line"": """", ""owner"": ""root"", ""pid"": ""30"", ""process"": ""all"", ""resource_instance_id"": ""8057035535632679842"", ""resource_project_id"": ""proyecto-2-cloud-509714"", ""resource_type"": ""gce_instance"", ""resource_zone"": ""us-central1-a"", ""vm"": ""8057035535632679842""}",0
2026-09-27T02:41:59.736734Z,"{""command"": ""khungtaskd"", ""command_line"": """", ""owner"": ""root"", ""pid"": ""30"", ""process"": ""all"", ""resource_instance_id"": ""8057035535632679842"", ""resource_project_id"": ""proyecto-2-cloud-509714"", ""resource_type"": ""gce_instance"", ""resource_zone"": ""us-central1-a"", ""vm"": ""8057035535632679842""}",0
2026-09-27T02:41:29.740652Z,"{""command"": ""khungtaskd"", ""command_line"": """", ""owner"": ""root"", ""pid"": ""30"", ""process"": ""all"", ""resource_instance_id"": ""8057035535632679842"", ""resource_project_id"": ""proyecto-2-cloud-509714"", ""resource_type"": ""gce_instance"", ""resource_zone"": ""us-central1-a"", ""vm"": ""8057035535632679842""}",0
2026-09-27T02:40:59.728440Z,"{""command"": ""khungtaskd"", ""command_line"": """", ""owner"": ""root"", ""pid"": ""30"", ""process"": ""all"", ""resource_instance_id"": ""8057035535632679842"", ""resource_project_id"": ""proyecto-2-cloud-509714"", ""resource_type"": ""gce_instance"", ""resource_zone"": ""us-central1-a"", ""vm"": ""8057035535632679842""}",0
2026-09-27T02:40:29.726143Z,"{""command"": ""khungtaskd"", ""command_line"": """", ""owner"": ""root"", ""pid"": ""30"", ""process"": ""all"", ""resource_instance_id"": ""8057035535632679842"", ""resource_project_id"": ""proyecto-2-cloud-509714"", ""resource_type"": ""gce_instance"", ""resource_zone"": ""us-central1-a"", ""vm"": ""8057035535632679842""}",0
2026-09-27T02:39:59.732201Z,"{""command"": ""khungtaskd"", ""command_line"": """", ""owner"": ""root"", ""pid"": ""30"", ""process"": ""all"", ""resource_instance_id"": ""8057035535632679842"", ""resource_project_id"": ""proyecto-2-cloud-509714"", ""resource_type"": ""gce_instance"", ""resource_zone"": ""us-central1-a"", ""vm"": ""8057035535632679842""}",0
2026-09-27T02:39:29.728397Z,"{""command"": ""khungtaskd"", ""command_line"": """", ""owner"": ""root"", ""pid"": ""30"", ""process"": ""all"", ""resource_instance_id"": ""8057035535632679842"", ""resource_project_id"": ""proyecto-2-cloud-509714"", ""resource_type"": ""gce_instance"", ""resource_zone"": ""us-central1-a"", ""vm"": ""8057035535632679842""}",0
2026-09-27T02:38:59.732666Z,"{""command"": ""khungtaskd"", ""command_line"": """", ""owner"": ""root"", ""pid"": ""30"", ""process"": ""all"", ""resource_instance_id"": ""8057035535632679842"", ""resource_project_id"": ""proyecto-2-cloud-509714"", ""resource_type"": ""gce_instance"", ""resource_zone"": ""us-central1-a"", ""vm"": ""8057035535632679842""}",0
2026-09-27T02:38:29.725219Z,"{""command"": ""khungtaskd"", ""command_line"": """", ""owner"": ""root"", ""pid"": ""30"", ""process"": ""all"", ""resource_instance_id"": ""8057035535632679842"", ""resource_project_id"": ""proyecto-2-cloud-509714"", ""resource_type"": ""gce_instance"", ""resource_zone"": ""us-central1-a"", ""vm"": ""8057035535632679842""}",0
2026-09-27T02:37:59.735950Z,"{""command"": ""khungtaskd"", ""command_line"": """", ""owner"": ""root"", ""pid"": ""30"", ""process"": ""all"", ""resource_instance_id"": ""8057035535632679842"", ""resource_project_id"": ""proyecto-2-cloud-509714"", ""resource_type"": ""gce_instance"", ""resource_zone"": ""us-central1-a"", ""vm"": ""8057035535632679842""}",0
2026-09-27T02:37:29.729242Z,"{""command"": ""khungtaskd"", ""command_line"": """", ""owner"": ""root"", ""pid"": ""30"", ""process"": ""all"", ""resource_instance_id"": ""8057035535632679842"", ""resource_project_id"": ""proyecto-2-cloud-509714"", ""resource_type"": ""gce_instance"", ""resource_zone"": ""us-central1-a"", ""vm"": ""8057035535632679842""}",0
2026-09-27T02:36:59.736607Z,"{""command"": ""khungtaskd"", ""command_line"": """", ""owner"": ""root"", ""pid"": ""30"", ""process"": ""all"", ""resource_instance_id"": ""8057035535632679842"", ""resource_project_id"": ""proyecto-2-cloud-509714"", ""resource_type"": ""gce_instance"", ""resource_zone"": ""us-central1-a"", ""vm"": ""8057035535632679842""}",0
2026-09-27T02:36:29.731670Z,"{""command"": ""khungtaskd"", ""command_line"": """", ""owner"": ""root"", ""pid"": ""30"", ""process"": ""all"", ""resource_instance_id"": ""8057035535632679842"", ""resource_project_id"": ""proyecto-2-cloud-509714"", ""resource_type"": ""gce_instance"", ""resource_zone"": ""us-central1-a"", ""vm"": ""8057035535632679842""}",0
2026-09-27T02:35:59.725223Z,"{""command"": ""khungtaskd"", ""command_line"": """", ""owner"": ""root"", ""pid"": ""30"", ""process"": ""all"", ""resource_instance_id"": ""8057035535632679842"", ""resource_project_id"": ""proyecto-2-cloud-509714"", ""resource_type"": ""gce_instance"", ""resource_zone"": ""us-central1-a"", ""vm"": ""8057035535632679842""}",0
2026-09-27T02:35:29.724057Z,"{""command"": ""khungtaskd"", ""command_line"": """", ""owner"": ""root"", ""pid"": ""30"", ""process"": ""all"", ""resource_instance_id"": ""8057035535632679842"", ""resource_project_id"": ""proyecto-2-cloud-509714"", ""resource_type"": ""gce_instance"", ""resource_zone"": ""us-central1-a"", ""vm"": ""8057035535632679842""}",0
2026-09-27T02:34:59.728694Z,"{""command"": ""khungtaskd"", ""command_line"": """", ""owner"": ""root"", ""pid"": ""30"", ""process"": ""all"", ""resource_instance_id"": ""8057035535632679842"", ""resource_project_id"": ""proyecto-2-cloud-509714"", ""resource_type"": ""gce_instance"", ""resource_zone"": ""us-central1-a"", ""vm"": ""8057035535632679842""}",0
2026-09-27T02:34:29.728270Z,"{""command"": ""khungtaskd"", ""command_line"": """", ""owner"": ""root"", ""pid"": ""30"", ""process"": ""all"", ""resource_instance_id"": ""8057035535632679842"", ""resource_project_id"": ""proyecto-2-cloud-509714"", ""resource_type"": ""gce_instance"", ""resource_zone"": ""us-central1-a"", ""vm"": ""8057035535632679842""}",0
2026-09-27T02:33:59.735344Z,"{""command"": ""khungtaskd"", ""command_line"": """", ""owner"": ""root"", ""pid"": ""30"", ""process"": ""all"", ""resource_instance_id"": ""8057035535632679842"", ""resource_project_id"": ""proyecto-2-cloud-509714"", ""resource_type"": ""gce_instance"", ""resource_zone"": ""us-central1-a"", ""vm"": ""8057035535632679842""}",0
2026-09-27T02:33:29.724751Z,"{""command"": ""khungtaskd"", ""command_line"": """", ""owner"": ""root"", ""pid"": ""30"", ""process"": ""all"", ""resource_instance_id"": ""8057035535632679842"", ""resource_project_id"": ""proyecto-2-cloud-509714"", ""resource_type"": ""gce_instance"", ""resource_zone"": ""us-central1-a"", ""vm"": ""8057035535632679842""}",0
2026-09-27T02:32:59.741794Z,"{""command"": ""khungtaskd"", ""command_line"": """", ""owner"": ""root"", ""pid"": ""30"", ""process"": ""all"", ""resource_instance_id"": ""8057035535632679842"", ""resource_project_id"": ""proyecto-2-cloud-509714"", ""resource_type"": ""gce_instance"", ""resource_zone"": ""us-central1-a"", ""vm"": ""8057035535632679842""}",0
2026-09-27T02:32:29.732961Z,"{""command"": ""khungtaskd"", ""command_line"": """", ""owner"": ""root"", ""pid"": ""30"", ""process"": ""all"", ""resource_instance_id"": ""8057035535632679842"", ""resource_project_id"": ""proyecto-2-cloud-509714"", ""resource_type"": ""gce_instance"", ""resource_zone"": ""us-central1-a"", ""vm"": ""8057035535632679842""}",0
2026-09-27T02:31:59.733255Z,"{""command"": ""khungtaskd"", ""command_line"": """", ""owner"": ""root"", ""pid"": ""30"", ""process"": ""all"", ""resource_instance_id"": ""8057035535632679842"", ""resource_project_id"": ""proyecto-2-cloud-509714"", ""resource_type"": ""gce_instance"", ""resource_zone"": ""us-central1-a"", ""vm"": ""8057035535632679842""}",0
2026-09-27T02:31:29.727779Z,"{""command"": ""khungtaskd"", ""command_line"": """", ""owner"": ""root"", ""pid"": ""30"", ""process"": ""all"", ""resource_instance_id"": ""8057035535632679842"", ""resource_project_id"": ""proyecto-2-cloud-509714"", ""resource_type"": ""gce_instance"", ""resource_zone"": ""us-central1-a"", ""vm"": ""8057035535632679842""}",0
2026-09-27T02:30:59.742618Z,"{""command"": ""khungtaskd"", ""command_line"": """", ""owner"": ""root"", ""pid"": ""30"", ""process"": ""all"", ""resource_instance_id"": ""8057035535632679842"", ""resource_project_id"": ""proyecto-2-cloud-509714"", ""resource_type"": ""gce_instance"", ""resource_zone"": ""us-central1-a"", ""vm"": ""8057035535632679842""}",0
2026-09-27T02:30:29.738056Z,"{""command"": ""khungtaskd"", ""command_line"": """", ""owner"": ""root"", ""pid"": ""30"", ""process"": ""all"", ""resource_instance_id"": ""8057035535632679842"", ""resource_project_id"": ""proyecto-2-cloud-509714"", ""resource_type"": ""gce_instance"", ""resource_zone"": ""us-central1-a"", ""vm"": ""8057035535632679842""}",0
2026-09-27T02:30:22.324518Z,"{""command"": ""khungtaskd"", ""command_line"": """", ""owner"": ""root"", ""pid"": ""30"", ""process"": ""all"", ""resource_instance_id"": ""8057035535632679842"", ""resource_project_id"": ""proyecto-2-cloud-509714"", ""resource_type"": ""gce_instance"", ""resource_zone"": ""us-central1-a"", ""vm"": ""8057035535632679842""}",0
2026-09-27T02:49:59.736744Z,"{""command"": ""kintegrityd"", ""command_line"": """", ""owner"": ""root"", ""pid"": ""37"", ""process"": ""all"", ""resource_instance_id"": ""8057035535632679842"", ""resource_project_id"": ""proyecto-2-cloud-509714"", ""resource_type"": ""gce_instance"", ""resource_zone"": ""us-central1-a"", ""vm"": ""8057035535632679842""}",0
2026-09-27T02:49:29.733652Z,"{""command"": ""kintegrityd"", ""command_line"": """", ""owner"": ""root"", ""pid"": ""37"", ""process"": ""all"", ""resource_instance_id"": ""8057035535632679842"", ""resource_project_id"": ""proyecto-2-cloud-509714"", ""resource_type"": ""gce_instance"", ""resource_zone"": ""us-central1-a"", ""vm"": ""8057035535632679842""}",0
2026-09-27T02:48:59.728758Z,"{""command"": ""kintegrityd"", ""command_line"": """", ""owner"": ""root"", ""pid"": ""37"", ""process"": ""all"", ""resource_instance_id"": ""8057035535632679842"", ""resource_project_id"": ""proyecto-2-cloud-509714"", ""resource_type"": ""gce_instance"", ""resource_zone"": ""us-central1-a"", ""vm"": ""8057035535632679842""}",0
2026-09-27T02:48:29.735313Z,"{""command"": ""kintegrityd"", ""command_line"": """", ""owner"": ""root"", ""pid"": ""37"", ""process"": ""all"", ""resource_instance_id"": ""8057035535632679842"", ""resource_project_id"": ""proyecto-2-cloud-509714"", ""resource_type"": ""gce_instance"", ""resource_zone"": ""us-central1-a"", ""vm"": ""8057035535632679842""}",0
2026-09-27T02:47:59.733184Z,"{""command"": ""kintegrityd"", ""command_line"": """", ""owner"": ""root"", ""pid"": ""37"", ""process"": ""all"", ""resource_instance_id"": ""8057035535632679842"", ""resource_project_id"": ""proyecto-2-cloud-509714"", ""resource_type"": ""gce_instance"", ""resource_zone"": ""us-central1-a"", ""vm"": ""8057035535632679842""}",0
2026-09-27T02:47:29.729859Z,"{""command"": ""kintegrityd"", ""command_line"": """", ""owner"": ""root"", ""pid"": ""37"", ""process"": ""all"", ""resource_instance_id"": ""8057035535632679842"", ""resource_project_id"": ""proyecto-2-cloud-509714"", ""resource_type"": ""gce_instance"", ""resource_zone"": ""us-central1-a"", ""vm"": ""8057035535632679842""}",0
2026-09-27T02:46:59.740415Z,"{""command"": ""kintegrityd"", ""command_line"": """", ""owner"": ""root"", ""pid"": ""37"", ""process"": ""all"", ""resource_instance_id"": ""8057035535632679842"", ""resource_project_id"": ""proyecto-2-cloud-509714"", ""resource_type"": ""gce_instance"", ""resource_zone"": ""us-central1-a"", ""vm"": ""8057035535632679842""}",0
2026-09-27T02:46:29.735142Z,"{""command"": ""kintegrityd"", ""command_line"": """", ""owner"": ""root"", ""pid"": ""37"", ""process"": ""all"", ""resource_instance_id"": ""8057035535632679842"", ""resource_project_id"": ""proyecto-2-cloud-509714"", ""resource_type"": ""gce_instance"", ""resource_zone"": ""us-central1-a"", ""vm"": ""8057035535632679842""}",0
2026-09-27T02:45:59.729696Z,"{""command"": ""kintegrityd"", ""command_line"": """", ""owner"": ""root"", ""pid"": ""37"", ""process"": ""all"", ""resource_instance_id"": ""8057035535632679842"", ""resource_project_id"": ""proyecto-2-cloud-509714"", ""resource_type"": ""gce_instance"", ""resource_zone"": ""us-central1-a"", ""vm"": ""8057035535632679842""}",0
2026-09-27T02:45:29.735528Z,"{""command"": ""kintegrityd"", ""command_line"": """", ""owner"": ""root"", ""pid"": ""37"", ""process"": ""all"", ""resource_instance_id"": ""8057035535632679842"", ""resource_project_id"": ""proyecto-2-cloud-509714"", ""resource_type"": ""gce_instance"", ""resource_zone"": ""us-central1-a"", ""vm"": ""8057035535632679842""}",0
2026-09-27T02:44:59.740802Z,"{""command"": ""kintegrityd"", ""command_line"": """", ""owner"": ""root"", ""pid"": ""37"", ""process"": ""all"", ""resource_instance_id"": ""8057035535632679842"", ""resource_project_id"": ""proyecto-2-cloud-509714"", ""resource_type"": ""gce_instance"", ""resource_zone"": ""us-central1-a"", ""vm"": ""8057035535632679842""}",0
2026-09-27T02:44:29.737849Z,"{""command"": ""kintegrityd"", ""command_line"": """", ""owner"": ""root"", ""pid"": ""37"", ""process"": ""all"", ""resource_instance_id"": ""8057035535632679842"", ""resource_project_id"": ""proyecto-2-cloud-509714"", ""resource_type"": ""gce_instance"", ""resource_zone"": ""us-central1-a"", ""vm"": ""8057035535632679842""}",0
2026-09-27T02:43:59.739483Z,"{""command"": ""kintegrityd"", ""command_line"": """", ""owner"": ""root"", ""pid"": ""37"", ""process"": ""all"", ""resource_instance_id"": ""8057035535632679842"", ""resource_project_id"": ""proyecto-2-cloud-509714"", ""resource_type"": ""gce_instance"", ""resource_zone"": ""us-central1-a"", ""vm"": ""8057035535632679842""}",0
2026-09-27T02:43:29.739968Z,"{""command"": ""kintegrityd"", ""command_line"": """", ""owner"": ""root"", ""pid"": ""37"", ""process"": ""all"", ""resource_instance_id"": ""8057035535632679842"", ""resource_project_id"": ""proyecto-2-cloud-509714"", ""resource_type"": ""gce_instance"", ""resource_zone"": ""us-central1-a"", ""vm"": ""8057035535632679842""}",0
2026-09-27T02:42:59.733863Z,"{""command"": ""kintegrityd"", ""command_line"": """", ""owner"": ""root"", ""pid"": ""37"", ""process"": ""all"", ""resource_instance_id"": ""8057035535632679842"", ""resource_project_id"": ""proyecto-2-cloud-509714"", ""resource_type"": ""gce_instance"", ""resource_zone"": ""us-central1-a"", ""vm"": ""8057035535632679842""}",0
2026-09-27T02:42:29.758748Z,"{""command"": ""kintegrityd"", ""command_line"": """", ""owner"": ""root"", ""pid"": ""37"", ""process"": ""all"", ""resource_instance_id"": ""8057035535632679842"", ""resource_project_id"": ""proyecto-2-cloud-509714"", ""resource_type"": ""gce_instance"", ""resource_zone"": ""us-central1-a"", ""vm"": ""8057035535632679842""}",0
2026-09-27T02:41:59.737121Z,"{""command"": ""kintegrityd"", ""command_line"": """", ""owner"": ""root"", ""pid"": ""37"", ""process"": ""all"", ""resource_instance_id"": ""8057035535632679842"", ""resource_project_id"": ""proyecto-2-cloud-509714"", ""resource_type"": ""gce_instance"", ""resource_zone"": ""us-central1-a"", ""vm"": ""8057035535632679842""}",0
2026-09-27T02:41:29.740980Z,"{""command"": ""kintegrityd"", ""command_line"": """", ""owner"": ""root"", ""pid"": ""37"", ""process"": ""all"", ""resource_instance_id"": ""8057035535632679842"", ""resource_project_id"": ""proyecto-2-cloud-509714"", ""resource_type"": ""gce_instance"", ""resource_zone"": ""us-central1-a"", ""vm"": ""8057035535632679842""}",0
2026-09-27T02:40:59.728783Z,"{""command"": ""kintegrityd"", ""command_line"": """", ""owner"": ""root"", ""pid"": ""37"", ""process"": ""all"", ""resource_instance_id"": ""8057035535632679842"", ""resource_project_id"": ""proyecto-2-cloud-509714"", ""resource_type"": ""gce_instance"", ""resource_zone"": ""us-central1-a"", ""vm"": ""8057035535632679842""}",0
2026-09-27T02:40:29.726898Z,"{""command"": ""kintegrityd"", ""command_line"": """", ""owner"": ""root"", ""pid"": ""37"", ""process"": ""all"", ""resource_instance_id"": ""8057035535632679842"", ""resource_project_id"": ""proyecto-2-cloud-509714"", ""resource_type"": ""gce_instance"", ""resource_zone"": ""us-central1-a"", ""vm"": ""8057035535632679842""}",0
2026-09-27T02:39:59.732794Z,"{""command"": ""kintegrityd"", ""command_line"": """", ""owner"": ""root"", ""pid"": ""37"", ""process"": ""all"", ""resource_instance_id"": ""8057035535632679842"", ""resource_project_id"": ""proyecto-2-cloud-509714"", ""resource_type"": ""gce_instance"", ""resource_zone"": ""us-central1-a"", ""vm"": ""8057035535632679842""}",0
2026-09-27T02:39:29.728747Z,"{""command"": ""kintegrityd"", ""command_line"": """", ""owner"": ""root"", ""pid"": ""37"", ""process"": ""all"", ""resource_instance_id"": ""8057035535632679842"", ""resource_project_id"": ""proyecto-2-cloud-509714"", ""resource_type"": ""gce_instance"", ""resource_zone"": ""us-central1-a"", ""vm"": ""8057035535632679842""}",0
2026-09-27T02:38:59.733241Z,"{""command"": ""kintegrityd"", ""command_line"": """", ""owner"": ""root"", ""pid"": ""37"", ""process"": ""all"", ""resource_instance_id"": ""8057035535632679842"", ""resource_project_id"": ""proyecto-2-cloud-509714"", ""resource_type"": ""gce_instance"", ""resource_zone"": ""us-central1-a"", ""vm"": ""8057035535632679842""}",0
2026-09-27T02:38:29.725683Z,"{""command"": ""kintegrityd"", ""command_line"": """", ""owner"": ""root"", ""pid"": ""37"", ""process"": ""all"", ""resource_instance_id"": ""8057035535632679842"", ""resource_project_id"": ""proyecto-2-cloud-509714"", ""resource_type"": ""gce_instance"", ""resource_zone"": ""us-central1-a"", ""vm"": ""8057035535632679842""}",0
2026-09-27T02:37:59.736285Z,"{""command"": ""kintegrityd"", ""command_line"": """", ""owner"": ""root"", ""pid"": ""37"", ""process"": ""all"", ""resource_instance_id"": ""8057035535632679842"", ""resource_project_id"": ""proyecto-2-cloud-509714"", ""resource_type"": ""gce_instance"", ""resource_zone"": ""us-central1-a"", ""vm"": ""8057035535632679842""}",0
2026-09-27T02:37:29.729781Z,"{""command"": ""kintegrityd"", ""command_line"": """", ""owner"": ""root"", ""pid"": ""37"", ""process"": ""all"", ""resource_instance_id"": ""8057035535632679842"", ""resource_project_id"": ""proyecto-2-cloud-509714"", ""resource_type"": ""gce_instance"", ""resource_zone"": ""us-central1-a"", ""vm"": ""8057035535632679842""}",0
2026-09-27T02:36:59.737161Z,"{""command"": ""kintegrityd"", ""command_line"": """", ""owner"": ""root"", ""pid"": ""37"", ""process"": ""all"", ""resource_instance_id"": ""8057035535632679842"", ""resource_project_id"": ""proyecto-2-cloud-509714"", ""resource_type"": ""gce_instance"", ""resource_zone"": ""us-central1-a"", ""vm"": ""8057035535632679842""}",0
2026-09-27T02:36:29.732199Z,"{""command"": ""kintegrityd"", ""command_line"": """", ""owner"": ""root"", ""pid"": ""37"", ""process"": ""all"", ""resource_instance_id"": ""8057035535632679842"", ""resource_project_id"": ""proyecto-2-cloud-509714"", ""resource_type"": ""gce_instance"", ""resource_zone"": ""us-central1-a"", ""vm"": ""8057035535632679842""}",0
2026-09-27T02:35:59.725550Z,"{""command"": ""kintegrityd"", ""command_line"": """", ""owner"": ""root"", ""pid"": ""37"", ""process"": ""all"", ""resource_instance_id"": ""8057035535632679842"", ""resource_project_id"": ""proyecto-2-cloud-509714"", ""resource_type"": ""gce_instance"", ""resource_zone"": ""us-central1-a"", ""vm"": ""8057035535632679842""}",0
2026-09-27T02:35:29.724357Z,"{""command"": ""kintegrityd"", ""command_line"": """", ""owner"": ""root"", ""pid"": ""37"", ""process"": ""all"", ""resource_instance_id"": ""8057035535632679842"", ""resource_project_id"": ""proyecto-2-cloud-509714"", ""resource_type"": ""gce_instance"", ""resource_zone"": ""us-central1-a"", ""vm"": ""8057035535632679842""}",0
2026-09-27T02:34:59.729104Z,"{""command"": ""kintegrityd"", ""command_line"": """", ""owner"": ""root"", ""pid"": ""37"", ""process"": ""all"", ""resource_instance_id"": ""8057035535632679842"", ""resource_project_id"": ""proyecto-2-cloud-509714"", ""resource_type"": ""gce_instance"", ""resource_zone"": ""us-central1-a"", ""vm"": ""8057035535632679842""}",0
2026-09-27T02:34:29.728630Z,"{""command"": ""kintegrityd"", ""command_line"": """", ""owner"": ""root"", ""pid"": ""37"", ""process"": ""all"", ""resource_instance_id"": ""8057035535632679842"", ""resource_project_id"": ""proyecto-2-cloud-509714"", ""resource_type"": ""gce_instance"", ""resource_zone"": ""us-central1-a"", ""vm"": ""8057035535632679842""}",0
2026-09-27T02:33:59.735686Z,"{""command"": ""kintegrityd"", ""command_line"": """", ""owner"": ""root"", ""pid"": ""37"", ""process"": ""all"", ""resource_instance_id"": ""8057035535632679842"", ""resource_project_id"": ""proyecto-2-cloud-509714"", ""resource_type"": ""gce_instance"", ""resource_zone"": ""us-central1-a"", ""vm"": ""8057035535632679842""}",0
2026-09-27T02:33:29.725067Z,"{""command"": ""kintegrityd"", ""command_line"": """", ""owner"": ""root"", ""pid"": ""37"", ""process"": ""all"", ""resource_instance_id"": ""8057035535632679842"", ""resource_project_id"": ""proyecto-2-cloud-509714"", ""resource_type"": ""gce_instance"", ""resource_zone"": ""us-central1-a"", ""vm"": ""8057035535632679842""}",0
2026-09-27T02:32:59.742123Z,"{""command"": ""kintegrityd"", ""command_line"": """", ""owner"": ""root"", ""pid"": ""37"", ""process"": ""all"", ""resource_instance_id"": ""8057035535632679842"", ""resource_project_id"": ""proyecto-2-cloud-509714"", ""resource_type"": ""gce_instance"", ""resource_zone"": ""us-central1-a"", ""vm"": ""8057035535632679842""}",0
2026-09-27T02:32:29.733311Z,"{""command"": ""kintegrityd"", ""command_line"": """", ""owner"": ""root"", ""pid"": ""37"", ""process"": ""all"", ""resource_instance_id"": ""8057035535632679842"", ""resource_project_id"": ""proyecto-2-cloud-509714"", ""resource_type"": ""gce_instance"", ""resource_zone"": ""us-central1-a"", ""vm"": ""8057035535632679842""}",0
2026-09-27T02:31:59.733565Z,"{""command"": ""kintegrityd"", ""command_line"": """", ""owner"": ""root"", ""pid"": ""37"", ""process"": ""all"", ""resource_instance_id"": ""8057035535632679842"", ""resource_project_id"": ""proyecto-2-cloud-509714"", ""resource_type"": ""gce_instance"", ""resource_zone"": ""us-central1-a"", ""vm"": ""8057035535632679842""}",0
2026-09-27T02:31:29.728141Z,"{""command"": ""kintegrityd"", ""command_line"": """", ""owner"": ""root"", ""pid"": ""37"", ""process"": ""all"", ""resource_instance_id"": ""8057035535632679842"", ""resource_project_id"": ""proyecto-2-cloud-509714"", ""resource_type"": ""gce_instance"", ""resource_zone"": ""us-central1-a"", ""vm"": ""8057035535632679842""}",0
2026-09-27T02:30:59.743326Z,"{""command"": ""kintegrityd"", ""command_line"": """", ""owner"": ""root"", ""pid"": ""37"", ""process"": ""all"", ""resource_instance_id"": ""8057035535632679842"", ""resource_project_id"": ""proyecto-2-cloud-509714"", ""resource_type"": ""gce_instance"", ""resource_zone"": ""us-central1-a"", ""vm"": ""8057035535632679842""}",0
2026-09-27T02:30:29.738483Z,"{""command"": ""kintegrityd"", ""command_line"": """", ""owner"": ""root"", ""pid"": ""37"", ""process"": ""all"", ""resource_instance_id"": ""8057035535632679842"", ""resource_project_id"": ""proyecto-2-cloud-509714"", ""resource_type"": ""gce_instance"", ""resource_zone"": ""us-central1-a"", ""vm"": ""8057035535632679842""}",0
2026-09-27T02:30:22.324889Z,"{""command"": ""kintegrityd"", ""command_line"": """", ""owner"": ""root"", ""pid"": ""37"", ""process"": ""all"", ""resource_instance_id"": ""8057035535632679842"", ""resource_project_id"": ""proyecto-2-cloud-509714"", ""resource_type"": ""gce_instance"", ""resource_zone"": ""us-central1-a"", ""vm"": ""8057035535632679842""}",0
2026-09-27T02:49:59.736570Z,"{""command"": ""ksmd"", ""command_line"": """", ""owner"": ""root"", ""pid"": ""35"", ""process"": ""all"", ""resource_instance_id"": ""8057035535632679842"", ""resource_project_id"": ""proyecto-2-cloud-509714"", ""resource_type"": ""gce_instance"", ""resource_zone"": ""us-central1-a"", ""vm"": ""8057035535632679842""}",0
2026-09-27T02:49:29.733543Z,"{""command"": ""ksmd"", ""command_line"": """", ""owner"": ""root"", ""pid"": ""35"", ""process"": ""all"", ""resource_instance_id"": ""8057035535632679842"", ""resource_project_id"": ""proyecto-2-cloud-509714"", ""resource_type"": ""gce_instance"", ""resource_zone"": ""us-central1-a"", ""vm"": ""8057035535632679842""}",0
2026-09-27T02:48:59.728644Z,"{""command"": ""ksmd"", ""command_line"": """", ""owner"": ""root"", ""pid"": ""35"", ""process"": ""all"", ""resource_instance_id"": ""8057035535632679842"", ""resource_project_id"": ""proyecto-2-cloud-509714"", ""resource_type"": ""gce_instance"", ""resource_zone"": ""us-central1-a"", ""vm"": ""8057035535632679842""}",0
2026-09-27T02:48:29.735123Z,"{""command"": ""ksmd"", ""command_line"": """", ""owner"": ""root"", ""pid"": ""35"", ""process"": ""all"", ""resource_instance_id"": ""8057035535632679842"", ""resource_project_id"": ""proyecto-2-cloud-509714"", ""resource_type"": ""gce_instance"", ""resource_zone"": ""us-central1-a"", ""vm"": ""8057035535632679842""}",0
2026-09-27T02:47:59.733025Z,"{""command"": ""ksmd"", ""command_line"": """", ""owner"": ""root"", ""pid"": ""35"", ""process"": ""all"", ""resource_instance_id"": ""8057035535632679842"", ""resource_project_id"": ""proyecto-2-cloud-509714"", ""resource_type"": ""gce_instance"", ""resource_zone"": ""us-central1-a"", ""vm"": ""8057035535632679842""}",0
2026-09-27T02:47:29.729703Z,"{""command"": ""ksmd"", ""command_line"": """", ""owner"": ""root"", ""pid"": ""35"", ""process"": ""all"", ""resource_instance_id"": ""8057035535632679842"", ""resource_project_id"": ""proyecto-2-cloud-509714"", ""resource_type"": ""gce_instance"", ""resource_zone"": ""us-central1-a"", ""vm"": ""8057035535632679842""}",0
2026-09-27T02:46:59.740254Z,"{""command"": ""ksmd"", ""command_line"": """", ""owner"": ""root"", ""pid"": ""35"", ""process"": ""all"", ""resource_instance_id"": ""8057035535632679842"", ""resource_project_id"": ""proyecto-2-cloud-509714"", ""resource_type"": ""gce_instance"", ""resource_zone"": ""us-central1-a"", ""vm"": ""8057035535632679842""}",0
2026-09-27T02:46:29.734999Z,"{""command"": ""ksmd"", ""command_line"": """", ""owner"": ""root"", ""pid"": ""35"", ""process"": ""all"", ""resource_instance_id"": ""8057035535632679842"", ""resource_project_id"": ""proyecto-2-cloud-509714"", ""resource_type"": ""gce_instance"", ""resource_zone"": ""us-central1-a"", ""vm"": ""8057035535632679842""}",0
2026-09-27T02:45:59.729596Z,"{""command"": ""ksmd"", ""command_line"": """", ""owner"": ""root"", ""pid"": ""35"", ""process"": ""all"", ""resource_instance_id"": ""8057035535632679842"", ""resource_project_id"": ""proyecto-2-cloud-509714"", ""resource_type"": ""gce_instance"", ""resource_zone"": ""us-central1-a"", ""vm"": ""8057035535632679842""}",0
2026-09-27T02:45:29.735428Z,"{""command"": ""ksmd"", ""command_line"": """", ""owner"": ""root"", ""pid"": ""35"", ""process"": ""all"", ""resource_instance_id"": ""8057035535632679842"", ""resource_project_id"": ""proyecto-2-cloud-509714"", ""resource_type"": ""gce_instance"", ""resource_zone"": ""us-central1-a"", ""vm"": ""8057035535632679842""}",0
2026-09-27T02:44:59.740663Z,"{""command"": ""ksmd"", ""command_line"": """", ""owner"": ""root"", ""pid"": ""35"", ""process"": ""all"", ""resource_instance_id"": ""8057035535632679842"", ""resource_project_id"": ""proyecto-2-cloud-509714"", ""resource_type"": ""gce_instance"", ""resource_zone"": ""us-central1-a"", ""vm"": ""8057035535632679842""}",0
2026-09-27T02:44:29.737733Z,"{""command"": ""ksmd"", ""command_line"": """", ""owner"": ""root"", ""pid"": ""35"", ""process"": ""all"", ""resource_instance_id"": ""8057035535632679842"", ""resource_project_id"": ""proyecto-2-cloud-509714"", ""resource_type"": ""gce_instance"", ""resource_zone"": ""us-central1-a"", ""vm"": ""8057035535632679842""}",0
2026-09-27T02:43:59.739371Z,"{""command"": ""ksmd"", ""command_line"": """", ""owner"": ""root"", ""pid"": ""35"", ""process"": ""all"", ""resource_instance_id"": ""8057035535632679842"", ""resource_project_id"": ""proyecto-2-cloud-509714"", ""resource_type"": ""gce_instance"", ""resource_zone"": ""us-central1-a"", ""vm"": ""8057035535632679842""}",0
2026-09-27T02:43:29.739824Z,"{""command"": ""ksmd"", ""command_line"": """", ""owner"": ""root"", ""pid"": ""35"", ""process"": ""all"", ""resource_instance_id"": ""8057035535632679842"", ""resource_project_id"": ""proyecto-2-cloud-509714"", ""resource_type"": ""gce_instance"", ""resource_zone"": ""us-central1-a"", ""vm"": ""8057035535632679842""}",0
2026-09-27T02:42:59.733748Z,"{""command"": ""ksmd"", ""command_line"": """", ""owner"": ""root"", ""pid"": ""35"", ""process"": ""all"", ""resource_instance_id"": ""8057035535632679842"", ""resource_project_id"": ""proyecto-2-cloud-509714"", ""resource_type"": ""gce_instance"", ""resource_zone"": ""us-central1-a"", ""vm"": ""8057035535632679842""}",0
2026-09-27T02:42:29.758627Z,"{""command"": ""ksmd"", ""command_line"": """", ""owner"": ""root"", ""pid"": ""35"", ""process"": ""all"", ""resource_instance_id"": ""8057035535632679842"", ""resource_project_id"": ""proyecto-2-cloud-509714"", ""resource_type"": ""gce_instance"", ""resource_zone"": ""us-central1-a"", ""vm"": ""8057035535632679842""}",0
2026-09-27T02:41:59.736996Z,"{""command"": ""ksmd"", ""command_line"": """", ""owner"": ""root"", ""pid"": ""35"", ""process"": ""all"", ""resource_instance_id"": ""8057035535632679842"", ""resource_project_id"": ""proyecto-2-cloud-509714"", ""resource_type"": ""gce_instance"", ""resource_zone"": ""us-central1-a"", ""vm"": ""8057035535632679842""}",0
2026-09-27T02:41:29.740871Z,"{""command"": ""ksmd"", ""command_line"": """", ""owner"": ""root"", ""pid"": ""35"", ""process"": ""all"", ""resource_instance_id"": ""8057035535632679842"", ""resource_project_id"": ""proyecto-2-cloud-509714"", ""resource_type"": ""gce_instance"", ""resource_zone"": ""us-central1-a"", ""vm"": ""8057035535632679842""}",0
2026-09-27T02:40:59.728674Z,"{""command"": ""ksmd"", ""command_line"": """", ""owner"": ""root"", ""pid"": ""35"", ""process"": ""all"", ""resource_instance_id"": ""8057035535632679842"", ""resource_project_id"": ""proyecto-2-cloud-509714"", ""resource_type"": ""gce_instance"", ""resource_zone"": ""us-central1-a"", ""vm"": ""8057035535632679842""}",0
2026-09-27T02:40:29.726364Z,"{""command"": ""ksmd"", ""command_line"": """", ""owner"": ""root"", ""pid"": ""35"", ""process"": ""all"", ""resource_instance_id"": ""8057035535632679842"", ""resource_project_id"": ""proyecto-2-cloud-509714"", ""resource_type"": ""gce_instance"", ""resource_zone"": ""us-central1-a"", ""vm"": ""8057035535632679842""}",0
2026-09-27T02:39:59.732599Z,"{""command"": ""ksmd"", ""command_line"": """", ""owner"": ""root"", ""pid"": ""35"", ""process"": ""all"", ""resource_instance_id"": ""8057035535632679842"", ""resource_project_id"": ""proyecto-2-cloud-509714"", ""resource_type"": ""gce_instance"", ""resource_zone"": ""us-central1-a"", ""vm"": ""8057035535632679842""}",0
2026-09-27T02:39:29.728646Z,"{""command"": ""ksmd"", ""command_line"": """", ""owner"": ""root"", ""pid"": ""35"", ""process"": ""all"", ""resource_instance_id"": ""8057035535632679842"", ""resource_project_id"": ""proyecto-2-cloud-509714"", ""resource_type"": ""gce_instance"", ""resource_zone"": ""us-central1-a"", ""vm"": ""8057035535632679842""}",0
2026-09-27T02:38:59.733020Z,"{""command"": ""ksmd"", ""command_line"": """", ""owner"": ""root"", ""pid"": ""35"", ""process"": ""all"", ""resource_instance_id"": ""8057035535632679842"", ""resource_project_id"": ""proyecto-2-cloud-509714"", ""resource_type"": ""gce_instance"", ""resource_zone"": ""us-central1-a"", ""vm"": ""8057035535632679842""}",0
2026-09-27T02:38:29.725532Z,"{""command"": ""ksmd"", ""command_line"": """", ""owner"": ""root"", ""pid"": ""35"", ""process"": ""all"", ""resource_instance_id"": ""8057035535632679842"", ""resource_project_id"": ""proyecto-2-cloud-509714"", ""resource_type"": ""gce_instance"", ""resource_zone"": ""us-central1-a"", ""vm"": ""8057035535632679842""}",0
2026-09-27T02:37:59.736170Z,"{""command"": ""ksmd"", ""command_line"": """", ""owner"": ""root"", ""pid"": ""35"", ""process"": ""all"", ""resource_instance_id"": ""8057035535632679842"", ""resource_project_id"": ""proyecto-2-cloud-509714"", ""resource_type"": ""gce_instance"", ""resource_zone"": ""us-central1-a"", ""vm"": ""8057035535632679842""}",0
2026-09-27T02:37:29.729574Z,"{""command"": ""ksmd"", ""command_line"": """", ""owner"": ""root"", ""pid"": ""35"", ""process"": ""all"", ""resource_instance_id"": ""8057035535632679842"", ""resource_project_id"": ""proyecto-2-cloud-509714"", ""resource_type"": ""gce_instance"", ""resource_zone"": ""us-central1-a"", ""vm"": ""8057035535632679842""}",0
2026-09-27T02:36:59.736991Z,"{""command"": ""ksmd"", ""command_line"": """", ""owner"": ""root"", ""pid"": ""35"", ""process"": ""all"", ""resource_instance_id"": ""8057035535632679842"", ""resource_project_id"": ""proyecto-2-cloud-509714"", ""resource_type"": ""gce_instance"", ""resource_zone"": ""us-central1-a"", ""vm"": ""8057035535632679842""}",0
2026-09-27T02:36:29.732023Z,"{""command"": ""ksmd"", ""command_line"": """", ""owner"": ""root"", ""pid"": ""35"", ""process"": ""all"", ""resource_instance_id"": ""8057035535632679842"", ""resource_project_id"": ""proyecto-2-cloud-509714"", ""resource_type"": ""gce_instance"", ""resource_zone"": ""us-central1-a"", ""vm"": ""8057035535632679842""}",0
2026-09-27T02:35:59.725447Z,"{""command"": ""ksmd"", ""command_line"": """", ""owner"": ""root"", ""pid"": ""35"", ""process"": ""all"", ""resource_instance_id"": ""8057035535632679842"", ""resource_project_id"": ""proyecto-2-cloud-509714"", ""resource_type"": ""gce_instance"", ""resource_zone"": ""us-central1-a"", ""vm"": ""8057035535632679842""}",0
2026-09-27T02:35:29.724257Z,"{""command"": ""ksmd"", ""command_line"": """", ""owner"": ""root"", ""pid"": ""35"", ""process"": ""all"", ""resource_instance_id"": ""8057035535632679842"", ""resource_project_id"": ""proyecto-2-cloud-509714"", ""resource_type"": ""gce_instance"", ""resource_zone"": ""us-central1-a"", ""vm"": ""8057035535632679842""}",0
2026-09-27T02:34:59.728943Z,"{""command"": ""ksmd"", ""command_line"": """", ""owner"": ""root"", ""pid"": ""35"", ""process"": ""all"", ""resource_instance_id"": ""8057035535632679842"", ""resource_project_id"": ""proyecto-2-cloud-509714"", ""resource_type"": ""gce_instance"", ""resource_zone"": ""us-central1-a"", ""vm"": ""8057035535632679842""}",0
2026-09-27T02:34:29.728519Z,"{""command"": ""ksmd"", ""command_line"": """", ""owner"": ""root"", ""pid"": ""35"", ""process"": ""all"", ""resource_instance_id"": ""8057035535632679842"", ""resource_project_id"": ""proyecto-2-cloud-509714"", ""resource_type"": ""gce_instance"", ""resource_zone"": ""us-central1-a"", ""vm"": ""8057035535632679842""}",0
2026-09-27T02:33:59.735572Z,"{""command"": ""ksmd"", ""command_line"": """", ""owner"": ""root"", ""pid"": ""35"", ""process"": ""all"", ""resource_instance_id"": ""8057035535632679842"", ""resource_project_id"": ""proyecto-2-cloud-509714"", ""resource_type"": ""gce_instance"", ""resource_zone"": ""us-central1-a"", ""vm"": ""8057035535632679842""}",0
2026-09-27T02:33:29.724960Z,"{""command"": ""ksmd"", ""command_line"": """", ""owner"": ""root"", ""pid"": ""35"", ""process"": ""all"", ""resource_instance_id"": ""8057035535632679842"", ""resource_project_id"": ""proyecto-2-cloud-509714"", ""resource_type"": ""gce_instance"", ""resource_zone"": ""us-central1-a"", ""vm"": ""8057035535632679842""}",0
2026-09-27T02:32:59.742015Z,"{""command"": ""ksmd"", ""command_line"": """", ""owner"": ""root"", ""pid"": ""35"", ""process"": ""all"", ""resource_instance_id"": ""8057035535632679842"", ""resource_project_id"": ""proyecto-2-cloud-509714"", ""resource_type"": ""gce_instance"", ""resource_zone"": ""us-central1-a"", ""vm"": ""8057035535632679842""}",0
2026-09-27T02:32:29.733199Z,"{""command"": ""ksmd"", ""command_line"": """", ""owner"": ""root"", ""pid"": ""35"", ""process"": ""all"", ""resource_instance_id"": ""8057035535632679842"", ""resource_project_id"": ""proyecto-2-cloud-509714"", ""resource_type"": ""gce_instance"", ""resource_zone"": ""us-central1-a"", ""vm"": ""8057035535632679842""}",0
2026-09-27T02:31:59.733457Z,"{""command"": ""ksmd"", ""command_line"": """", ""owner"": ""root"", ""pid"": ""35"", ""process"": ""all"", ""resource_instance_id"": ""8057035535632679842"", ""resource_project_id"": ""proyecto-2-cloud-509714"", ""resource_type"": ""gce_instance"", ""resource_zone"": ""us-central1-a"", ""vm"": ""8057035535632679842""}",0
2026-09-27T02:31:29.728030Z,"{""command"": ""ksmd"", ""command_line"": """", ""owner"": ""root"", ""pid"": ""35"", ""process"": ""all"", ""resource_instance_id"": ""8057035535632679842"", ""resource_project_id"": ""proyecto-2-cloud-509714"", ""resource_type"": ""gce_instance"", ""resource_zone"": ""us-central1-a"", ""vm"": ""8057035535632679842""}",0
2026-09-27T02:30:59.743009Z,"{""command"": ""ksmd"", ""command_line"": """", ""owner"": ""root"", ""pid"": ""35"", ""process"": ""all"", ""resource_instance_id"": ""8057035535632679842"", ""resource_project_id"": ""proyecto-2-cloud-509714"", ""resource_type"": ""gce_instance"", ""resource_zone"": ""us-central1-a"", ""vm"": ""8057035535632679842""}",0
2026-09-27T02:30:29.738366Z,"{""command"": ""ksmd"", ""command_line"": """", ""owner"": ""root"", ""pid"": ""35"", ""process"": ""all"", ""resource_instance_id"": ""8057035535632679842"", ""resource_project_id"": ""proyecto-2-cloud-509714"", ""resource_type"": ""gce_instance"", ""resource_zone"": ""us-central1-a"", ""vm"": ""8057035535632679842""}",0
2026-09-27T02:30:22.324771Z,"{""command"": ""ksmd"", ""command_line"": """", ""owner"": ""root"", ""pid"": ""35"", ""process"": ""all"", ""resource_instance_id"": ""8057035535632679842"", ""resource_project_id"": ""proyecto-2-cloud-509714"", ""resource_type"": ""gce_instance"", ""resource_zone"": ""us-central1-a"", ""vm"": ""8057035535632679842""}",0
2026-09-27T02:49:59.735221Z,"{""command"": ""ksoftirqd/0"", ""command_line"": """", ""owner"": ""root"", ""pid"": ""14"", ""process"": ""all"", ""resource_instance_id"": ""8057035535632679842"", ""resource_project_id"": ""proyecto-2-cloud-509714"", ""resource_type"": ""gce_instance"", ""resource_zone"": ""us-central1-a"", ""vm"": ""8057035535632679842""}",0
2026-09-27T02:49:29.732663Z,"{""command"": ""ksoftirqd/0"", ""command_line"": """", ""owner"": ""root"", ""pid"": ""14"", ""process"": ""all"", ""resource_instance_id"": ""8057035535632679842"", ""resource_project_id"": ""proyecto-2-cloud-509714"", ""resource_type"": ""gce_instance"", ""resource_zone"": ""us-central1-a"", ""vm"": ""8057035535632679842""}",0
2026-09-27T02:48:59.727882Z,"{""command"": ""ksoftirqd/0"", ""command_line"": """", ""owner"": ""root"", ""pid"": ""14"", ""process"": ""all"", ""resource_instance_id"": ""8057035535632679842"", ""resource_project_id"": ""proyecto-2-cloud-509714"", ""resource_type"": ""gce_instance"", ""resource_zone"": ""us-central1-a"", ""vm"": ""8057035535632679842""}",0
2026-09-27T02:48:29.733467Z,"{""command"": ""ksoftirqd/0"", ""command_line"": """", ""owner"": ""root"", ""pid"": ""14"", ""process"": ""all"", ""resource_instance_id"": ""8057035535632679842"", ""resource_project_id"": ""proyecto-2-cloud-509714"", ""resource_type"": ""gce_instance"", ""resource_zone"": ""us-central1-a"", ""vm"": ""8057035535632679842""}",0
2026-09-27T02:47:59.732194Z,"{""command"": ""ksoftirqd/0"", ""command_line"": """", ""owner"": ""root"", ""pid"": ""14"", ""process"": ""all"", ""resource_instance_id"": ""8057035535632679842"", ""resource_project_id"": ""proyecto-2-cloud-509714"", ""resource_type"": ""gce_instance"", ""resource_zone"": ""us-central1-a"", ""vm"": ""8057035535632679842""}",0
2026-09-27T02:47:29.728270Z,"{""command"": ""ksoftirqd/0"", ""command_line"": """", ""owner"": ""root"", ""pid"": ""14"", ""process"": ""all"", ""resource_instance_id"": ""8057035535632679842"", ""resource_project_id"": ""proyecto-2-cloud-509714"", ""resource_type"": ""gce_instance"", ""resource_zone"": ""us-central1-a"", ""vm"": ""8057035535632679842""}",0
2026-09-27T02:46:59.739068Z,"{""command"": ""ksoftirqd/0"", ""command_line"": """", ""owner"": ""root"", ""pid"": ""14"", ""process"": ""all"", ""resource_instance_id"": ""8057035535632679842"", ""resource_project_id"": ""proyecto-2-cloud-509714"", ""resource_type"": ""gce_instance"", ""resource_zone"": ""us-central1-a"", ""vm"": ""8057035535632679842""}",0
2026-09-27T02:46:29.733955Z,"{""command"": ""ksoftirqd/0"", ""command_line"": """", ""owner"": ""root"", ""pid"": ""14"", ""process"": ""all"", ""resource_instance_id"": ""8057035535632679842"", ""resource_project_id"": ""proyecto-2-cloud-509714"", ""resource_type"": ""gce_instance"", ""resource_zone"": ""us-central1-a"", ""vm"": ""8057035535632679842""}",0
2026-09-27T02:45:59.728797Z,"{""command"": ""ksoftirqd/0"", ""command_line"": """", ""owner"": ""root"", ""pid"": ""14"", ""process"": ""all"", ""resource_instance_id"": ""8057035535632679842"", ""resource_project_id"": ""proyecto-2-cloud-509714"", ""resource_type"": ""gce_instance"", ""resource_zone"": ""us-central1-a"", ""vm"": ""8057035535632679842""}",0
2026-09-27T02:45:29.734596Z,"{""command"": ""ksoftirqd/0"", ""command_line"": """", ""owner"": ""root"", ""pid"": ""14"", ""process"": ""all"", ""resource_instance_id"": ""8057035535632679842"", ""resource_project_id"": ""proyecto-2-cloud-509714"", ""resource_type"": ""gce_instance"", ""resource_zone"": ""us-central1-a"", ""vm"": ""8057035535632679842""}",0
2026-09-27T02:44:59.739774Z,"{""command"": ""ksoftirqd/0"", ""command_line"": """", ""owner"": ""root"", ""pid"": ""14"", ""process"": ""all"", ""resource_instance_id"": ""8057035535632679842"", ""resource_project_id"": ""proyecto-2-cloud-509714"", ""resource_type"": ""gce_instance"", ""resource_zone"": ""us-central1-a"", ""vm"": ""8057035535632679842""}",0
2026-09-27T02:44:29.736842Z,"{""command"": ""ksoftirqd/0"", ""command_line"": """", ""owner"": ""root"", ""pid"": ""14"", ""process"": ""all"", ""resource_instance_id"": ""8057035535632679842"", ""resource_project_id"": ""proyecto-2-cloud-509714"", ""resource_type"": ""gce_instance"", ""resource_zone"": ""us-central1-a"", ""vm"": ""8057035535632679842""}",0
2026-09-27T02:43:59.738414Z,"{""command"": ""ksoftirqd/0"", ""command_line"": """", ""owner"": ""root"", ""pid"": ""14"", ""process"": ""all"", ""resource_instance_id"": ""8057035535632679842"", ""resource_project_id"": ""proyecto-2-cloud-509714"", ""resource_type"": ""gce_instance"", ""resource_zone"": ""us-central1-a"", ""vm"": ""8057035535632679842""}",0
2026-09-27T02:43:29.737680Z,"{""command"": ""ksoftirqd/0"", ""command_line"": """", ""owner"": ""root"", ""pid"": ""14"", ""process"": ""all"", ""resource_instance_id"": ""8057035535632679842"", ""resource_project_id"": ""proyecto-2-cloud-509714"", ""resource_type"": ""gce_instance"", ""resource_zone"": ""us-central1-a"", ""vm"": ""8057035535632679842""}",0
2026-09-27T02:42:59.732827Z,"{""command"": ""ksoftirqd/0"", ""command_line"": """", ""owner"": ""root"", ""pid"": ""14"", ""process"": ""all"", ""resource_instance_id"": ""8057035535632679842"", ""resource_project_id"": ""proyecto-2-cloud-509714"", ""resource_type"": ""gce_instance"", ""resource_zone"": ""us-central1-a"", ""vm"": ""8057035535632679842""}",0
2026-09-27T02:42:29.757633Z,"{""command"": ""ksoftirqd/0"", ""command_line"": """", ""owner"": ""root"", ""pid"": ""14"", ""process"": ""all"", ""resource_instance_id"": ""8057035535632679842"", ""resource_project_id"": ""proyecto-2-cloud-509714"", ""resource_type"": ""gce_instance"", ""resource_zone"": ""us-central1-a"", ""vm"": ""8057035535632679842""}",0
2026-09-27T02:41:59.735774Z,"{""command"": ""ksoftirqd/0"", ""command_line"": """", ""owner"": ""root"", ""pid"": ""14"", ""process"": ""all"", ""resource_instance_id"": ""8057035535632679842"", ""resource_project_id"": ""proyecto-2-cloud-509714"", ""resource_type"": ""gce_instance"", ""resource_zone"": ""us-central1-a"", ""vm"": ""8057035535632679842""}",0
2026-09-27T02:41:29.739856Z,"{""command"": ""ksoftirqd/0"", ""command_line"": """", ""owner"": ""root"", ""pid"": ""14"", ""process"": ""all"", ""resource_instance_id"": ""8057035535632679842"", ""resource_project_id"": ""proyecto-2-cloud-509714"", ""resource_type"": ""gce_instance"", ""resource_zone"": ""us-central1-a"", ""vm"": ""8057035535632679842""}",0
2026-09-27T02:40:59.727680Z,"{""command"": ""ksoftirqd/0"", ""command_line"": """", ""owner"": ""root"", ""pid"": ""14"", ""process"": ""all"", ""resource_instance_id"": ""8057035535632679842"", ""resource_project_id"": ""proyecto-2-cloud-509714"", ""resource_type"": ""gce_instance"", ""resource_zone"": ""us-central1-a"", ""vm"": ""8057035535632679842""}",0
2026-09-27T02:40:29.725551Z,"{""command"": ""ksoftirqd/0"", ""command_line"": """", ""owner"": ""root"", ""pid"": ""14"", ""process"": ""all"", ""resource_instance_id"": ""8057035535632679842"", ""resource_project_id"": ""proyecto-2-cloud-509714"", ""resource_type"": ""gce_instance"", ""resource_zone"": ""us-central1-a"", ""vm"": ""8057035535632679842""}",0
2026-09-27T02:39:59.729860Z,"{""command"": ""ksoftirqd/0"", ""command_line"": """", ""owner"": ""root"", ""pid"": ""14"", ""process"": ""all"", ""resource_instance_id"": ""8057035535632679842"", ""resource_project_id"": ""proyecto-2-cloud-509714"", ""resource_type"": ""gce_instance"", ""resource_zone"": ""us-central1-a"", ""vm"": ""8057035535632679842""}",0
2026-09-27T02:39:29.727792Z,"{""command"": ""ksoftirqd/0"", ""command_line"": """", ""owner"": ""root"", ""pid"": ""14"", ""process"": ""all"", ""resource_instance_id"": ""8057035535632679842"", ""resource_project_id"": ""proyecto-2-cloud-509714"", ""resource_type"": ""gce_instance"", ""resource_zone"": ""us-central1-a"", ""vm"": ""8057035535632679842""}",0
2026-09-27T02:38:59.731645Z,"{""command"": ""ksoftirqd/0"", ""command_line"": """", ""owner"": ""root"", ""pid"": ""14"", ""process"": ""all"", ""resource_instance_id"": ""8057035535632679842"", ""resource_project_id"": ""proyecto-2-cloud-509714"", ""resource_type"": ""gce_instance"", ""resource_zone"": ""us-central1-a"", ""vm"": ""8057035535632679842""}",0
2026-09-27T02:38:29.724349Z,"{""command"": ""ksoftirqd/0"", ""command_line"": """", ""owner"": ""root"", ""pid"": ""14"", ""process"": ""all"", ""resource_instance_id"": ""8057035535632679842"", ""resource_project_id"": ""proyecto-2-cloud-509714"", ""resource_type"": ""gce_instance"", ""resource_zone"": ""us-central1-a"", ""vm"": ""8057035535632679842""}",0
2026-09-27T02:37:59.735312Z,"{""command"": ""ksoftirqd/0"", ""command_line"": """", ""owner"": ""root"", ""pid"": ""14"", ""process"": ""all"", ""resource_instance_id"": ""8057035535632679842"", ""resource_project_id"": ""proyecto-2-cloud-509714"", ""resource_type"": ""gce_instance"", ""resource_zone"": ""us-central1-a"", ""vm"": ""8057035535632679842""}",0
2026-09-27T02:37:29.728201Z,"{""command"": ""ksoftirqd/0"", ""command_line"": """", ""owner"": ""root"", ""pid"": ""14"", ""process"": ""all"", ""resource_instance_id"": ""8057035535632679842"", ""resource_project_id"": ""proyecto-2-cloud-509714"", ""resource_type"": ""gce_instance"", ""resource_zone"": ""us-central1-a"", ""vm"": ""8057035535632679842""}",0
2026-09-27T02:36:59.735627Z,"{""command"": ""ksoftirqd/0"", ""command_line"": """", ""owner"": ""root"", ""pid"": ""14"", ""process"": ""all"", ""resource_instance_id"": ""8057035535632679842"", ""resource_project_id"": ""proyecto-2-cloud-509714"", ""resource_type"": ""gce_instance"", ""resource_zone"": ""us-central1-a"", ""vm"": ""8057035535632679842""}",0
2026-09-27T02:36:29.730667Z,"{""command"": ""ksoftirqd/0"", ""command_line"": """", ""owner"": ""root"", ""pid"": ""14"", ""process"": ""all"", ""resource_instance_id"": ""8057035535632679842"", ""resource_project_id"": ""proyecto-2-cloud-509714"", ""resource_type"": ""gce_instance"", ""resource_zone"": ""us-central1-a"", ""vm"": ""8057035535632679842""}",0
2026-09-27T02:35:59.724584Z,"{""command"": ""ksoftirqd/0"", ""command_line"": """", ""owner"": ""root"", ""pid"": ""14"", ""process"": ""all"", ""resource_instance_id"": ""8057035535632679842"", ""resource_project_id"": ""proyecto-2-cloud-509714"", ""resource_type"": ""gce_instance"", ""resource_zone"": ""us-central1-a"", ""vm"": ""8057035535632679842""}",0
2026-09-27T02:35:29.723459Z,"{""command"": ""ksoftirqd/0"", ""command_line"": """", ""owner"": ""root"", ""pid"": ""14"", ""process"": ""all"", ""resource_instance_id"": ""8057035535632679842"", ""resource_project_id"": ""proyecto-2-cloud-509714"", ""resource_type"": ""gce_instance"", ""resource_zone"": ""us-central1-a"", ""vm"": ""8057035535632679842""}",0
2026-09-27T02:34:59.727917Z,"{""command"": ""ksoftirqd/0"", ""command_line"": """", ""owner"": ""root"", ""pid"": ""14"", ""process"": ""all"", ""resource_instance_id"": ""8057035535632679842"", ""resource_project_id"": ""proyecto-2-cloud-509714"", ""resource_type"": ""gce_instance"", ""resource_zone"": ""us-central1-a"", ""vm"": ""8057035535632679842""}",0
2026-09-27T02:34:29.727560Z,"{""command"": ""ksoftirqd/0"", ""command_line"": """", ""owner"": ""root"", ""pid"": ""14"", ""process"": ""all"", ""resource_instance_id"": ""8057035535632679842"", ""resource_project_id"": ""proyecto-2-cloud-509714"", ""resource_type"": ""gce_instance"", ""resource_zone"": ""us-central1-a"", ""vm"": ""8057035535632679842""}",0
2026-09-27T02:33:59.734609Z,"{""command"": ""ksoftirqd/0"", ""command_line"": """", ""owner"": ""root"", ""pid"": ""14"", ""process"": ""all"", ""resource_instance_id"": ""8057035535632679842"", ""resource_project_id"": ""proyecto-2-cloud-509714"", ""resource_type"": ""gce_instance"", ""resource_zone"": ""us-central1-a"", ""vm"": ""8057035535632679842""}",0
2026-09-27T02:33:29.724121Z,"{""command"": ""ksoftirqd/0"", ""command_line"": """", ""owner"": ""root"", ""pid"": ""14"", ""process"": ""all"", ""resource_instance_id"": ""8057035535632679842"", ""resource_project_id"": ""proyecto-2-cloud-509714"", ""resource_type"": ""gce_instance"", ""resource_zone"": ""us-central1-a"", ""vm"": ""8057035535632679842""}",0
2026-09-27T02:32:59.741091Z,"{""command"": ""ksoftirqd/0"", ""command_line"": """", ""owner"": ""root"", ""pid"": ""14"", ""process"": ""all"", ""resource_instance_id"": ""8057035535632679842"", ""resource_project_id"": ""proyecto-2-cloud-509714"", ""resource_type"": ""gce_instance"", ""resource_zone"": ""us-central1-a"", ""vm"": ""8057035535632679842""}",0
2026-09-27T02:32:29.732243Z,"{""command"": ""ksoftirqd/0"", ""command_line"": """", ""owner"": ""root"", ""pid"": ""14"", ""process"": ""all"", ""resource_instance_id"": ""8057035535632679842"", ""resource_project_id"": ""proyecto-2-cloud-509714"", ""resource_type"": ""gce_instance"", ""resource_zone"": ""us-central1-a"", ""vm"": ""8057035535632679842""}",0
2026-09-27T02:31:59.732579Z,"{""command"": ""ksoftirqd/0"", ""command_line"": """", ""owner"": ""root"", ""pid"": ""14"", ""process"": ""all"", ""resource_instance_id"": ""8057035535632679842"", ""resource_project_id"": ""proyecto-2-cloud-509714"", ""resource_type"": ""gce_instance"", ""resource_zone"": ""us-central1-a"", ""vm"": ""8057035535632679842""}",0
2026-09-27T02:31:29.727106Z,"{""command"": ""ksoftirqd/0"", ""command_line"": """", ""owner"": ""root"", ""pid"": ""14"", ""process"": ""all"", ""resource_instance_id"": ""8057035535632679842"", ""resource_project_id"": ""proyecto-2-cloud-509714"", ""resource_type"": ""gce_instance"", ""resource_zone"": ""us-central1-a"", ""vm"": ""8057035535632679842""}",0
2026-09-27T02:30:59.741166Z,"{""command"": ""ksoftirqd/0"", ""command_line"": """", ""owner"": ""root"", ""pid"": ""14"", ""process"": ""all"", ""resource_instance_id"": ""8057035535632679842"", ""resource_project_id"": ""proyecto-2-cloud-509714"", ""resource_type"": ""gce_instance"", ""resource_zone"": ""us-central1-a"", ""vm"": ""8057035535632679842""}",0
2026-09-27T02:30:29.737299Z,"{""command"": ""ksoftirqd/0"", ""command_line"": """", ""owner"": ""root"", ""pid"": ""14"", ""process"": ""all"", ""resource_instance_id"": ""8057035535632679842"", ""resource_project_id"": ""proyecto-2-cloud-509714"", ""resource_type"": ""gce_instance"", ""resource_zone"": ""us-central1-a"", ""vm"": ""8057035535632679842""}",0
2026-09-27T02:30:22.323705Z,"{""command"": ""ksoftirqd/0"", ""command_line"": """", ""owner"": ""root"", ""pid"": ""14"", ""process"": ""all"", ""resource_instance_id"": ""8057035535632679842"", ""resource_project_id"": ""proyecto-2-cloud-509714"", ""resource_type"": ""gce_instance"", ""resource_zone"": ""us-central1-a"", ""vm"": ""8057035535632679842""}",0
2026-09-27T02:49:59.735762Z,"{""command"": ""ksoftirqd/1"", ""command_line"": """", ""owner"": ""root"", ""pid"": ""21"", ""process"": ""all"", ""resource_instance_id"": ""8057035535632679842"", ""resource_project_id"": ""proyecto-2-cloud-509714"", ""resource_type"": ""gce_instance"", ""resource_zone"": ""us-central1-a"", ""vm"": ""8057035535632679842""}",0
2026-09-27T02:49:29.733013Z,"{""command"": ""ksoftirqd/1"", ""command_line"": """", ""owner"": ""root"", ""pid"": ""21"", ""process"": ""all"", ""resource_instance_id"": ""8057035535632679842"", ""resource_project_id"": ""proyecto-2-cloud-509714"", ""resource_type"": ""gce_instance"", ""resource_zone"": ""us-central1-a"", ""vm"": ""8057035535632679842""}",0
2026-09-27T02:48:59.728183Z,"{""command"": ""ksoftirqd/1"", ""command_line"": """", ""owner"": ""root"", ""pid"": ""21"", ""process"": ""all"", ""resource_instance_id"": ""8057035535632679842"", ""resource_project_id"": ""proyecto-2-cloud-509714"", ""resource_type"": ""gce_instance"", ""resource_zone"": ""us-central1-a"", ""vm"": ""8057035535632679842""}",0
2026-09-27T02:48:29.734121Z,"{""command"": ""ksoftirqd/1"", ""command_line"": """", ""owner"": ""root"", ""pid"": ""21"", ""process"": ""all"", ""resource_instance_id"": ""8057035535632679842"", ""resource_project_id"": ""proyecto-2-cloud-509714"", ""resource_type"": ""gce_instance"", ""resource_zone"": ""us-central1-a"", ""vm"": ""8057035535632679842""}",0
2026-09-27T02:47:59.732503Z,"{""command"": ""ksoftirqd/1"", ""command_line"": """", ""owner"": ""root"", ""pid"": ""21"", ""process"": ""all"", ""resource_instance_id"": ""8057035535632679842"", ""resource_project_id"": ""proyecto-2-cloud-509714"", ""resource_type"": ""gce_instance"", ""resource_zone"": ""us-central1-a"", ""vm"": ""8057035535632679842""}",0
2026-09-27T02:47:29.728799Z,"{""command"": ""ksoftirqd/1"", ""command_line"": """", ""owner"": ""root"", ""pid"": ""21"", ""process"": ""all"", ""resource_instance_id"": ""8057035535632679842"", ""resource_project_id"": ""proyecto-2-cloud-509714"", ""resource_type"": ""gce_instance"", ""resource_zone"": ""us-central1-a"", ""vm"": ""8057035535632679842""}",0
2026-09-27T02:46:59.739543Z,"{""command"": ""ksoftirqd/1"", ""command_line"": """", ""owner"": ""root"", ""pid"": ""21"", ""process"": ""all"", ""resource_instance_id"": ""8057035535632679842"", ""resource_project_id"": ""proyecto-2-cloud-509714"", ""resource_type"": ""gce_instance"", ""resource_zone"": ""us-central1-a"", ""vm"": ""8057035535632679842""}",0
2026-09-27T02:46:29.734312Z,"{""command"": ""ksoftirqd/1"", ""command_line"": """", ""owner"": ""root"", ""pid"": ""21"", ""process"": ""all"", ""resource_instance_id"": ""8057035535632679842"", ""resource_project_id"": ""proyecto-2-cloud-509714"", ""resource_type"": ""gce_instance"", ""resource_zone"": ""us-central1-a"", ""vm"": ""8057035535632679842""}",0
2026-09-27T02:45:59.729121Z,"{""command"": ""ksoftirqd/1"", ""command_line"": """", ""owner"": ""root"", ""pid"": ""21"", ""process"": ""all"", ""resource_instance_id"": ""8057035535632679842"", ""resource_project_id"": ""proyecto-2-cloud-509714"", ""resource_type"": ""gce_instance"", ""resource_zone"": ""us-central1-a"", ""vm"": ""8057035535632679842""}",0
2026-09-27T02:45:29.734972Z,"{""command"": ""ksoftirqd/1"", ""command_line"": """", ""owner"": ""root"", ""pid"": ""21"", ""process"": ""all"", ""resource_instance_id"": ""8057035535632679842"", ""resource_project_id"": ""proyecto-2-cloud-509714"", ""resource_type"": ""gce_instance"", ""resource_zone"": ""us-central1-a"", ""vm"": ""8057035535632679842""}",0
2026-09-27T02:44:59.740139Z,"{""command"": ""ksoftirqd/1"", ""command_line"": """", ""owner"": ""root"", ""pid"": ""21"", ""process"": ""all"", ""resource_instance_id"": ""8057035535632679842"", ""resource_project_id"": ""proyecto-2-cloud-509714"", ""resource_type"": ""gce_instance"", ""resource_zone"": ""us-central1-a"", ""vm"": ""8057035535632679842""}",0
2026-09-27T02:44:29.737188Z,"{""command"": ""ksoftirqd/1"", ""command_line"": """", ""owner"": ""root"", ""pid"": ""21"", ""process"": ""all"", ""resource_instance_id"": ""8057035535632679842"", ""resource_project_id"": ""proyecto-2-cloud-509714"", ""resource_type"": ""gce_instance"", ""resource_zone"": ""us-central1-a"", ""vm"": ""8057035535632679842""}",0
2026-09-27T02:43:59.738825Z,"{""command"": ""ksoftirqd/1"", ""command_line"": """", ""owner"": ""root"", ""pid"": ""21"", ""process"": ""all"", ""resource_instance_id"": ""8057035535632679842"", ""resource_project_id"": ""proyecto-2-cloud-509714"", ""resource_type"": ""gce_instance"", ""resource_zone"": ""us-central1-a"", ""vm"": ""8057035535632679842""}",0
2026-09-27T02:43:29.739098Z,"{""command"": ""ksoftirqd/1"", ""command_line"": """", ""owner"": ""root"", ""pid"": ""21"", ""process"": ""all"", ""resource_instance_id"": ""8057035535632679842"", ""resource_project_id"": ""proyecto-2-cloud-509714"", ""resource_type"": ""gce_instance"", ""resource_zone"": ""us-central1-a"", ""vm"": ""8057035535632679842""}",0
2026-09-27T02:42:59.733200Z,"{""command"": ""ksoftirqd/1"", ""command_line"": """", ""owner"": ""root"", ""pid"": ""21"", ""process"": ""all"", ""resource_instance_id"": ""8057035535632679842"", ""resource_project_id"": ""proyecto-2-cloud-509714"", ""resource_type"": ""gce_instance"", ""resource_zone"": ""us-central1-a"", ""vm"": ""8057035535632679842""}",0
2026-09-27T02:42:29.758021Z,"{""command"": ""ksoftirqd/1"", ""command_line"": """", ""owner"": ""root"", ""pid"": ""21"", ""process"": ""all"", ""resource_instance_id"": ""8057035535632679842"", ""resource_project_id"": ""proyecto-2-cloud-509714"", ""resource_type"": ""gce_instance"", ""resource_zone"": ""us-central1-a"", ""vm"": ""8057035535632679842""}",0
2026-09-27T02:41:59.736303Z,"{""command"": ""ksoftirqd/1"", ""command_line"": """", ""owner"": ""root"", ""pid"": ""21"", ""process"": ""all"", ""resource_instance_id"": ""8057035535632679842"", ""resource_project_id"": ""proyecto-2-cloud-509714"", ""resource_type"": ""gce_instance"", ""resource_zone"": ""us-central1-a"", ""vm"": ""8057035535632679842""}",0
2026-09-27T02:41:29.740379Z,"{""command"": ""ksoftirqd/1"", ""command_line"": """", ""owner"": ""root"", ""pid"": ""21"", ""process"": ""all"", ""resource_instance_id"": ""8057035535632679842"", ""resource_project_id"": ""proyecto-2-cloud-509714"", ""resource_type"": ""gce_instance"", ""resource_zone"": ""us-central1-a"", ""vm"": ""8057035535632679842""}",0
2026-09-27T02:40:59.728079Z,"{""command"": ""ksoftirqd/1"", ""command_line"": """", ""owner"": ""root"", ""pid"": ""21"", ""process"": ""all"", ""resource_instance_id"": ""8057035535632679842"", ""resource_project_id"": ""proyecto-2-cloud-509714"", ""resource_type"": ""gce_instance"", ""resource_zone"": ""us-central1-a"", ""vm"": ""8057035535632679842""}",0
2026-09-27T02:40:29.725869Z,"{""command"": ""ksoftirqd/1"", ""command_line"": """", ""owner"": ""root"", ""pid"": ""21"", ""process"": ""all"", ""resource_instance_id"": ""8057035535632679842"", ""resource_project_id"": ""proyecto-2-cloud-509714"", ""resource_type"": ""gce_instance"", ""resource_zone"": ""us-central1-a"", ""vm"": ""8057035535632679842""}",0
2026-09-27T02:39:59.731159Z,"{""command"": ""ksoftirqd/1"", ""command_line"": """", ""owner"": ""root"", ""pid"": ""21"", ""process"": ""all"", ""resource_instance_id"": ""8057035535632679842"", ""resource_project_id"": ""proyecto-2-cloud-509714"", ""resource_type"": ""gce_instance"", ""resource_zone"": ""us-central1-a"", ""vm"": ""8057035535632679842""}",0
2026-09-27T02:39:29.728118Z,"{""command"": ""ksoftirqd/1"", ""command_line"": """", ""owner"": ""root"", ""pid"": ""21"", ""process"": ""all"", ""resource_instance_id"": ""8057035535632679842"", ""resource_project_id"": ""proyecto-2-cloud-509714"", ""resource_type"": ""gce_instance"", ""resource_zone"": ""us-central1-a"", ""vm"": ""8057035535632679842""}",0
2026-09-27T02:38:59.732223Z,"{""command"": ""ksoftirqd/1"", ""command_line"": """", ""owner"": ""root"", ""pid"": ""21"", ""process"": ""all"", ""resource_instance_id"": ""8057035535632679842"", ""resource_project_id"": ""proyecto-2-cloud-509714"", ""resource_type"": ""gce_instance"", ""resource_zone"": ""us-central1-a"", ""vm"": ""8057035535632679842""}",0
2026-09-27T02:38:29.724799Z,"{""command"": ""ksoftirqd/1"", ""command_line"": """", ""owner"": ""root"", ""pid"": ""21"", ""process"": ""all"", ""resource_instance_id"": ""8057035535632679842"", ""resource_project_id"": ""proyecto-2-cloud-509714"", ""resource_type"": ""gce_instance"", ""resource_zone"": ""us-central1-a"", ""vm"": ""8057035535632679842""}",0
2026-09-27T02:37:59.735660Z,"{""command"": ""ksoftirqd/1"", ""command_line"": """", ""owner"": ""root"", ""pid"": ""21"", ""process"": ""all"", ""resource_instance_id"": ""8057035535632679842"", ""resource_project_id"": ""proyecto-2-cloud-509714"", ""resource_type"": ""gce_instance"", ""resource_zone"": ""us-central1-a"", ""vm"": ""8057035535632679842""}",0
2026-09-27T02:37:29.728726Z,"{""command"": ""ksoftirqd/1"", ""command_line"": """", ""owner"": ""root"", ""pid"": ""21"", ""process"": ""all"", ""resource_instance_id"": ""8057035535632679842"", ""resource_project_id"": ""proyecto-2-cloud-509714"", ""resource_type"": ""gce_instance"", ""resource_zone"": ""us-central1-a"", ""vm"": ""8057035535632679842""}",0
2026-09-27T02:36:59.736156Z,"{""command"": ""ksoftirqd/1"", ""command_line"": """", ""owner"": ""root"", ""pid"": ""21"", ""process"": ""all"", ""resource_instance_id"": ""8057035535632679842"", ""resource_project_id"": ""proyecto-2-cloud-509714"", ""resource_type"": ""gce_instance"", ""resource_zone"": ""us-central1-a"", ""vm"": ""8057035535632679842""}",0
2026-09-27T02:36:29.731214Z,"{""command"": ""ksoftirqd/1"", ""command_line"": """", ""owner"": ""root"", ""pid"": ""21"", ""process"": ""all"", ""resource_instance_id"": ""8057035535632679842"", ""resource_project_id"": ""proyecto-2-cloud-509714"", ""resource_type"": ""gce_instance"", ""resource_zone"": ""us-central1-a"", ""vm"": ""8057035535632679842""}",0
2026-09-27T02:35:59.724933Z,"{""command"": ""ksoftirqd/1"", ""command_line"": """", ""owner"": ""root"", ""pid"": ""21"", ""process"": ""all"", ""resource_instance_id"": ""8057035535632679842"", ""resource_project_id"": ""proyecto-2-cloud-509714"", ""resource_type"": ""gce_instance"", ""resource_zone"": ""us-central1-a"", ""vm"": ""8057035535632679842""}",0
2026-09-27T02:35:29.723796Z,"{""command"": ""ksoftirqd/1"", ""command_line"": """", ""owner"": ""root"", ""pid"": ""21"", ""process"": ""all"", ""resource_instance_id"": ""8057035535632679842"", ""resource_project_id"": ""proyecto-2-cloud-509714"", ""resource_type"": ""gce_instance"", ""resource_zone"": ""us-central1-a"", ""vm"": ""8057035535632679842""}",0
2026-09-27T02:34:59.728300Z,"{""command"": ""ksoftirqd/1"", ""command_line"": """", ""owner"": ""root"", ""pid"": ""21"", ""process"": ""all"", ""resource_instance_id"": ""8057035535632679842"", ""resource_project_id"": ""proyecto-2-cloud-509714"", ""resource_type"": ""gce_instance"", ""resource_zone"": ""us-central1-a"", ""vm"": ""8057035535632679842""}",0
2026-09-27T02:34:29.727929Z,"{""command"": ""ksoftirqd/1"", ""command_line"": """", ""owner"": ""root"", ""pid"": ""21"", ""process"": ""all"", ""resource_instance_id"": ""8057035535632679842"", ""resource_project_id"": ""proyecto-2-cloud-509714"", ""resource_type"": ""gce_instance"", ""resource_zone"": ""us-central1-a"", ""vm"": ""8057035535632679842""}",0
2026-09-27T02:33:59.734996Z,"{""command"": ""ksoftirqd/1"", ""command_line"": """", ""owner"": ""root"", ""pid"": ""21"", ""process"": ""all"", ""resource_instance_id"": ""8057035535632679842"", ""resource_project_id"": ""proyecto-2-cloud-509714"", ""resource_type"": ""gce_instance"", ""resource_zone"": ""us-central1-a"", ""vm"": ""8057035535632679842""}",0
2026-09-27T02:33:29.724440Z,"{""command"": ""ksoftirqd/1"", ""command_line"": """", ""owner"": ""root"", ""pid"": ""21"", ""process"": ""all"", ""resource_instance_id"": ""8057035535632679842"", ""resource_project_id"": ""proyecto-2-cloud-509714"", ""resource_type"": ""gce_instance"", ""resource_zone"": ""us-central1-a"", ""vm"": ""8057035535632679842""}",0
2026-09-27T02:32:59.741451Z,"{""command"": ""ksoftirqd/1"", ""command_line"": """", ""owner"": ""root"", ""pid"": ""21"", ""process"": ""all"", ""resource_instance_id"": ""8057035535632679842"", ""resource_project_id"": ""proyecto-2-cloud-509714"", ""resource_type"": ""gce_instance"", ""resource_zone"": ""us-central1-a"", ""vm"": ""8057035535632679842""}",0
2026-09-27T02:32:29.732609Z,"{""command"": ""ksoftirqd/1"", ""command_line"": """", ""owner"": ""root"", ""pid"": ""21"", ""process"": ""all"", ""resource_instance_id"": ""8057035535632679842"", ""resource_project_id"": ""proyecto-2-cloud-509714"", ""resource_type"": ""gce_instance"", ""resource_zone"": ""us-central1-a"", ""vm"": ""8057035535632679842""}",0
2026-09-27T02:31:59.732924Z,"{""command"": ""ksoftirqd/1"", ""command_line"": """", ""owner"": ""root"", ""pid"": ""21"", ""process"": ""all"", ""resource_instance_id"": ""8057035535632679842"", ""resource_project_id"": ""proyecto-2-cloud-509714"", ""resource_type"": ""gce_instance"", ""resource_zone"": ""us-central1-a"", ""vm"": ""8057035535632679842""}",0
2026-09-27T02:31:29.727465Z,"{""command"": ""ksoftirqd/1"", ""command_line"": """", ""owner"": ""root"", ""pid"": ""21"", ""process"": ""all"", ""resource_instance_id"": ""8057035535632679842"", ""resource_project_id"": ""proyecto-2-cloud-509714"", ""resource_type"": ""gce_instance"", ""resource_zone"": ""us-central1-a"", ""vm"": ""8057035535632679842""}",0
2026-09-27T02:30:59.742058Z,"{""command"": ""ksoftirqd/1"", ""command_line"": """", ""owner"": ""root"", ""pid"": ""21"", ""process"": ""all"", ""resource_instance_id"": ""8057035535632679842"", ""resource_project_id"": ""proyecto-2-cloud-509714"", ""resource_type"": ""gce_instance"", ""resource_zone"": ""us-central1-a"", ""vm"": ""8057035535632679842""}",0
2026-09-27T02:30:29.737692Z,"{""command"": ""ksoftirqd/1"", ""command_line"": """", ""owner"": ""root"", ""pid"": ""21"", ""process"": ""all"", ""resource_instance_id"": ""8057035535632679842"", ""resource_project_id"": ""proyecto-2-cloud-509714"", ""resource_type"": ""gce_instance"", ""resource_zone"": ""us-central1-a"", ""vm"": ""8057035535632679842""}",0
2026-09-27T02:30:22.324148Z,"{""command"": ""ksoftirqd/1"", ""command_line"": """", ""owner"": ""root"", ""pid"": ""21"", ""process"": ""all"", ""resource_instance_id"": ""8057035535632679842"", ""resource_project_id"": ""proyecto-2-cloud-509714"", ""resource_type"": ""gce_instance"", ""resource_zone"": ""us-central1-a"", ""vm"": ""8057035535632679842""}",0
2026-09-27T02:49:59.737990Z,"{""command"": ""kstrp"", ""command_line"": """", ""owner"": ""root"", ""pid"": ""65"", ""process"": ""all"", ""resource_instance_id"": ""8057035535632679842"", ""resource_project_id"": ""proyecto-2-cloud-509714"", ""resource_type"": ""gce_instance"", ""resource_zone"": ""us-central1-a"", ""vm"": ""8057035535632679842""}",0
2026-09-27T02:49:29.734556Z,"{""command"": ""kstrp"", ""command_line"": """", ""owner"": ""root"", ""pid"": ""65"", ""process"": ""all"", ""resource_instance_id"": ""8057035535632679842"", ""resource_project_id"": ""proyecto-2-cloud-509714"", ""resource_type"": ""gce_instance"", ""resource_zone"": ""us-central1-a"", ""vm"": ""8057035535632679842""}",0
2026-09-27T02:48:59.729471Z,"{""command"": ""kstrp"", ""command_line"": """", ""owner"": ""root"", ""pid"": ""65"", ""process"": ""all"", ""resource_instance_id"": ""8057035535632679842"", ""resource_project_id"": ""proyecto-2-cloud-509714"", ""resource_type"": ""gce_instance"", ""resource_zone"": ""us-central1-a"", ""vm"": ""8057035535632679842""}",0
2026-09-27T02:48:29.736331Z,"{""command"": ""kstrp"", ""command_line"": """", ""owner"": ""root"", ""pid"": ""65"", ""process"": ""all"", ""resource_instance_id"": ""8057035535632679842"", ""resource_project_id"": ""proyecto-2-cloud-509714"", ""resource_type"": ""gce_instance"", ""resource_zone"": ""us-central1-a"", ""vm"": ""8057035535632679842""}",0
2026-09-27T02:47:59.733986Z,"{""command"": ""kstrp"", ""command_line"": """", ""owner"": ""root"", ""pid"": ""65"", ""process"": ""all"", ""resource_instance_id"": ""8057035535632679842"", ""resource_project_id"": ""proyecto-2-cloud-509714"", ""resource_type"": ""gce_instance"", ""resource_zone"": ""us-central1-a"", ""vm"": ""8057035535632679842""}",0
2026-09-27T02:47:29.731056Z,"{""command"": ""kstrp"", ""command_line"": """", ""owner"": ""root"", ""pid"": ""65"", ""process"": ""all"", ""resource_instance_id"": ""8057035535632679842"", ""resource_project_id"": ""proyecto-2-cloud-509714"", ""resource_type"": ""gce_instance"", ""resource_zone"": ""us-central1-a"", ""vm"": ""8057035535632679842""}",0
2026-09-27T02:46:59.741581Z,"{""command"": ""kstrp"", ""command_line"": """", ""owner"": ""root"", ""pid"": ""65"", ""process"": ""all"", ""resource_instance_id"": ""8057035535632679842"", ""resource_project_id"": ""proyecto-2-cloud-509714"", ""resource_type"": ""gce_instance"", ""resource_zone"": ""us-central1-a"", ""vm"": ""8057035535632679842""}",0
2026-09-27T02:46:29.735932Z,"{""command"": ""kstrp"", ""command_line"": """", ""owner"": ""root"", ""pid"": ""65"", ""process"": ""all"", ""resource_instance_id"": ""8057035535632679842"", ""resource_project_id"": ""proyecto-2-cloud-509714"", ""resource_type"": ""gce_instance"", ""resource_zone"": ""us-central1-a"", ""vm"": ""8057035535632679842""}",0
2026-09-27T02:45:59.730469Z,"{""command"": ""kstrp"", ""command_line"": """", ""owner"": ""root"", ""pid"": ""65"", ""process"": ""all"", ""resource_instance_id"": ""8057035535632679842"", ""resource_project_id"": ""proyecto-2-cloud-509714"", ""resource_type"": ""gce_instance"", ""resource_zone"": ""us-central1-a"", ""vm"": ""8057035535632679842""}",0
2026-09-27T02:45:29.736300Z,"{""command"": ""kstrp"", ""command_line"": """", ""owner"": ""root"", ""pid"": ""65"", ""process"": ""all"", ""resource_instance_id"": ""8057035535632679842"", ""resource_project_id"": ""proyecto-2-cloud-509714"", ""resource_type"": ""gce_instance"", ""resource_zone"": ""us-central1-a"", ""vm"": ""8057035535632679842""}",0
2026-09-27T02:44:59.741629Z,"{""command"": ""kstrp"", ""command_line"": """", ""owner"": ""root"", ""pid"": ""65"", ""process"": ""all"", ""resource_instance_id"": ""8057035535632679842"", ""resource_project_id"": ""proyecto-2-cloud-509714"", ""resource_type"": ""gce_instance"", ""resource_zone"": ""us-central1-a"", ""vm"": ""8057035535632679842""}",0
2026-09-27T02:44:29.738776Z,"{""command"": ""kstrp"", ""command_line"": """", ""owner"": ""root"", ""pid"": ""65"", ""process"": ""all"", ""resource_instance_id"": ""8057035535632679842"", ""resource_project_id"": ""proyecto-2-cloud-509714"", ""resource_type"": ""gce_instance"", ""resource_zone"": ""us-central1-a"", ""vm"": ""8057035535632679842""}",0
2026-09-27T02:43:59.740329Z,"{""command"": ""kstrp"", ""command_line"": """", ""owner"": ""root"", ""pid"": ""65"", ""process"": ""all"", ""resource_instance_id"": ""8057035535632679842"", ""resource_project_id"": ""proyecto-2-cloud-509714"", ""resource_type"": ""gce_instance"", ""resource_zone"": ""us-central1-a"", ""vm"": ""8057035535632679842""}",0
2026-09-27T02:43:29.740954Z,"{""command"": ""kstrp"", ""command_line"": """", ""owner"": ""root"", ""pid"": ""65"", ""process"": ""all"", ""resource_instance_id"": ""8057035535632679842"", ""resource_project_id"": ""proyecto-2-cloud-509714"", ""resource_type"": ""gce_instance"", ""resource_zone"": ""us-central1-a"", ""vm"": ""8057035535632679842""}",0
2026-09-27T02:42:59.734826Z,"{""command"": ""kstrp"", ""command_line"": """", ""owner"": ""root"", ""pid"": ""65"", ""process"": ""all"", ""resource_instance_id"": ""8057035535632679842"", ""resource_project_id"": ""proyecto-2-cloud-509714"", ""resource_type"": ""gce_instance"", ""resource_zone"": ""us-central1-a"", ""vm"": ""8057035535632679842""}",0
2026-09-27T02:42:29.759949Z,"{""command"": ""kstrp"", ""command_line"": """", ""owner"": ""root"", ""pid"": ""65"", ""process"": ""all"", ""resource_instance_id"": ""8057035535632679842"", ""resource_project_id"": ""proyecto-2-cloud-509714"", ""resource_type"": ""gce_instance"", ""resource_zone"": ""us-central1-a"", ""vm"": ""8057035535632679842""}",0
2026-09-27T02:41:59.738029Z,"{""command"": ""kstrp"", ""command_line"": """", ""owner"": ""root"", ""pid"": ""65"", ""process"": ""all"", ""resource_instance_id"": ""8057035535632679842"", ""resource_project_id"": ""proyecto-2-cloud-509714"", ""resource_type"": ""gce_instance"", ""resource_zone"": ""us-central1-a"", ""vm"": ""8057035535632679842""}",0
2026-09-27T02:41:29.741840Z,"{""command"": ""kstrp"", ""command_line"": """", ""owner"": ""root"", ""pid"": ""65"", ""process"": ""all"", ""resource_instance_id"": ""8057035535632679842"", ""resource_project_id"": ""proyecto-2-cloud-509714"", ""resource_type"": ""gce_instance"", ""resource_zone"": ""us-central1-a"", ""vm"": ""8057035535632679842""}",0
2026-09-27T02:40:59.729528Z,"{""command"": ""kstrp"", ""command_line"": """", ""owner"": ""root"", ""pid"": ""65"", ""process"": ""all"", ""resource_instance_id"": ""8057035535632679842"", ""resource_project_id"": ""proyecto-2-cloud-509714"", ""resource_type"": ""gce_instance"", ""resource_zone"": ""us-central1-a"", ""vm"": ""8057035535632679842""}",0
2026-09-27T02:40:29.727748Z,"{""command"": ""kstrp"", ""command_line"": """", ""owner"": ""root"", ""pid"": ""65"", ""process"": ""all"", ""resource_instance_id"": ""8057035535632679842"", ""resource_project_id"": ""proyecto-2-cloud-509714"", ""resource_type"": ""gce_instance"", ""resource_zone"": ""us-central1-a"", ""vm"": ""8057035535632679842""}",0
2026-09-27T02:39:59.734272Z,"{""command"": ""kstrp"", ""command_line"": """", ""owner"": ""root"", ""pid"": ""65"", ""process"": ""all"", ""resource_instance_id"": ""8057035535632679842"", ""resource_project_id"": ""proyecto-2-cloud-509714"", ""resource_type"": ""gce_instance"", ""resource_zone"": ""us-central1-a"", ""vm"": ""8057035535632679842""}",0
2026-09-27T02:39:29.729474Z,"{""command"": ""kstrp"", ""command_line"": """", ""owner"": ""root"", ""pid"": ""65"", ""process"": ""all"", ""resource_instance_id"": ""8057035535632679842"", ""resource_project_id"": ""proyecto-2-cloud-509714"", ""resource_type"": ""gce_instance"", ""resource_zone"": ""us-central1-a"", ""vm"": ""8057035535632679842""}",0
2026-09-27T02:38:59.734480Z,"{""command"": ""kstrp"", ""command_line"": """", ""owner"": ""root"", ""pid"": ""65"", ""process"": ""all"", ""resource_instance_id"": ""8057035535632679842"", ""resource_project_id"": ""proyecto-2-cloud-509714"", ""resource_type"": ""gce_instance"", ""resource_zone"": ""us-central1-a"", ""vm"": ""8057035535632679842""}",0
2026-09-27T02:38:29.726795Z,"{""command"": ""kstrp"", ""command_line"": """", ""owner"": ""root"", ""pid"": ""65"", ""process"": ""all"", ""resource_instance_id"": ""8057035535632679842"", ""resource_project_id"": ""proyecto-2-cloud-509714"", ""resource_type"": ""gce_instance"", ""resource_zone"": ""us-central1-a"", ""vm"": ""8057035535632679842""}",0
2026-09-27T02:37:59.737227Z,"{""command"": ""kstrp"", ""command_line"": """", ""owner"": ""root"", ""pid"": ""65"", ""process"": ""all"", ""resource_instance_id"": ""8057035535632679842"", ""resource_project_id"": ""proyecto-2-cloud-509714"", ""resource_type"": ""gce_instance"", ""resource_zone"": ""us-central1-a"", ""vm"": ""8057035535632679842""}",0
2026-09-27T02:37:29.731434Z,"{""command"": ""kstrp"", ""command_line"": """", ""owner"": ""root"", ""pid"": ""65"", ""process"": ""all"", ""resource_instance_id"": ""8057035535632679842"", ""resource_project_id"": ""proyecto-2-cloud-509714"", ""resource_type"": ""gce_instance"", ""resource_zone"": ""us-central1-a"", ""vm"": ""8057035535632679842""}",0
2026-09-27T02:36:59.738347Z,"{""command"": ""kstrp"", ""command_line"": """", ""owner"": ""root"", ""pid"": ""65"", ""process"": ""all"", ""resource_instance_id"": ""8057035535632679842"", ""resource_project_id"": ""proyecto-2-cloud-509714"", ""resource_type"": ""gce_instance"", ""resource_zone"": ""us-central1-a"", ""vm"": ""8057035535632679842""}",0
2026-09-27T02:36:29.733461Z,"{""command"": ""kstrp"", ""command_line"": """", ""owner"": ""root"", ""pid"": ""65"", ""process"": ""all"", ""resource_instance_id"": ""8057035535632679842"", ""resource_project_id"": ""proyecto-2-cloud-509714"", ""resource_type"": ""gce_instance"", ""resource_zone"": ""us-central1-a"", ""vm"": ""8057035535632679842""}",0
2026-09-27T02:35:59.726369Z,"{""command"": ""kstrp"", ""command_line"": """", ""owner"": ""root"", ""pid"": ""65"", ""process"": ""all"", ""resource_instance_id"": ""8057035535632679842"", ""resource_project_id"": ""proyecto-2-cloud-509714"", ""resource_type"": ""gce_instance"", ""resource_zone"": ""us-central1-a"", ""vm"": ""8057035535632679842""}",0
2026-09-27T02:35:29.725086Z,"{""command"": ""kstrp"", ""command_line"": """", ""owner"": ""root"", ""pid"": ""65"", ""process"": ""all"", ""resource_instance_id"": ""8057035535632679842"", ""resource_project_id"": ""proyecto-2-cloud-509714"", ""resource_type"": ""gce_instance"", ""resource_zone"": ""us-central1-a"", ""vm"": ""8057035535632679842""}",0
2026-09-27T02:34:59.729980Z,"{""command"": ""kstrp"", ""command_line"": """", ""owner"": ""root"", ""pid"": ""65"", ""process"": ""all"", ""resource_instance_id"": ""8057035535632679842"", ""resource_project_id"": ""proyecto-2-cloud-509714"", ""resource_type"": ""gce_instance"", ""resource_zone"": ""us-central1-a"", ""vm"": ""8057035535632679842""}",0
2026-09-27T02:34:29.729462Z,"{""command"": ""kstrp"", ""command_line"": """", ""owner"": ""root"", ""pid"": ""65"", ""process"": ""all"", ""resource_instance_id"": ""8057035535632679842"", ""resource_project_id"": ""proyecto-2-cloud-509714"", ""resource_type"": ""gce_instance"", ""resource_zone"": ""us-central1-a"", ""vm"": ""8057035535632679842""}",0
2026-09-27T02:33:59.736562Z,"{""command"": ""kstrp"", ""command_line"": """", ""owner"": ""root"", ""pid"": ""65"", ""process"": ""all"", ""resource_instance_id"": ""8057035535632679842"", ""resource_project_id"": ""proyecto-2-cloud-509714"", ""resource_type"": ""gce_instance"", ""resource_zone"": ""us-central1-a"", ""vm"": ""8057035535632679842""}",0
2026-09-27T02:33:29.725804Z,"{""command"": ""kstrp"", ""command_line"": """", ""owner"": ""root"", ""pid"": ""65"", ""process"": ""all"", ""resource_instance_id"": ""8057035535632679842"", ""resource_project_id"": ""proyecto-2-cloud-509714"", ""resource_type"": ""gce_instance"", ""resource_zone"": ""us-central1-a"", ""vm"": ""8057035535632679842""}",0
2026-09-27T02:32:59.743028Z,"{""command"": ""kstrp"", ""command_line"": """", ""owner"": ""root"", ""pid"": ""65"", ""process"": ""all"", ""resource_instance_id"": ""8057035535632679842"", ""resource_project_id"": ""proyecto-2-cloud-509714"", ""resource_type"": ""gce_instance"", ""resource_zone"": ""us-central1-a"", ""vm"": ""8057035535632679842""}",0
2026-09-27T02:32:29.734132Z,"{""command"": ""kstrp"", ""command_line"": """", ""owner"": ""root"", ""pid"": ""65"", ""process"": ""all"", ""resource_instance_id"": ""8057035535632679842"", ""resource_project_id"": ""proyecto-2-cloud-509714"", ""resource_type"": ""gce_instance"", ""resource_zone"": ""us-central1-a"", ""vm"": ""8057035535632679842""}",0
2026-09-27T02:31:59.734310Z,"{""command"": ""kstrp"", ""command_line"": """", ""owner"": ""root"", ""pid"": ""65"", ""process"": ""all"", ""resource_instance_id"": ""8057035535632679842"", ""resource_project_id"": ""proyecto-2-cloud-509714"", ""resource_type"": ""gce_instance"", ""resource_zone"": ""us-central1-a"", ""vm"": ""8057035535632679842""}",0
2026-09-27T02:31:29.728874Z,"{""command"": ""kstrp"", ""command_line"": """", ""owner"": ""root"", ""pid"": ""65"", ""process"": ""all"", ""resource_instance_id"": ""8057035535632679842"", ""resource_project_id"": ""proyecto-2-cloud-509714"", ""resource_type"": ""gce_instance"", ""resource_zone"": ""us-central1-a"", ""vm"": ""8057035535632679842""}",0
2026-09-27T02:30:59.744483Z,"{""command"": ""kstrp"", ""command_line"": """", ""owner"": ""root"", ""pid"": ""65"", ""process"": ""all"", ""resource_instance_id"": ""8057035535632679842"", ""resource_project_id"": ""proyecto-2-cloud-509714"", ""resource_type"": ""gce_instance"", ""resource_zone"": ""us-central1-a"", ""vm"": ""8057035535632679842""}",0
2026-09-27T02:30:29.739462Z,"{""command"": ""kstrp"", ""command_line"": """", ""owner"": ""root"", ""pid"": ""65"", ""process"": ""all"", ""resource_instance_id"": ""8057035535632679842"", ""resource_project_id"": ""proyecto-2-cloud-509714"", ""resource_type"": ""gce_instance"", ""resource_zone"": ""us-central1-a"", ""vm"": ""8057035535632679842""}",0
2026-09-27T02:30:22.325879Z,"{""command"": ""kstrp"", ""command_line"": """", ""owner"": ""root"", ""pid"": ""65"", ""process"": ""all"", ""resource_instance_id"": ""8057035535632679842"", ""resource_project_id"": ""proyecto-2-cloud-509714"", ""resource_type"": ""gce_instance"", ""resource_zone"": ""us-central1-a"", ""vm"": ""8057035535632679842""}",0
2026-09-27T02:49:59.737295Z,"{""command"": ""kswapd0"", ""command_line"": """", ""owner"": ""root"", ""pid"": ""43"", ""process"": ""all"", ""resource_instance_id"": ""8057035535632679842"", ""resource_project_id"": ""proyecto-2-cloud-509714"", ""resource_type"": ""gce_instance"", ""resource_zone"": ""us-central1-a"", ""vm"": ""8057035535632679842""}",0
2026-09-27T02:49:29.734071Z,"{""command"": ""kswapd0"", ""command_line"": """", ""owner"": ""root"", ""pid"": ""43"", ""process"": ""all"", ""resource_instance_id"": ""8057035535632679842"", ""resource_project_id"": ""proyecto-2-cloud-509714"", ""resource_type"": ""gce_instance"", ""resource_zone"": ""us-central1-a"", ""vm"": ""8057035535632679842""}",0
2026-09-27T02:48:59.729064Z,"{""command"": ""kswapd0"", ""command_line"": """", ""owner"": ""root"", ""pid"": ""43"", ""process"": ""all"", ""resource_instance_id"": ""8057035535632679842"", ""resource_project_id"": ""proyecto-2-cloud-509714"", ""resource_type"": ""gce_instance"", ""resource_zone"": ""us-central1-a"", ""vm"": ""8057035535632679842""}",0
2026-09-27T02:48:29.735673Z,"{""command"": ""kswapd0"", ""command_line"": """", ""owner"": ""root"", ""pid"": ""43"", ""process"": ""all"", ""resource_instance_id"": ""8057035535632679842"", ""resource_project_id"": ""proyecto-2-cloud-509714"", ""resource_type"": ""gce_instance"", ""resource_zone"": ""us-central1-a"", ""vm"": ""8057035535632679842""}",0
2026-09-27T02:47:59.733551Z,"{""command"": ""kswapd0"", ""command_line"": """", ""owner"": ""root"", ""pid"": ""43"", ""process"": ""all"", ""resource_instance_id"": ""8057035535632679842"", ""resource_project_id"": ""proyecto-2-cloud-509714"", ""resource_type"": ""gce_instance"", ""resource_zone"": ""us-central1-a"", ""vm"": ""8057035535632679842""}",0
2026-09-27T02:47:29.730358Z,"{""command"": ""kswapd0"", ""command_line"": """", ""owner"": ""root"", ""pid"": ""43"", ""process"": ""all"", ""resource_instance_id"": ""8057035535632679842"", ""resource_project_id"": ""proyecto-2-cloud-509714"", ""resource_type"": ""gce_instance"", ""resource_zone"": ""us-central1-a"", ""vm"": ""8057035535632679842""}",0
2026-09-27T02:46:59.740885Z,"{""command"": ""kswapd0"", ""command_line"": """", ""owner"": ""root"", ""pid"": ""43"", ""process"": ""all"", ""resource_instance_id"": ""8057035535632679842"", ""resource_project_id"": ""proyecto-2-cloud-509714"", ""resource_type"": ""gce_instance"", ""resource_zone"": ""us-central1-a"", ""vm"": ""8057035535632679842""}",0
2026-09-27T02:46:29.735485Z,"{""command"": ""kswapd0"", ""command_line"": """", ""owner"": ""root"", ""pid"": ""43"", ""process"": ""all"", ""resource_instance_id"": ""8057035535632679842"", ""resource_project_id"": ""proyecto-2-cloud-509714"", ""resource_type"": ""gce_instance"", ""resource_zone"": ""us-central1-a"", ""vm"": ""8057035535632679842""}",0
2026-09-27T02:45:59.730027Z,"{""command"": ""kswapd0"", ""command_line"": """", ""owner"": ""root"", ""pid"": ""43"", ""process"": ""all"", ""resource_instance_id"": ""8057035535632679842"", ""resource_project_id"": ""proyecto-2-cloud-509714"", ""resource_type"": ""gce_instance"", ""resource_zone"": ""us-central1-a"", ""vm"": ""8057035535632679842""}",0
2026-09-27T02:45:29.735862Z,"{""command"": ""kswapd0"", ""command_line"": """", ""owner"": ""root"", ""pid"": ""43"", ""process"": ""all"", ""resource_instance_id"": ""8057035535632679842"", ""resource_project_id"": ""proyecto-2-cloud-509714"", ""resource_type"": ""gce_instance"", ""resource_zone"": ""us-central1-a"", ""vm"": ""8057035535632679842""}",0
2026-09-27T02:44:59.741156Z,"{""command"": ""kswapd0"", ""command_line"": """", ""owner"": ""root"", ""pid"": ""43"", ""process"": ""all"", ""resource_instance_id"": ""8057035535632679842"", ""resource_project_id"": ""proyecto-2-cloud-509714"", ""resource_type"": ""gce_instance"", ""resource_zone"": ""us-central1-a"", ""vm"": ""8057035535632679842""}",0
2026-09-27T02:44:29.738229Z,"{""command"": ""kswapd0"", ""command_line"": """", ""owner"": ""root"", ""pid"": ""43"", ""process"": ""all"", ""resource_instance_id"": ""8057035535632679842"", ""resource_project_id"": ""proyecto-2-cloud-509714"", ""resource_type"": ""gce_instance"", ""resource_zone"": ""us-central1-a"", ""vm"": ""8057035535632679842""}",0
2026-09-27T02:43:59.739839Z,"{""command"": ""kswapd0"", ""command_line"": """", ""owner"": ""root"", ""pid"": ""43"", ""process"": ""all"", ""resource_instance_id"": ""8057035535632679842"", ""resource_project_id"": ""proyecto-2-cloud-509714"", ""resource_type"": ""gce_instance"", ""resource_zone"": ""us-central1-a"", ""vm"": ""8057035535632679842""}",0
2026-09-27T02:43:29.740473Z,"{""command"": ""kswapd0"", ""command_line"": """", ""owner"": ""root"", ""pid"": ""43"", ""process"": ""all"", ""resource_instance_id"": ""8057035535632679842"", ""resource_project_id"": ""proyecto-2-cloud-509714"", ""resource_type"": ""gce_instance"", ""resource_zone"": ""us-central1-a"", ""vm"": ""8057035535632679842""}",0
2026-09-27T02:42:59.734224Z,"{""command"": ""kswapd0"", ""command_line"": """", ""owner"": ""root"", ""pid"": ""43"", ""process"": ""all"", ""resource_instance_id"": ""8057035535632679842"", ""resource_project_id"": ""proyecto-2-cloud-509714"", ""resource_type"": ""gce_instance"", ""resource_zone"": ""us-central1-a"", ""vm"": ""8057035535632679842""}",0
2026-09-27T02:42:29.759067Z,"{""command"": ""kswapd0"", ""command_line"": """", ""owner"": ""root"", ""pid"": ""43"", ""process"": ""all"", ""resource_instance_id"": ""8057035535632679842"", ""resource_project_id"": ""proyecto-2-cloud-509714"", ""resource_type"": ""gce_instance"", ""resource_zone"": ""us-central1-a"", ""vm"": ""8057035535632679842""}",0
2026-09-27T02:41:59.737541Z,"{""command"": ""kswapd0"", ""command_line"": """", ""owner"": ""root"", ""pid"": ""43"", ""process"": ""all"", ""resource_instance_id"": ""8057035535632679842"", ""resource_project_id"": ""proyecto-2-cloud-509714"", ""resource_type"": ""gce_instance"", ""resource_zone"": ""us-central1-a"", ""vm"": ""8057035535632679842""}",0
2026-09-27T02:41:29.741351Z,"{""command"": ""kswapd0"", ""command_line"": """", ""owner"": ""root"", ""pid"": ""43"", ""process"": ""all"", ""resource_instance_id"": ""8057035535632679842"", ""resource_project_id"": ""proyecto-2-cloud-509714"", ""resource_type"": ""gce_instance"", ""resource_zone"": ""us-central1-a"", ""vm"": ""8057035535632679842""}",0
2026-09-27T02:40:59.729109Z,"{""command"": ""kswapd0"", ""command_line"": """", ""owner"": ""root"", ""pid"": ""43"", ""process"": ""all"", ""resource_instance_id"": ""8057035535632679842"", ""resource_project_id"": ""proyecto-2-cloud-509714"", ""resource_type"": ""gce_instance"", ""resource_zone"": ""us-central1-a"", ""vm"": ""8057035535632679842""}",0
2026-09-27T02:40:29.727311Z,"{""command"": ""kswapd0"", ""command_line"": """", ""owner"": ""root"", ""pid"": ""43"", ""process"": ""all"", ""resource_instance_id"": ""8057035535632679842"", ""resource_project_id"": ""proyecto-2-cloud-509714"", ""resource_type"": ""gce_instance"", ""resource_zone"": ""us-central1-a"", ""vm"": ""8057035535632679842""}",0
2026-09-27T02:39:59.733425Z,"{""command"": ""kswapd0"", ""command_line"": """", ""owner"": ""root"", ""pid"": ""43"", ""process"": ""all"", ""resource_instance_id"": ""8057035535632679842"", ""resource_project_id"": ""proyecto-2-cloud-509714"", ""resource_type"": ""gce_instance"", ""resource_zone"": ""us-central1-a"", ""vm"": ""8057035535632679842""}",0
2026-09-27T02:39:29.729060Z,"{""command"": ""kswapd0"", ""command_line"": """", ""owner"": ""root"", ""pid"": ""43"", ""process"": ""all"", ""resource_instance_id"": ""8057035535632679842"", ""resource_project_id"": ""proyecto-2-cloud-509714"", ""resource_type"": ""gce_instance"", ""resource_zone"": ""us-central1-a"", ""vm"": ""8057035535632679842""}",0
2026-09-27T02:38:59.733768Z,"{""command"": ""kswapd0"", ""command_line"": """", ""owner"": ""root"", ""pid"": ""43"", ""process"": ""all"", ""resource_instance_id"": ""8057035535632679842"", ""resource_project_id"": ""proyecto-2-cloud-509714"", ""resource_type"": ""gce_instance"", ""resource_zone"": ""us-central1-a"", ""vm"": ""8057035535632679842""}",0
2026-09-27T02:38:29.726196Z,"{""command"": ""kswapd0"", ""command_line"": """", ""owner"": ""root"", ""pid"": ""43"", ""process"": ""all"", ""resource_instance_id"": ""8057035535632679842"", ""resource_project_id"": ""proyecto-2-cloud-509714"", ""resource_type"": ""gce_instance"", ""resource_zone"": ""us-central1-a"", ""vm"": ""8057035535632679842""}",0
2026-09-27T02:37:59.736631Z,"{""command"": ""kswapd0"", ""command_line"": """", ""owner"": ""root"", ""pid"": ""43"", ""process"": ""all"", ""resource_instance_id"": ""8057035535632679842"", ""resource_project_id"": ""proyecto-2-cloud-509714"", ""resource_type"": ""gce_instance"", ""resource_zone"": ""us-central1-a"", ""vm"": ""8057035535632679842""}",0
2026-09-27T02:37:29.730359Z,"{""command"": ""kswapd0"", ""command_line"": """", ""owner"": ""root"", ""pid"": ""43"", ""process"": ""all"", ""resource_instance_id"": ""8057035535632679842"", ""resource_project_id"": ""proyecto-2-cloud-509714"", ""resource_type"": ""gce_instance"", ""resource_zone"": ""us-central1-a"", ""vm"": ""8057035535632679842""}",0
2026-09-27T02:36:59.737679Z,"{""command"": ""kswapd0"", ""command_line"": """", ""owner"": ""root"", ""pid"": ""43"", ""process"": ""all"", ""resource_instance_id"": ""8057035535632679842"", ""resource_project_id"": ""proyecto-2-cloud-509714"", ""resource_type"": ""gce_instance"", ""resource_zone"": ""us-central1-a"", ""vm"": ""8057035535632679842""}",0
2026-09-27T02:36:29.732729Z,"{""command"": ""kswapd0"", ""command_line"": """", ""owner"": ""root"", ""pid"": ""43"", ""process"": ""all"", ""resource_instance_id"": ""8057035535632679842"", ""resource_project_id"": ""proyecto-2-cloud-509714"", ""resource_type"": ""gce_instance"", ""resource_zone"": ""us-central1-a"", ""vm"": ""8057035535632679842""}",0
2026-09-27T02:35:59.725893Z,"{""command"": ""kswapd0"", ""command_line"": """", ""owner"": ""root"", ""pid"": ""43"", ""process"": ""all"", ""resource_instance_id"": ""8057035535632679842"", ""resource_project_id"": ""proyecto-2-cloud-509714"", ""resource_type"": ""gce_instance"", ""resource_zone"": ""us-central1-a"", ""vm"": ""8057035535632679842""}",0
2026-09-27T02:35:29.724672Z,"{""command"": ""kswapd0"", ""command_line"": """", ""owner"": ""root"", ""pid"": ""43"", ""process"": ""all"", ""resource_instance_id"": ""8057035535632679842"", ""resource_project_id"": ""proyecto-2-cloud-509714"", ""resource_type"": ""gce_instance"", ""resource_zone"": ""us-central1-a"", ""vm"": ""8057035535632679842""}",0
2026-09-27T02:34:59.729489Z,"{""command"": ""kswapd0"", ""command_line"": """", ""owner"": ""root"", ""pid"": ""43"", ""process"": ""all"", ""resource_instance_id"": ""8057035535632679842"", ""resource_project_id"": ""proyecto-2-cloud-509714"", ""resource_type"": ""gce_instance"", ""resource_zone"": ""us-central1-a"", ""vm"": ""8057035535632679842""}",0
2026-09-27T02:34:29.728999Z,"{""command"": ""kswapd0"", ""command_line"": """", ""owner"": ""root"", ""pid"": ""43"", ""process"": ""all"", ""resource_instance_id"": ""8057035535632679842"", ""resource_project_id"": ""proyecto-2-cloud-509714"", ""resource_type"": ""gce_instance"", ""resource_zone"": ""us-central1-a"", ""vm"": ""8057035535632679842""}",0
2026-09-27T02:33:59.736060Z,"{""command"": ""kswapd0"", ""command_line"": """", ""owner"": ""root"", ""pid"": ""43"", ""process"": ""all"", ""resource_instance_id"": ""8057035535632679842"", ""resource_project_id"": ""proyecto-2-cloud-509714"", ""resource_type"": ""gce_instance"", ""resource_zone"": ""us-central1-a"", ""vm"": ""8057035535632679842""}",0
2026-09-27T02:33:29.725375Z,"{""command"": ""kswapd0"", ""command_line"": """", ""owner"": ""root"", ""pid"": ""43"", ""process"": ""all"", ""resource_instance_id"": ""8057035535632679842"", ""resource_project_id"": ""proyecto-2-cloud-509714"", ""resource_type"": ""gce_instance"", ""resource_zone"": ""us-central1-a"", ""vm"": ""8057035535632679842""}",0
2026-09-27T02:32:59.742469Z,"{""command"": ""kswapd0"", ""command_line"": """", ""owner"": ""root"", ""pid"": ""43"", ""process"": ""all"", ""resource_instance_id"": ""8057035535632679842"", ""resource_project_id"": ""proyecto-2-cloud-509714"", ""resource_type"": ""gce_instance"", ""resource_zone"": ""us-central1-a"", ""vm"": ""8057035535632679842""}",0
2026-09-27T02:32:29.733669Z,"{""command"": ""kswapd0"", ""command_line"": """", ""owner"": ""root"", ""pid"": ""43"", ""process"": ""all"", ""resource_instance_id"": ""8057035535632679842"", ""resource_project_id"": ""proyecto-2-cloud-509714"", ""resource_type"": ""gce_instance"", ""resource_zone"": ""us-central1-a"", ""vm"": ""8057035535632679842""}",0
2026-09-27T02:31:59.733880Z,"{""command"": ""kswapd0"", ""command_line"": """", ""owner"": ""root"", ""pid"": ""43"", ""process"": ""all"", ""resource_instance_id"": ""8057035535632679842"", ""resource_project_id"": ""proyecto-2-cloud-509714"", ""resource_type"": ""gce_instance"", ""resource_zone"": ""us-central1-a"", ""vm"": ""8057035535632679842""}",0
2026-09-27T02:31:29.728467Z,"{""command"": ""kswapd0"", ""command_line"": """", ""owner"": ""root"", ""pid"": ""43"", ""process"": ""all"", ""resource_instance_id"": ""8057035535632679842"", ""resource_project_id"": ""proyecto-2-cloud-509714"", ""resource_type"": ""gce_instance"", ""resource_zone"": ""us-central1-a"", ""vm"": ""8057035535632679842""}",0
2026-09-27T02:30:59.743818Z,"{""command"": ""kswapd0"", ""command_line"": """", ""owner"": ""root"", ""pid"": ""43"", ""process"": ""all"", ""resource_instance_id"": ""8057035535632679842"", ""resource_project_id"": ""proyecto-2-cloud-509714"", ""resource_type"": ""gce_instance"", ""resource_zone"": ""us-central1-a"", ""vm"": ""8057035535632679842""}",0
2026-09-27T02:30:29.738981Z,"{""command"": ""kswapd0"", ""command_line"": """", ""owner"": ""root"", ""pid"": ""43"", ""process"": ""all"", ""resource_instance_id"": ""8057035535632679842"", ""resource_project_id"": ""proyecto-2-cloud-509714"", ""resource_type"": ""gce_instance"", ""resource_zone"": ""us-central1-a"", ""vm"": ""8057035535632679842""}",0
2026-09-27T02:30:22.325383Z,"{""command"": ""kswapd0"", ""command_line"": """", ""owner"": ""root"", ""pid"": ""43"", ""process"": ""all"", ""resource_instance_id"": ""8057035535632679842"", ""resource_project_id"": ""proyecto-2-cloud-509714"", ""resource_type"": ""gce_instance"", ""resource_zone"": ""us-central1-a"", ""vm"": ""8057035535632679842""}",0
2026-09-27T02:49:59.733870Z,"{""command"": ""kthreadd"", ""command_line"": """", ""owner"": ""root"", ""pid"": ""2"", ""process"": ""all"", ""resource_instance_id"": ""8057035535632679842"", ""resource_project_id"": ""proyecto-2-cloud-509714"", ""resource_type"": ""gce_instance"", ""resource_zone"": ""us-central1-a"", ""vm"": ""8057035535632679842""}",0
2026-09-27T02:49:29.732065Z,"{""command"": ""kthreadd"", ""command_line"": """", ""owner"": ""root"", ""pid"": ""2"", ""process"": ""all"", ""resource_instance_id"": ""8057035535632679842"", ""resource_project_id"": ""proyecto-2-cloud-509714"", ""resource_type"": ""gce_instance"", ""resource_zone"": ""us-central1-a"", ""vm"": ""8057035535632679842""}",0
2026-09-27T02:48:59.727295Z,"{""command"": ""kthreadd"", ""command_line"": """", ""owner"": ""root"", ""pid"": ""2"", ""process"": ""all"", ""resource_instance_id"": ""8057035535632679842"", ""resource_project_id"": ""proyecto-2-cloud-509714"", ""resource_type"": ""gce_instance"", ""resource_zone"": ""us-central1-a"", ""vm"": ""8057035535632679842""}",0
2026-09-27T02:48:29.732828Z,"{""command"": ""kthreadd"", ""command_line"": """", ""owner"": ""root"", ""pid"": ""2"", ""process"": ""all"", ""resource_instance_id"": ""8057035535632679842"", ""resource_project_id"": ""proyecto-2-cloud-509714"", ""resource_type"": ""gce_instance"", ""resource_zone"": ""us-central1-a"", ""vm"": ""8057035535632679842""}",0
2026-09-27T02:47:59.731638Z,"{""command"": ""kthreadd"", ""command_line"": """", ""owner"": ""root"", ""pid"": ""2"", ""process"": ""all"", ""resource_instance_id"": ""8057035535632679842"", ""resource_project_id"": ""proyecto-2-cloud-509714"", ""resource_type"": ""gce_instance"", ""resource_zone"": ""us-central1-a"", ""vm"": ""8057035535632679842""}",0
2026-09-27T02:47:29.727118Z,"{""command"": ""kthreadd"", ""command_line"": """", ""owner"": ""root"", ""pid"": ""2"", ""process"": ""all"", ""resource_instance_id"": ""8057035535632679842"", ""resource_project_id"": ""proyecto-2-cloud-509714"", ""resource_type"": ""gce_instance"", ""resource_zone"": ""us-central1-a"", ""vm"": ""8057035535632679842""}",0
2026-09-27T02:46:59.738207Z,"{""command"": ""kthreadd"", ""command_line"": """", ""owner"": ""root"", ""pid"": ""2"", ""process"": ""all"", ""resource_instance_id"": ""8057035535632679842"", ""resource_project_id"": ""proyecto-2-cloud-509714"", ""resource_type"": ""gce_instance"", ""resource_zone"": ""us-central1-a"", ""vm"": ""8057035535632679842""}",0
2026-09-27T02:46:29.733301Z,"{""command"": ""kthreadd"", ""command_line"": """", ""owner"": ""root"", ""pid"": ""2"", ""process"": ""all"", ""resource_instance_id"": ""8057035535632679842"", ""resource_project_id"": ""proyecto-2-cloud-509714"", ""resource_type"": ""gce_instance"", ""resource_zone"": ""us-central1-a"", ""vm"": ""8057035535632679842""}",0
2026-09-27T02:45:59.728235Z,"{""command"": ""kthreadd"", ""command_line"": """", ""owner"": ""root"", ""pid"": ""2"", ""process"": ""all"", ""resource_instance_id"": ""8057035535632679842"", ""resource_project_id"": ""proyecto-2-cloud-509714"", ""resource_type"": ""gce_instance"", ""resource_zone"": ""us-central1-a"", ""vm"": ""8057035535632679842""}",0
2026-09-27T02:45:29.734029Z,"{""command"": ""kthreadd"", ""command_line"": """", ""owner"": ""root"", ""pid"": ""2"", ""process"": ""all"", ""resource_instance_id"": ""8057035535632679842"", ""resource_project_id"": ""proyecto-2-cloud-509714"", ""resource_type"": ""gce_instance"", ""resource_zone"": ""us-central1-a"", ""vm"": ""8057035535632679842""}",0
2026-09-27T02:44:59.739176Z,"{""command"": ""kthreadd"", ""command_line"": """", ""owner"": ""root"", ""pid"": ""2"", ""process"": ""all"", ""resource_instance_id"": ""8057035535632679842"", ""resource_project_id"": ""proyecto-2-cloud-509714"", ""resource_type"": ""gce_instance"", ""resource_zone"": ""us-central1-a"", ""vm"": ""8057035535632679842""}",0
2026-09-27T02:44:29.736126Z,"{""command"": ""kthreadd"", ""command_line"": """", ""owner"": ""root"", ""pid"": ""2"", ""process"": ""all"", ""resource_instance_id"": ""8057035535632679842"", ""resource_project_id"": ""proyecto-2-cloud-509714"", ""resource_type"": ""gce_instance"", ""resource_zone"": ""us-central1-a"", ""vm"": ""8057035535632679842""}",0
2026-09-27T02:43:59.737717Z,"{""command"": ""kthreadd"", ""command_line"": """", ""owner"": ""root"", ""pid"": ""2"", ""process"": ""all"", ""resource_instance_id"": ""8057035535632679842"", ""resource_project_id"": ""proyecto-2-cloud-509714"", ""resource_type"": ""gce_instance"", ""resource_zone"": ""us-central1-a"", ""vm"": ""8057035535632679842""}",0
2026-09-27T02:43:29.736473Z,"{""command"": ""kthreadd"", ""command_line"": """", ""owner"": ""root"", ""pid"": ""2"", ""process"": ""all"", ""resource_instance_id"": ""8057035535632679842"", ""resource_project_id"": ""proyecto-2-cloud-509714"", ""resource_type"": ""gce_instance"", ""resource_zone"": ""us-central1-a"", ""vm"": ""8057035535632679842""}",0
2026-09-27T02:42:59.732200Z,"{""command"": ""kthreadd"", ""command_line"": """", ""owner"": ""root"", ""pid"": ""2"", ""process"": ""all"", ""resource_instance_id"": ""8057035535632679842"", ""resource_project_id"": ""proyecto-2-cloud-509714"", ""resource_type"": ""gce_instance"", ""resource_zone"": ""us-central1-a"", ""vm"": ""8057035535632679842""}",0
2026-09-27T02:42:29.756907Z,"{""command"": ""kthreadd"", ""command_line"": """", ""owner"": ""root"", ""pid"": ""2"", ""process"": ""all"", ""resource_instance_id"": ""8057035535632679842"", ""resource_project_id"": ""proyecto-2-cloud-509714"", ""resource_type"": ""gce_instance"", ""resource_zone"": ""us-central1-a"", ""vm"": ""8057035535632679842""}",0
2026-09-27T02:41:59.735085Z,"{""command"": ""kthreadd"", ""command_line"": """", ""owner"": ""root"", ""pid"": ""2"", ""process"": ""all"", ""resource_instance_id"": ""8057035535632679842"", ""resource_project_id"": ""proyecto-2-cloud-509714"", ""resource_type"": ""gce_instance"", ""resource_zone"": ""us-central1-a"", ""vm"": ""8057035535632679842""}",0
2026-09-27T02:41:29.738419Z,"{""command"": ""kthreadd"", ""command_line"": """", ""owner"": ""root"", ""pid"": ""2"", ""process"": ""all"", ""resource_instance_id"": ""8057035535632679842"", ""resource_project_id"": ""proyecto-2-cloud-509714"", ""resource_type"": ""gce_instance"", ""resource_zone"": ""us-central1-a"", ""vm"": ""8057035535632679842""}",0
2026-09-27T02:40:59.727153Z,"{""command"": ""kthreadd"", ""command_line"": """", ""owner"": ""root"", ""pid"": ""2"", ""process"": ""all"", ""resource_instance_id"": ""8057035535632679842"", ""resource_project_id"": ""proyecto-2-cloud-509714"", ""resource_type"": ""gce_instance"", ""resource_zone"": ""us-central1-a"", ""vm"": ""8057035535632679842""}",0
2026-09-27T02:40:29.724998Z,"{""command"": ""kthreadd"", ""command_line"": """", ""owner"": ""root"", ""pid"": ""2"", ""process"": ""all"", ""resource_instance_id"": ""8057035535632679842"", ""resource_project_id"": ""proyecto-2-cloud-509714"", ""resource_type"": ""gce_instance"", ""resource_zone"": ""us-central1-a"", ""vm"": ""8057035535632679842""}",0
2026-09-27T02:39:59.729110Z,"{""command"": ""kthreadd"", ""command_line"": """", ""owner"": ""root"", ""pid"": ""2"", ""process"": ""all"", ""resource_instance_id"": ""8057035535632679842"", ""resource_project_id"": ""proyecto-2-cloud-509714"", ""resource_type"": ""gce_instance"", ""resource_zone"": ""us-central1-a"", ""vm"": ""8057035535632679842""}",0
2026-09-27T02:39:29.727253Z,"{""command"": ""kthreadd"", ""command_line"": """", ""owner"": ""root"", ""pid"": ""2"", ""process"": ""all"", ""resource_instance_id"": ""8057035535632679842"", ""resource_project_id"": ""proyecto-2-cloud-509714"", ""resource_type"": ""gce_instance"", ""resource_zone"": ""us-central1-a"", ""vm"": ""8057035535632679842""}",0
2026-09-27T02:38:59.730399Z,"{""command"": ""kthreadd"", ""command_line"": """", ""owner"": ""root"", ""pid"": ""2"", ""process"": ""all"", ""resource_instance_id"": ""8057035535632679842"", ""resource_project_id"": ""proyecto-2-cloud-509714"", ""resource_type"": ""gce_instance"", ""resource_zone"": ""us-central1-a"", ""vm"": ""8057035535632679842""}",0
2026-09-27T02:38:29.723488Z,"{""command"": ""kthreadd"", ""command_line"": """", ""owner"": ""root"", ""pid"": ""2"", ""process"": ""all"", ""resource_instance_id"": ""8057035535632679842"", ""resource_project_id"": ""proyecto-2-cloud-509714"", ""resource_type"": ""gce_instance"", ""resource_zone"": ""us-central1-a"", ""vm"": ""8057035535632679842""}",0
2026-09-27T02:37:59.734715Z,"{""command"": ""kthreadd"", ""command_line"": """", ""owner"": ""root"", ""pid"": ""2"", ""process"": ""all"", ""resource_instance_id"": ""8057035535632679842"", ""resource_project_id"": ""proyecto-2-cloud-509714"", ""resource_type"": ""gce_instance"", ""resource_zone"": ""us-central1-a"", ""vm"": ""8057035535632679842""}",0
2026-09-27T02:37:29.727340Z,"{""command"": ""kthreadd"", ""command_line"": """", ""owner"": ""root"", ""pid"": ""2"", ""process"": ""all"", ""resource_instance_id"": ""8057035535632679842"", ""resource_project_id"": ""proyecto-2-cloud-509714"", ""resource_type"": ""gce_instance"", ""resource_zone"": ""us-central1-a"", ""vm"": ""8057035535632679842""}",0
2026-09-27T02:36:59.734488Z,"{""command"": ""kthreadd"", ""command_line"": """", ""owner"": ""root"", ""pid"": ""2"", ""process"": ""all"", ""resource_instance_id"": ""8057035535632679842"", ""resource_project_id"": ""proyecto-2-cloud-509714"", ""resource_type"": ""gce_instance"", ""resource_zone"": ""us-central1-a"", ""vm"": ""8057035535632679842""}",0
2026-09-27T02:36:29.729726Z,"{""command"": ""kthreadd"", ""command_line"": """", ""owner"": ""root"", ""pid"": ""2"", ""process"": ""all"", ""resource_instance_id"": ""8057035535632679842"", ""resource_project_id"": ""proyecto-2-cloud-509714"", ""resource_type"": ""gce_instance"", ""resource_zone"": ""us-central1-a"", ""vm"": ""8057035535632679842""}",0
2026-09-27T02:35:59.723999Z,"{""command"": ""kthreadd"", ""command_line"": """", ""owner"": ""root"", ""pid"": ""2"", ""process"": ""all"", ""resource_instance_id"": ""8057035535632679842"", ""resource_project_id"": ""proyecto-2-cloud-509714"", ""resource_type"": ""gce_instance"", ""resource_zone"": ""us-central1-a"", ""vm"": ""8057035535632679842""}",0
2026-09-27T02:35:29.722868Z,"{""command"": ""kthreadd"", ""command_line"": """", ""owner"": ""root"", ""pid"": ""2"", ""process"": ""all"", ""resource_instance_id"": ""8057035535632679842"", ""resource_project_id"": ""proyecto-2-cloud-509714"", ""resource_type"": ""gce_instance"", ""resource_zone"": ""us-central1-a"", ""vm"": ""8057035535632679842""}",0
2026-09-27T02:34:59.727162Z,"{""command"": ""kthreadd"", ""command_line"": """", ""owner"": ""root"", ""pid"": ""2"", ""process"": ""all"", ""resource_instance_id"": ""8057035535632679842"", ""resource_project_id"": ""proyecto-2-cloud-509714"", ""resource_type"": ""gce_instance"", ""resource_zone"": ""us-central1-a"", ""vm"": ""8057035535632679842""}",0
2026-09-27T02:34:29.726896Z,"{""command"": ""kthreadd"", ""command_line"": """", ""owner"": ""root"", ""pid"": ""2"", ""process"": ""all"", ""resource_instance_id"": ""8057035535632679842"", ""resource_project_id"": ""proyecto-2-cloud-509714"", ""resource_type"": ""gce_instance"", ""resource_zone"": ""us-central1-a"", ""vm"": ""8057035535632679842""}",0
2026-09-27T02:33:59.733917Z,"{""command"": ""kthreadd"", ""command_line"": """", ""owner"": ""root"", ""pid"": ""2"", ""process"": ""all"", ""resource_instance_id"": ""8057035535632679842"", ""resource_project_id"": ""proyecto-2-cloud-509714"", ""resource_type"": ""gce_instance"", ""resource_zone"": ""us-central1-a"", ""vm"": ""8057035535632679842""}",0
2026-09-27T02:33:29.723515Z,"{""command"": ""kthreadd"", ""command_line"": """", ""owner"": ""root"", ""pid"": ""2"", ""process"": ""all"", ""resource_instance_id"": ""8057035535632679842"", ""resource_project_id"": ""proyecto-2-cloud-509714"", ""resource_type"": ""gce_instance"", ""resource_zone"": ""us-central1-a"", ""vm"": ""8057035535632679842""}",0
2026-09-27T02:32:59.740460Z,"{""command"": ""kthreadd"", ""command_line"": """", ""owner"": ""root"", ""pid"": ""2"", ""process"": ""all"", ""resource_instance_id"": ""8057035535632679842"", ""resource_project_id"": ""proyecto-2-cloud-509714"", ""resource_type"": ""gce_instance"", ""resource_zone"": ""us-central1-a"", ""vm"": ""8057035535632679842""}",0
2026-09-27T02:32:29.731590Z,"{""command"": ""kthreadd"", ""command_line"": """", ""owner"": ""root"", ""pid"": ""2"", ""process"": ""all"", ""resource_instance_id"": ""8057035535632679842"", ""resource_project_id"": ""proyecto-2-cloud-509714"", ""resource_type"": ""gce_instance"", ""resource_zone"": ""us-central1-a"", ""vm"": ""8057035535632679842""}",0
2026-09-27T02:31:59.731916Z,"{""command"": ""kthreadd"", ""command_line"": """", ""owner"": ""root"", ""pid"": ""2"", ""process"": ""all"", ""resource_instance_id"": ""8057035535632679842"", ""resource_project_id"": ""proyecto-2-cloud-509714"", ""resource_type"": ""gce_instance"", ""resource_zone"": ""us-central1-a"", ""vm"": ""8057035535632679842""}",0
2026-09-27T02:31:29.726299Z,"{""command"": ""kthreadd"", ""command_line"": """", ""owner"": ""root"", ""pid"": ""2"", ""process"": ""all"", ""resource_instance_id"": ""8057035535632679842"", ""resource_project_id"": ""proyecto-2-cloud-509714"", ""resource_type"": ""gce_instance"", ""resource_zone"": ""us-central1-a"", ""vm"": ""8057035535632679842""}",0
2026-09-27T02:30:59.740273Z,"{""command"": ""kthreadd"", ""command_line"": """", ""owner"": ""root"", ""pid"": ""2"", ""process"": ""all"", ""resource_instance_id"": ""8057035535632679842"", ""resource_project_id"": ""proyecto-2-cloud-509714"", ""resource_type"": ""gce_instance"", ""resource_zone"": ""us-central1-a"", ""vm"": ""8057035535632679842""}",0
2026-09-27T02:30:29.736579Z,"{""command"": ""kthreadd"", ""command_line"": """", ""owner"": ""root"", ""pid"": ""2"", ""process"": ""all"", ""resource_instance_id"": ""8057035535632679842"", ""resource_project_id"": ""proyecto-2-cloud-509714"", ""resource_type"": ""gce_instance"", ""resource_zone"": ""us-central1-a"", ""vm"": ""8057035535632679842""}",0
2026-09-27T02:30:22.323023Z,"{""command"": ""kthreadd"", ""command_line"": """", ""owner"": ""root"", ""pid"": ""2"", ""process"": ""all"", ""resource_instance_id"": ""8057035535632679842"", ""resource_project_id"": ""proyecto-2-cloud-509714"", ""resource_type"": ""gce_instance"", ""resource_zone"": ""us-central1-a"", ""vm"": ""8057035535632679842""}",0
2026-09-27T02:49:59.737379Z,"{""command"": ""kthrotld"", ""command_line"": """", ""owner"": ""root"", ""pid"": ""49"", ""process"": ""all"", ""resource_instance_id"": ""8057035535632679842"", ""resource_project_id"": ""proyecto-2-cloud-509714"", ""resource_type"": ""gce_instance"", ""resource_zone"": ""us-central1-a"", ""vm"": ""8057035535632679842""}",0
2026-09-27T02:49:29.734127Z,"{""command"": ""kthrotld"", ""command_line"": """", ""owner"": ""root"", ""pid"": ""49"", ""process"": ""all"", ""resource_instance_id"": ""8057035535632679842"", ""resource_project_id"": ""proyecto-2-cloud-509714"", ""resource_type"": ""gce_instance"", ""resource_zone"": ""us-central1-a"", ""vm"": ""8057035535632679842""}",0
2026-09-27T02:48:59.729113Z,"{""command"": ""kthrotld"", ""command_line"": """", ""owner"": ""root"", ""pid"": ""49"", ""process"": ""all"", ""resource_instance_id"": ""8057035535632679842"", ""resource_project_id"": ""proyecto-2-cloud-509714"", ""resource_type"": ""gce_instance"", ""resource_zone"": ""us-central1-a"", ""vm"": ""8057035535632679842""}",0
2026-09-27T02:48:29.735732Z,"{""command"": ""kthrotld"", ""command_line"": """", ""owner"": ""root"", ""pid"": ""49"", ""process"": ""all"", ""resource_instance_id"": ""8057035535632679842"", ""resource_project_id"": ""proyecto-2-cloud-509714"", ""resource_type"": ""gce_instance"", ""resource_zone"": ""us-central1-a"", ""vm"": ""8057035535632679842""}",0
2026-09-27T02:47:59.733604Z,"{""command"": ""kthrotld"", ""command_line"": """", ""owner"": ""root"", ""pid"": ""49"", ""process"": ""all"", ""resource_instance_id"": ""8057035535632679842"", ""resource_project_id"": ""proyecto-2-cloud-509714"", ""resource_type"": ""gce_instance"", ""resource_zone"": ""us-central1-a"", ""vm"": ""8057035535632679842""}",0
2026-09-27T02:47:29.730455Z,"{""command"": ""kthrotld"", ""command_line"": """", ""owner"": ""root"", ""pid"": ""49"", ""process"": ""all"", ""resource_instance_id"": ""8057035535632679842"", ""resource_project_id"": ""proyecto-2-cloud-509714"", ""resource_type"": ""gce_instance"", ""resource_zone"": ""us-central1-a"", ""vm"": ""8057035535632679842""}",0
2026-09-27T02:46:59.740965Z,"{""command"": ""kthrotld"", ""command_line"": """", ""owner"": ""root"", ""pid"": ""49"", ""process"": ""all"", ""resource_instance_id"": ""8057035535632679842"", ""resource_project_id"": ""proyecto-2-cloud-509714"", ""resource_type"": ""gce_instance"", ""resource_zone"": ""us-central1-a"", ""vm"": ""8057035535632679842""}",0
2026-09-27T02:46:29.735540Z,"{""command"": ""kthrotld"", ""command_line"": """", ""owner"": ""root"", ""pid"": ""49"", ""process"": ""all"", ""resource_instance_id"": ""8057035535632679842"", ""resource_project_id"": ""proyecto-2-cloud-509714"", ""resource_type"": ""gce_instance"", ""resource_zone"": ""us-central1-a"", ""vm"": ""8057035535632679842""}",0
2026-09-27T02:45:59.730077Z,"{""command"": ""kthrotld"", ""command_line"": """", ""owner"": ""root"", ""pid"": ""49"", ""process"": ""all"", ""resource_instance_id"": ""8057035535632679842"", ""resource_project_id"": ""proyecto-2-cloud-509714"", ""resource_type"": ""gce_instance"", ""resource_zone"": ""us-central1-a"", ""vm"": ""8057035535632679842""}",0
2026-09-27T02:45:29.735922Z,"{""command"": ""kthrotld"", ""command_line"": """", ""owner"": ""root"", ""pid"": ""49"", ""process"": ""all"", ""resource_instance_id"": ""8057035535632679842"", ""resource_project_id"": ""proyecto-2-cloud-509714"", ""resource_type"": ""gce_instance"", ""resource_zone"": ""us-central1-a"", ""vm"": ""8057035535632679842""}",0
2026-09-27T02:44:59.741214Z,"{""command"": ""kthrotld"", ""command_line"": """", ""owner"": ""root"", ""pid"": ""49"", ""process"": ""all"", ""resource_instance_id"": ""8057035535632679842"", ""resource_project_id"": ""proyecto-2-cloud-509714"", ""resource_type"": ""gce_instance"", ""resource_zone"": ""us-central1-a"", ""vm"": ""8057035535632679842""}",0
2026-09-27T02:44:29.738288Z,"{""command"": ""kthrotld"", ""command_line"": """", ""owner"": ""root"", ""pid"": ""49"", ""process"": ""all"", ""resource_instance_id"": ""8057035535632679842"", ""resource_project_id"": ""proyecto-2-cloud-509714"", ""resource_type"": ""gce_instance"", ""resource_zone"": ""us-central1-a"", ""vm"": ""8057035535632679842""}",0
2026-09-27T02:43:59.739896Z,"{""command"": ""kthrotld"", ""command_line"": """", ""owner"": ""root"", ""pid"": ""49"", ""process"": ""all"", ""resource_instance_id"": ""8057035535632679842"", ""resource_project_id"": ""proyecto-2-cloud-509714"", ""resource_type"": ""gce_instance"", ""resource_zone"": ""us-central1-a"", ""vm"": ""8057035535632679842""}",0
2026-09-27T02:43:29.740537Z,"{""command"": ""kthrotld"", ""command_line"": """", ""owner"": ""root"", ""pid"": ""49"", ""process"": ""all"", ""resource_instance_id"": ""8057035535632679842"", ""resource_project_id"": ""proyecto-2-cloud-509714"", ""resource_type"": ""gce_instance"", ""resource_zone"": ""us-central1-a"", ""vm"": ""8057035535632679842""}",0
2026-09-27T02:42:59.734281Z,"{""command"": ""kthrotld"", ""command_line"": """", ""owner"": ""root"", ""pid"": ""49"", ""process"": ""all"", ""resource_instance_id"": ""8057035535632679842"", ""resource_project_id"": ""proyecto-2-cloud-509714"", ""resource_type"": ""gce_instance"", ""resource_zone"": ""us-central1-a"", ""vm"": ""8057035535632679842""}",0
2026-09-27T02:42:29.759142Z,"{""command"": ""kthrotld"", ""command_line"": """", ""owner"": ""root"", ""pid"": ""49"", ""process"": ""all"", ""resource_instance_id"": ""8057035535632679842"", ""resource_project_id"": ""proyecto-2-cloud-509714"", ""resource_type"": ""gce_instance"", ""resource_zone"": ""us-central1-a"", ""vm"": ""8057035535632679842""}",0
2026-09-27T02:41:59.737598Z,"{""command"": ""kthrotld"", ""command_line"": """", ""owner"": ""root"", ""pid"": ""49"", ""process"": ""all"", ""resource_instance_id"": ""8057035535632679842"", ""resource_project_id"": ""proyecto-2-cloud-509714"", ""resource_type"": ""gce_instance"", ""resource_zone"": ""us-central1-a"", ""vm"": ""8057035535632679842""}",0
2026-09-27T02:41:29.741410Z,"{""command"": ""kthrotld"", ""command_line"": """", ""owner"": ""root"", ""pid"": ""49"", ""process"": ""all"", ""resource_instance_id"": ""8057035535632679842"", ""resource_project_id"": ""proyecto-2-cloud-509714"", ""resource_type"": ""gce_instance"", ""resource_zone"": ""us-central1-a"", ""vm"": ""8057035535632679842""}",0
2026-09-27T02:40:59.729161Z,"{""command"": ""kthrotld"", ""command_line"": """", ""owner"": ""root"", ""pid"": ""49"", ""process"": ""all"", ""resource_instance_id"": ""8057035535632679842"", ""resource_project_id"": ""proyecto-2-cloud-509714"", ""resource_type"": ""gce_instance"", ""resource_zone"": ""us-central1-a"", ""vm"": ""8057035535632679842""}",0
2026-09-27T02:40:29.727365Z,"{""command"": ""kthrotld"", ""command_line"": """", ""owner"": ""root"", ""pid"": ""49"", ""process"": ""all"", ""resource_instance_id"": ""8057035535632679842"", ""resource_project_id"": ""proyecto-2-cloud-509714"", ""resource_type"": ""gce_instance"", ""resource_zone"": ""us-central1-a"", ""vm"": ""8057035535632679842""}",0
2026-09-27T02:39:59.733527Z,"{""command"": ""kthrotld"", ""command_line"": """", ""owner"": ""root"", ""pid"": ""49"", ""process"": ""all"", ""resource_instance_id"": ""8057035535632679842"", ""resource_project_id"": ""proyecto-2-cloud-509714"", ""resource_type"": ""gce_instance"", ""resource_zone"": ""us-central1-a"", ""vm"": ""8057035535632679842""}",0
2026-09-27T02:39:29.729113Z,"{""command"": ""kthrotld"", ""command_line"": """", ""owner"": ""root"", ""pid"": ""49"", ""process"": ""all"", ""resource_instance_id"": ""8057035535632679842"", ""resource_project_id"": ""proyecto-2-cloud-509714"", ""resource_type"": ""gce_instance"", ""resource_zone"": ""us-central1-a"", ""vm"": ""8057035535632679842""}",0
2026-09-27T02:38:59.733855Z,"{""command"": ""kthrotld"", ""command_line"": """", ""owner"": ""root"", ""pid"": ""49"", ""process"": ""all"", ""resource_instance_id"": ""8057035535632679842"", ""resource_project_id"": ""proyecto-2-cloud-509714"", ""resource_type"": ""gce_instance"", ""resource_zone"": ""us-central1-a"", ""vm"": ""8057035535632679842""}",0
2026-09-27T02:38:29.726286Z,"{""command"": ""kthrotld"", ""command_line"": """", ""owner"": ""root"", ""pid"": ""49"", ""process"": ""all"", ""resource_instance_id"": ""8057035535632679842"", ""resource_project_id"": ""proyecto-2-cloud-509714"", ""resource_type"": ""gce_instance"", ""resource_zone"": ""us-central1-a"", ""vm"": ""8057035535632679842""}",0
2026-09-27T02:37:59.736695Z,"{""command"": ""kthrotld"", ""command_line"": """", ""owner"": ""root"", ""pid"": ""49"", ""process"": ""all"", ""resource_instance_id"": ""8057035535632679842"", ""resource_project_id"": ""proyecto-2-cloud-509714"", ""resource_type"": ""gce_instance"", ""resource_zone"": ""us-central1-a"", ""vm"": ""8057035535632679842""}",0
2026-09-27T02:37:29.730447Z,"{""command"": ""kthrotld"", ""command_line"": """", ""owner"": ""root"", ""pid"": ""49"", ""process"": ""all"", ""resource_instance_id"": ""8057035535632679842"", ""resource_project_id"": ""proyecto-2-cloud-509714"", ""resource_type"": ""gce_instance"", ""resource_zone"": ""us-central1-a"", ""vm"": ""8057035535632679842""}",0
2026-09-27T02:36:59.737762Z,"{""command"": ""kthrotld"", ""command_line"": """", ""owner"": ""root"", ""pid"": ""49"", ""process"": ""all"", ""resource_instance_id"": ""8057035535632679842"", ""resource_project_id"": ""proyecto-2-cloud-509714"", ""resource_type"": ""gce_instance"", ""resource_zone"": ""us-central1-a"", ""vm"": ""8057035535632679842""}",0
2026-09-27T02:36:29.732814Z,"{""command"": ""kthrotld"", ""command_line"": """", ""owner"": ""root"", ""pid"": ""49"", ""process"": ""all"", ""resource_instance_id"": ""8057035535632679842"", ""resource_project_id"": ""proyecto-2-cloud-509714"", ""resource_type"": ""gce_instance"", ""resource_zone"": ""us-central1-a"", ""vm"": ""8057035535632679842""}",0
2026-09-27T02:35:59.725953Z,"{""command"": ""kthrotld"", ""command_line"": """", ""owner"": ""root"", ""pid"": ""49"", ""process"": ""all"", ""resource_instance_id"": ""8057035535632679842"", ""resource_project_id"": ""proyecto-2-cloud-509714"", ""resource_type"": ""gce_instance"", ""resource_zone"": ""us-central1-a"", ""vm"": ""8057035535632679842""}",0
2026-09-27T02:35:29.724731Z,"{""command"": ""kthrotld"", ""command_line"": """", ""owner"": ""root"", ""pid"": ""49"", ""process"": ""all"", ""resource_instance_id"": ""8057035535632679842"", ""resource_project_id"": ""proyecto-2-cloud-509714"", ""resource_type"": ""gce_instance"", ""resource_zone"": ""us-central1-a"", ""vm"": ""8057035535632679842""}",0
2026-09-27T02:34:59.729556Z,"{""command"": ""kthrotld"", ""command_line"": """", ""owner"": ""root"", ""pid"": ""49"", ""process"": ""all"", ""resource_instance_id"": ""8057035535632679842"", ""resource_project_id"": ""proyecto-2-cloud-509714"", ""resource_type"": ""gce_instance"", ""resource_zone"": ""us-central1-a"", ""vm"": ""8057035535632679842""}",0
2026-09-27T02:34:29.729056Z,"{""command"": ""kthrotld"", ""command_line"": """", ""owner"": ""root"", ""pid"": ""49"", ""process"": ""all"", ""resource_instance_id"": ""8057035535632679842"", ""resource_project_id"": ""proyecto-2-cloud-509714"", ""resource_type"": ""gce_instance"", ""resource_zone"": ""us-central1-a"", ""vm"": ""8057035535632679842""}",0
2026-09-27T02:33:59.736118Z,"{""command"": ""kthrotld"", ""command_line"": """", ""owner"": ""root"", ""pid"": ""49"", ""process"": ""all"", ""resource_instance_id"": ""8057035535632679842"", ""resource_project_id"": ""proyecto-2-cloud-509714"", ""resource_type"": ""gce_instance"", ""resource_zone"": ""us-central1-a"", ""vm"": ""8057035535632679842""}",0
2026-09-27T02:33:29.725425Z,"{""command"": ""kthrotld"", ""command_line"": """", ""owner"": ""root"", ""pid"": ""49"", ""process"": ""all"", ""resource_instance_id"": ""8057035535632679842"", ""resource_project_id"": ""proyecto-2-cloud-509714"", ""resource_type"": ""gce_instance"", ""resource_zone"": ""us-central1-a"", ""vm"": ""8057035535632679842""}",0
2026-09-27T02:32:59.742524Z,"{""command"": ""kthrotld"", ""command_line"": """", ""owner"": ""root"", ""pid"": ""49"", ""process"": ""all"", ""resource_instance_id"": ""8057035535632679842"", ""resource_project_id"": ""proyecto-2-cloud-509714"", ""resource_type"": ""gce_instance"", ""resource_zone"": ""us-central1-a"", ""vm"": ""8057035535632679842""}",0
2026-09-27T02:32:29.733728Z,"{""command"": ""kthrotld"", ""command_line"": """", ""owner"": ""root"", ""pid"": ""49"", ""process"": ""all"", ""resource_instance_id"": ""8057035535632679842"", ""resource_project_id"": ""proyecto-2-cloud-509714"", ""resource_type"": ""gce_instance"", ""resource_zone"": ""us-central1-a"", ""vm"": ""8057035535632679842""}",0
2026-09-27T02:31:59.733942Z,"{""command"": ""kthrotld"", ""command_line"": """", ""owner"": ""root"", ""pid"": ""49"", ""process"": ""all"", ""resource_instance_id"": ""8057035535632679842"", ""resource_project_id"": ""proyecto-2-cloud-509714"", ""resource_type"": ""gce_instance"", ""resource_zone"": ""us-central1-a"", ""vm"": ""8057035535632679842""}",0
2026-09-27T02:31:29.728519Z,"{""command"": ""kthrotld"", ""command_line"": """", ""owner"": ""root"", ""pid"": ""49"", ""process"": ""all"", ""resource_instance_id"": ""8057035535632679842"", ""resource_project_id"": ""proyecto-2-cloud-509714"", ""resource_type"": ""gce_instance"", ""resource_zone"": ""us-central1-a"", ""vm"": ""8057035535632679842""}",0
2026-09-27T02:30:59.743894Z,"{""command"": ""kthrotld"", ""command_line"": """", ""owner"": ""root"", ""pid"": ""49"", ""process"": ""all"", ""resource_instance_id"": ""8057035535632679842"", ""resource_project_id"": ""proyecto-2-cloud-509714"", ""resource_type"": ""gce_instance"", ""resource_zone"": ""us-central1-a"", ""vm"": ""8057035535632679842""}",0
2026-09-27T02:30:29.739041Z,"{""command"": ""kthrotld"", ""command_line"": """", ""owner"": ""root"", ""pid"": ""49"", ""process"": ""all"", ""resource_instance_id"": ""8057035535632679842"", ""resource_project_id"": ""proyecto-2-cloud-509714"", ""resource_type"": ""gce_instance"", ""resource_zone"": ""us-central1-a"", ""vm"": ""8057035535632679842""}",0
2026-09-27T02:30:22.325450Z,"{""command"": ""kthrotld"", ""command_line"": """", ""owner"": ""root"", ""pid"": ""49"", ""process"": ""all"", ""resource_instance_id"": ""8057035535632679842"", ""resource_project_id"": ""proyecto-2-cloud-509714"", ""resource_type"": ""gce_instance"", ""resource_zone"": ""us-central1-a"", ""vm"": ""8057035535632679842""}",0
2026-09-27T02:49:59.743672Z,"{""command"": ""kworker/0:0-balloon-wq"", ""command_line"": """", ""owner"": ""root"", ""pid"": ""10604"", ""process"": ""all"", ""resource_instance_id"": ""8057035535632679842"", ""resource_project_id"": ""proyecto-2-cloud-509714"", ""resource_type"": ""gce_instance"", ""resource_zone"": ""us-central1-a"", ""vm"": ""8057035535632679842""}",0
2026-09-27T02:49:29.737866Z,"{""command"": ""kworker/0:0-balloon-wq"", ""command_line"": """", ""owner"": ""root"", ""pid"": ""10604"", ""process"": ""all"", ""resource_instance_id"": ""8057035535632679842"", ""resource_project_id"": ""proyecto-2-cloud-509714"", ""resource_type"": ""gce_instance"", ""resource_zone"": ""us-central1-a"", ""vm"": ""8057035535632679842""}",0
2026-09-27T02:40:29.731176Z,"{""command"": ""kworker/0:0-balloon-wq"", ""command_line"": """", ""owner"": ""root"", ""pid"": ""10604"", ""process"": ""all"", ""resource_instance_id"": ""8057035535632679842"", ""resource_project_id"": ""proyecto-2-cloud-509714"", ""resource_type"": ""gce_instance"", ""resource_zone"": ""us-central1-a"", ""vm"": ""8057035535632679842""}",0
2026-09-27T02:39:59.742534Z,"{""command"": ""kworker/0:0-balloon-wq"", ""command_line"": """", ""owner"": ""root"", ""pid"": ""10604"", ""process"": ""all"", ""resource_instance_id"": ""8057035535632679842"", ""resource_project_id"": ""proyecto-2-cloud-509714"", ""resource_type"": ""gce_instance"", ""resource_zone"": ""us-central1-a"", ""vm"": ""8057035535632679842""}",0
2026-09-27T02:39:29.732824Z,"{""command"": ""kworker/0:0-balloon-wq"", ""command_line"": """", ""owner"": ""root"", ""pid"": ""10604"", ""process"": ""all"", ""resource_instance_id"": ""8057035535632679842"", ""resource_project_id"": ""proyecto-2-cloud-509714"", ""resource_type"": ""gce_instance"", ""resource_zone"": ""us-central1-a"", ""vm"": ""8057035535632679842""}",0
2026-09-27T02:48:59.734296Z,"{""command"": ""kworker/0:0-cgroup_free"", ""command_line"": """", ""owner"": ""root"", ""pid"": ""10604"", ""process"": ""all"", ""resource_instance_id"": ""8057035535632679842"", ""resource_project_id"": ""proyecto-2-cloud-509714"", ""resource_type"": ""gce_instance"", ""resource_zone"": ""us-central1-a"", ""vm"": ""8057035535632679842""}",0
2026-09-27T02:48:29.740505Z,"{""command"": ""kworker/0:0-cgroup_free"", ""command_line"": """", ""owner"": ""root"", ""pid"": ""10604"", ""process"": ""all"", ""resource_instance_id"": ""8057035535632679842"", ""resource_project_id"": ""proyecto-2-cloud-509714"", ""resource_type"": ""gce_instance"", ""resource_zone"": ""us-central1-a"", ""vm"": ""8057035535632679842""}",0
2026-09-27T02:47:59.737410Z,"{""command"": ""kworker/0:0-cgroup_free"", ""command_line"": """", ""owner"": ""root"", ""pid"": ""10604"", ""process"": ""all"", ""resource_instance_id"": ""8057035535632679842"", ""resource_project_id"": ""proyecto-2-cloud-509714"", ""resource_type"": ""gce_instance"", ""resource_zone"": ""us-central1-a"", ""vm"": ""8057035535632679842""}",0
2026-09-27T02:47:29.734479Z,"{""command"": ""kworker/0:0-cgroup_free"", ""command_line"": """", ""owner"": ""root"", ""pid"": ""10604"", ""process"": ""all"", ""resource_instance_id"": ""8057035535632679842"", ""resource_project_id"": ""proyecto-2-cloud-509714"", ""resource_type"": ""gce_instance"", ""resource_zone"": ""us-central1-a"", ""vm"": ""8057035535632679842""}",0
2026-09-27T02:46:59.745314Z,"{""command"": ""kworker/0:0-cgroup_free"", ""command_line"": """", ""owner"": ""root"", ""pid"": ""10604"", ""process"": ""all"", ""resource_instance_id"": ""8057035535632679842"", ""resource_project_id"": ""proyecto-2-cloud-509714"", ""resource_type"": ""gce_instance"", ""resource_zone"": ""us-central1-a"", ""vm"": ""8057035535632679842""}",0
2026-09-27T02:46:29.742130Z,"{""command"": ""kworker/0:0-cgroup_free"", ""command_line"": """", ""owner"": ""root"", ""pid"": ""10604"", ""process"": ""all"", ""resource_instance_id"": ""8057035535632679842"", ""resource_project_id"": ""proyecto-2-cloud-509714"", ""resource_type"": ""gce_instance"", ""resource_zone"": ""us-central1-a"", ""vm"": ""8057035535632679842""}",0
2026-09-27T02:45:59.733411Z,"{""command"": ""kworker/0:0-cgroup_free"", ""command_line"": """", ""owner"": ""root"", ""pid"": ""10604"", ""process"": ""all"", ""resource_instance_id"": ""8057035535632679842"", ""resource_project_id"": ""proyecto-2-cloud-509714"", ""resource_type"": ""gce_instance"", ""resource_zone"": ""us-central1-a"", ""vm"": ""8057035535632679842""}",0
2026-09-27T02:45:29.739362Z,"{""command"": ""kworker/0:0-cgroup_free"", ""command_line"": """", ""owner"": ""root"", ""pid"": ""10604"", ""process"": ""all"", ""resource_instance_id"": ""8057035535632679842"", ""resource_project_id"": ""proyecto-2-cloud-509714"", ""resource_type"": ""gce_instance"", ""resource_zone"": ""us-central1-a"", ""vm"": ""8057035535632679842""}",0
2026-09-27T02:44:59.745246Z,"{""command"": ""kworker/0:0-cgroup_free"", ""command_line"": """", ""owner"": ""root"", ""pid"": ""10604"", ""process"": ""all"", ""resource_instance_id"": ""8057035535632679842"", ""resource_project_id"": ""proyecto-2-cloud-509714"", ""resource_type"": ""gce_instance"", ""resource_zone"": ""us-central1-a"", ""vm"": ""8057035535632679842""}",0
2026-09-27T02:44:29.742054Z,"{""command"": ""kworker/0:0-cgroup_free"", ""command_line"": """", ""owner"": ""root"", ""pid"": ""10604"", ""process"": ""all"", ""resource_instance_id"": ""8057035535632679842"", ""resource_project_id"": ""proyecto-2-cloud-509714"", ""resource_type"": ""gce_instance"", ""resource_zone"": ""us-central1-a"", ""vm"": ""8057035535632679842""}",0
2026-09-27T02:43:59.744095Z,"{""command"": ""kworker/0:0-cgroup_free"", ""command_line"": """", ""owner"": ""root"", ""pid"": ""10604"", ""process"": ""all"", ""resource_instance_id"": ""8057035535632679842"", ""resource_project_id"": ""proyecto-2-cloud-509714"", ""resource_type"": ""gce_instance"", ""resource_zone"": ""us-central1-a"", ""vm"": ""8057035535632679842""}",0
2026-09-27T02:43:29.746050Z,"{""command"": ""kworker/0:0-cgroup_free"", ""command_line"": """", ""owner"": ""root"", ""pid"": ""10604"", ""process"": ""all"", ""resource_instance_id"": ""8057035535632679842"", ""resource_project_id"": ""proyecto-2-cloud-509714"", ""resource_type"": ""gce_instance"", ""resource_zone"": ""us-central1-a"", ""vm"": ""8057035535632679842""}",0
2026-09-27T02:42:59.738386Z,"{""command"": ""kworker/0:0-cgroup_free"", ""command_line"": """", ""owner"": ""root"", ""pid"": ""10604"", ""process"": ""all"", ""resource_instance_id"": ""8057035535632679842"", ""resource_project_id"": ""proyecto-2-cloud-509714"", ""resource_type"": ""gce_instance"", ""resource_zone"": ""us-central1-a"", ""vm"": ""8057035535632679842""}",0
2026-09-27T02:42:29.764142Z,"{""command"": ""kworker/0:0-cgroup_free"", ""command_line"": """", ""owner"": ""root"", ""pid"": ""10604"", ""process"": ""all"", ""resource_instance_id"": ""8057035535632679842"", ""resource_project_id"": ""proyecto-2-cloud-509714"", ""resource_type"": ""gce_instance"", ""resource_zone"": ""us-central1-a"", ""vm"": ""8057035535632679842""}",0
2026-09-27T02:41:59.742161Z,"{""command"": ""kworker/0:0-cgroup_free"", ""command_line"": """", ""owner"": ""root"", ""pid"": ""10604"", ""process"": ""all"", ""resource_instance_id"": ""8057035535632679842"", ""resource_project_id"": ""proyecto-2-cloud-509714"", ""resource_type"": ""gce_instance"", ""resource_zone"": ""us-central1-a"", ""vm"": ""8057035535632679842""}",0
2026-09-27T02:41:29.745648Z,"{""command"": ""kworker/0:0-cgroup_free"", ""command_line"": """", ""owner"": ""root"", ""pid"": ""10604"", ""process"": ""all"", ""resource_instance_id"": ""8057035535632679842"", ""resource_project_id"": ""proyecto-2-cloud-509714"", ""resource_type"": ""gce_instance"", ""resource_zone"": ""us-central1-a"", ""vm"": ""8057035535632679842""}",0
2026-09-27T02:40:59.734399Z,"{""command"": ""kworker/0:0-cgroup_free"", ""command_line"": """", ""owner"": ""root"", ""pid"": ""10604"", ""process"": ""all"", ""resource_instance_id"": ""8057035535632679842"", ""resource_project_id"": ""proyecto-2-cloud-509714"", ""resource_type"": ""gce_instance"", ""resource_zone"": ""us-central1-a"", ""vm"": ""8057035535632679842""}",0
2026-09-27T02:35:29.723163Z,"{""command"": ""kworker/0:0-events"", ""command_line"": """", ""owner"": ""root"", ""pid"": ""7"", ""process"": ""all"", ""resource_instance_id"": ""8057035535632679842"", ""resource_project_id"": ""proyecto-2-cloud-509714"", ""resource_type"": ""gce_instance"", ""resource_zone"": ""us-central1-a"", ""vm"": ""8057035535632679842""}",0
2026-09-27T02:34:59.727511Z,"{""command"": ""kworker/0:0-events"", ""command_line"": """", ""owner"": ""root"", ""pid"": ""7"", ""process"": ""all"", ""resource_instance_id"": ""8057035535632679842"", ""resource_project_id"": ""proyecto-2-cloud-509714"", ""resource_type"": ""gce_instance"", ""resource_zone"": ""us-central1-a"", ""vm"": ""8057035535632679842""}",0
2026-09-27T02:34:29.727200Z,"{""command"": ""kworker/0:0-events"", ""command_line"": """", ""owner"": ""root"", ""pid"": ""7"", ""process"": ""all"", ""resource_instance_id"": ""8057035535632679842"", ""resource_project_id"": ""proyecto-2-cloud-509714"", ""resource_type"": ""gce_instance"", ""resource_zone"": ""us-central1-a"", ""vm"": ""8057035535632679842""}",0
2026-09-27T02:33:59.734209Z,"{""command"": ""kworker/0:0-events"", ""command_line"": """", ""owner"": ""root"", ""pid"": ""7"", ""process"": ""all"", ""resource_instance_id"": ""8057035535632679842"", ""resource_project_id"": ""proyecto-2-cloud-509714"", ""resource_type"": ""gce_instance"", ""resource_zone"": ""us-central1-a"", ""vm"": ""8057035535632679842""}",0
2026-09-27T02:33:29.723813Z,"{""command"": ""kworker/0:0-events"", ""command_line"": """", ""owner"": ""root"", ""pid"": ""7"", ""process"": ""all"", ""resource_instance_id"": ""8057035535632679842"", ""resource_project_id"": ""proyecto-2-cloud-509714"", ""resource_type"": ""gce_instance"", ""resource_zone"": ""us-central1-a"", ""vm"": ""8057035535632679842""}",0
2026-09-27T02:32:59.740749Z,"{""command"": ""kworker/0:0-events"", ""command_line"": """", ""owner"": ""root"", ""pid"": ""7"", ""process"": ""all"", ""resource_instance_id"": ""8057035535632679842"", ""resource_project_id"": ""proyecto-2-cloud-509714"", ""resource_type"": ""gce_instance"", ""resource_zone"": ""us-central1-a"", ""vm"": ""8057035535632679842""}",0
2026-09-27T02:32:29.731883Z,"{""command"": ""kworker/0:0-events"", ""command_line"": """", ""owner"": ""root"", ""pid"": ""7"", ""process"": ""all"", ""resource_instance_id"": ""8057035535632679842"", ""resource_project_id"": ""proyecto-2-cloud-509714"", ""resource_type"": ""gce_instance"", ""resource_zone"": ""us-central1-a"", ""vm"": ""8057035535632679842""}",0
2026-09-27T02:31:59.732249Z,"{""command"": ""kworker/0:0-events"", ""command_line"": """", ""owner"": ""root"", ""pid"": ""7"", ""process"": ""all"", ""resource_instance_id"": ""8057035535632679842"", ""resource_project_id"": ""proyecto-2-cloud-509714"", ""resource_type"": ""gce_instance"", ""resource_zone"": ""us-central1-a"", ""vm"": ""8057035535632679842""}",0
2026-09-27T02:31:29.726751Z,"{""command"": ""kworker/0:0-events"", ""command_line"": """", ""owner"": ""root"", ""pid"": ""7"", ""process"": ""all"", ""resource_instance_id"": ""8057035535632679842"", ""resource_project_id"": ""proyecto-2-cloud-509714"", ""resource_type"": ""gce_instance"", ""resource_zone"": ""us-central1-a"", ""vm"": ""8057035535632679842""}",0
2026-09-27T02:30:59.740795Z,"{""command"": ""kworker/0:0-events"", ""command_line"": """", ""owner"": ""root"", ""pid"": ""7"", ""process"": ""all"", ""resource_instance_id"": ""8057035535632679842"", ""resource_project_id"": ""proyecto-2-cloud-509714"", ""resource_type"": ""gce_instance"", ""resource_zone"": ""us-central1-a"", ""vm"": ""8057035535632679842""}",0
2026-09-27T02:30:29.736943Z,"{""command"": ""kworker/0:0-events"", ""command_line"": """", ""owner"": ""root"", ""pid"": ""7"", ""process"": ""all"", ""resource_instance_id"": ""8057035535632679842"", ""resource_project_id"": ""proyecto-2-cloud-509714"", ""resource_type"": ""gce_instance"", ""resource_zone"": ""us-central1-a"", ""vm"": ""8057035535632679842""}",0
2026-09-27T02:30:22.323331Z,"{""command"": ""kworker/0:0-inet_frag_wq"", ""command_line"": """", ""owner"": ""root"", ""pid"": ""7"", ""process"": ""all"", ""resource_instance_id"": ""8057035535632679842"", ""resource_project_id"": ""proyecto-2-cloud-509714"", ""resource_type"": ""gce_instance"", ""resource_zone"": ""us-central1-a"", ""vm"": ""8057035535632679842""}",0
2026-09-27T02:49:59.734343Z,"{""command"": ""kworker/0:0H-events_highpri"", ""command_line"": """", ""owner"": ""root"", ""pid"": ""8"", ""process"": ""all"", ""resource_instance_id"": ""8057035535632679842"", ""resource_project_id"": ""proyecto-2-cloud-509714"", ""resource_type"": ""gce_instance"", ""resource_zone"": ""us-central1-a"", ""vm"": ""8057035535632679842""}",0
2026-09-27T02:49:29.732366Z,"{""command"": ""kworker/0:0H-events_highpri"", ""command_line"": """", ""owner"": ""root"", ""pid"": ""8"", ""process"": ""all"", ""resource_instance_id"": ""8057035535632679842"", ""resource_project_id"": ""proyecto-2-cloud-509714"", ""resource_type"": ""gce_instance"", ""resource_zone"": ""us-central1-a"", ""vm"": ""8057035535632679842""}",0
2026-09-27T02:48:59.727616Z,"{""command"": ""kworker/0:0H-events_highpri"", ""command_line"": """", ""owner"": ""root"", ""pid"": ""8"", ""process"": ""all"", ""resource_instance_id"": ""8057035535632679842"", ""resource_project_id"": ""proyecto-2-cloud-509714"", ""resource_type"": ""gce_instance"", ""resource_zone"": ""us-central1-a"", ""vm"": ""8057035535632679842""}",0
2026-09-27T02:48:29.733164Z,"{""command"": ""kworker/0:0H-events_highpri"", ""command_line"": """", ""owner"": ""root"", ""pid"": ""8"", ""process"": ""all"", ""resource_instance_id"": ""8057035535632679842"", ""resource_project_id"": ""proyecto-2-cloud-509714"", ""resource_type"": ""gce_instance"", ""resource_zone"": ""us-central1-a"", ""vm"": ""8057035535632679842""}",0
2026-09-27T02:47:59.731924Z,"{""command"": ""kworker/0:0H-events_highpri"", ""command_line"": """", ""owner"": ""root"", ""pid"": ""8"", ""process"": ""all"", ""resource_instance_id"": ""8057035535632679842"", ""resource_project_id"": ""proyecto-2-cloud-509714"", ""resource_type"": ""gce_instance"", ""resource_zone"": ""us-central1-a"", ""vm"": ""8057035535632679842""}",0
2026-09-27T02:47:29.727532Z,"{""command"": ""kworker/0:0H-events_highpri"", ""command_line"": """", ""owner"": ""root"", ""pid"": ""8"", ""process"": ""all"", ""resource_instance_id"": ""8057035535632679842"", ""resource_project_id"": ""proyecto-2-cloud-509714"", ""resource_type"": ""gce_instance"", ""resource_zone"": ""us-central1-a"", ""vm"": ""8057035535632679842""}",0
2026-09-27T02:46:59.738665Z,"{""command"": ""kworker/0:0H-events_highpri"", ""command_line"": """", ""owner"": ""root"", ""pid"": ""8"", ""process"": ""all"", ""resource_instance_id"": ""8057035535632679842"", ""resource_project_id"": ""proyecto-2-cloud-509714"", ""resource_type"": ""gce_instance"", ""resource_zone"": ""us-central1-a"", ""vm"": ""8057035535632679842""}",0
2026-09-27T02:46:29.733652Z,"{""command"": ""kworker/0:0H-events_highpri"", ""command_line"": """", ""owner"": ""root"", ""pid"": ""8"", ""process"": ""all"", ""resource_instance_id"": ""8057035535632679842"", ""resource_project_id"": ""proyecto-2-cloud-509714"", ""resource_type"": ""gce_instance"", ""resource_zone"": ""us-central1-a"", ""vm"": ""8057035535632679842""}",0
2026-09-27T02:45:59.728508Z,"{""command"": ""kworker/0:0H-events_highpri"", ""command_line"": """", ""owner"": ""root"", ""pid"": ""8"", ""process"": ""all"", ""resource_instance_id"": ""8057035535632679842"", ""resource_project_id"": ""proyecto-2-cloud-509714"", ""resource_type"": ""gce_instance"", ""resource_zone"": ""us-central1-a"", ""vm"": ""8057035535632679842""}",0
2026-09-27T02:45:29.734297Z,"{""command"": ""kworker/0:0H-events_highpri"", ""command_line"": """", ""owner"": ""root"", ""pid"": ""8"", ""process"": ""all"", ""resource_instance_id"": ""8057035535632679842"", ""resource_project_id"": ""proyecto-2-cloud-509714"", ""resource_type"": ""gce_instance"", ""resource_zone"": ""us-central1-a"", ""vm"": ""8057035535632679842""}",0
2026-09-27T02:44:59.739481Z,"{""command"": ""kworker/0:0H-events_highpri"", ""command_line"": """", ""owner"": ""root"", ""pid"": ""8"", ""process"": ""all"", ""resource_instance_id"": ""8057035535632679842"", ""resource_project_id"": ""proyecto-2-cloud-509714"", ""resource_type"": ""gce_instance"", ""resource_zone"": ""us-central1-a"", ""vm"": ""8057035535632679842""}",0
2026-09-27T02:44:29.736509Z,"{""command"": ""kworker/0:0H-events_highpri"", ""command_line"": """", ""owner"": ""root"", ""pid"": ""8"", ""process"": ""all"", ""resource_instance_id"": ""8057035535632679842"", ""resource_project_id"": ""proyecto-2-cloud-509714"", ""resource_type"": ""gce_instance"", ""resource_zone"": ""us-central1-a"", ""vm"": ""8057035535632679842""}",0
2026-09-27T02:43:59.738069Z,"{""command"": ""kworker/0:0H-events_highpri"", ""command_line"": """", ""owner"": ""root"", ""pid"": ""8"", ""process"": ""all"", ""resource_instance_id"": ""8057035535632679842"", ""resource_project_id"": ""proyecto-2-cloud-509714"", ""resource_type"": ""gce_instance"", ""resource_zone"": ""us-central1-a"", ""vm"": ""8057035535632679842""}",0
2026-09-27T02:43:29.736997Z,"{""command"": ""kworker/0:0H-events_highpri"", ""command_line"": """", ""owner"": ""root"", ""pid"": ""8"", ""process"": ""all"", ""resource_instance_id"": ""8057035535632679842"", ""resource_project_id"": ""proyecto-2-cloud-509714"", ""resource_type"": ""gce_instance"", ""resource_zone"": ""us-central1-a"", ""vm"": ""8057035535632679842""}",0
2026-09-27T02:42:59.732515Z,"{""command"": ""kworker/0:0H-events_highpri"", ""command_line"": """", ""owner"": ""root"", ""pid"": ""8"", ""process"": ""all"", ""resource_instance_id"": ""8057035535632679842"", ""resource_project_id"": ""proyecto-2-cloud-509714"", ""resource_type"": ""gce_instance"", ""resource_zone"": ""us-central1-a"", ""vm"": ""8057035535632679842""}",0
2026-09-27T02:42:29.757326Z,"{""command"": ""kworker/0:0H-events_highpri"", ""command_line"": """", ""owner"": ""root"", ""pid"": ""8"", ""process"": ""all"", ""resource_instance_id"": ""8057035535632679842"", ""resource_project_id"": ""proyecto-2-cloud-509714"", ""resource_type"": ""gce_instance"", ""resource_zone"": ""us-central1-a"", ""vm"": ""8057035535632679842""}",0
2026-09-27T02:41:59.735403Z,"{""command"": ""kworker/0:0H-events_highpri"", ""command_line"": """", ""owner"": ""root"", ""pid"": ""8"", ""process"": ""all"", ""resource_instance_id"": ""8057035535632679842"", ""resource_project_id"": ""proyecto-2-cloud-509714"", ""resource_type"": ""gce_instance"", ""resource_zone"": ""us-central1-a"", ""vm"": ""8057035535632679842""}",0
2026-09-27T02:41:29.739558Z,"{""command"": ""kworker/0:0H-events_highpri"", ""command_line"": """", ""owner"": ""root"", ""pid"": ""8"", ""process"": ""all"", ""resource_instance_id"": ""8057035535632679842"", ""resource_project_id"": ""proyecto-2-cloud-509714"", ""resource_type"": ""gce_instance"", ""resource_zone"": ""us-central1-a"", ""vm"": ""8057035535632679842""}",0
2026-09-27T02:40:59.727416Z,"{""command"": ""kworker/0:0H-events_highpri"", ""command_line"": """", ""owner"": ""root"", ""pid"": ""8"", ""process"": ""all"", ""resource_instance_id"": ""8057035535632679842"", ""resource_project_id"": ""proyecto-2-cloud-509714"", ""resource_type"": ""gce_instance"", ""resource_zone"": ""us-central1-a"", ""vm"": ""8057035535632679842""}",0
2026-09-27T02:40:29.725276Z,"{""command"": ""kworker/0:0H-events_highpri"", ""command_line"": """", ""owner"": ""root"", ""pid"": ""8"", ""process"": ""all"", ""resource_instance_id"": ""8057035535632679842"", ""resource_project_id"": ""proyecto-2-cloud-509714"", ""resource_type"": ""gce_instance"", ""resource_zone"": ""us-central1-a"", ""vm"": ""8057035535632679842""}",0
2026-09-27T02:39:59.729501Z,"{""command"": ""kworker/0:0H-events_highpri"", ""command_line"": """", ""owner"": ""root"", ""pid"": ""8"", ""process"": ""all"", ""resource_instance_id"": ""8057035535632679842"", ""resource_project_id"": ""proyecto-2-cloud-509714"", ""resource_type"": ""gce_instance"", ""resource_zone"": ""us-central1-a"", ""vm"": ""8057035535632679842""}",0
2026-09-27T02:39:29.727531Z,"{""command"": ""kworker/0:0H-events_highpri"", ""command_line"": """", ""owner"": ""root"", ""pid"": ""8"", ""process"": ""all"", ""resource_instance_id"": ""8057035535632679842"", ""resource_project_id"": ""proyecto-2-cloud-509714"", ""resource_type"": ""gce_instance"", ""resource_zone"": ""us-central1-a"", ""vm"": ""8057035535632679842""}",0
2026-09-27T02:38:59.731170Z,"{""command"": ""kworker/0:0H-events_highpri"", ""command_line"": """", ""owner"": ""root"", ""pid"": ""8"", ""process"": ""all"", ""resource_instance_id"": ""8057035535632679842"", ""resource_project_id"": ""proyecto-2-cloud-509714"", ""resource_type"": ""gce_instance"", ""resource_zone"": ""us-central1-a"", ""vm"": ""8057035535632679842""}",0
2026-09-27T02:38:29.723971Z,"{""command"": ""kworker/0:0H-events_highpri"", ""command_line"": """", ""owner"": ""root"", ""pid"": ""8"", ""process"": ""all"", ""resource_instance_id"": ""8057035535632679842"", ""resource_project_id"": ""proyecto-2-cloud-509714"", ""resource_type"": ""gce_instance"", ""resource_zone"": ""us-central1-a"", ""vm"": ""8057035535632679842""}",0
2026-09-27T02:37:59.735016Z,"{""command"": ""kworker/0:0H-events_highpri"", ""command_line"": """", ""owner"": ""root"", ""pid"": ""8"", ""process"": ""all"", ""resource_instance_id"": ""8057035535632679842"", ""resource_project_id"": ""proyecto-2-cloud-509714"", ""resource_type"": ""gce_instance"", ""resource_zone"": ""us-central1-a"", ""vm"": ""8057035535632679842""}",0
2026-09-27T02:37:29.727774Z,"{""command"": ""kworker/0:0H-events_highpri"", ""command_line"": """", ""owner"": ""root"", ""pid"": ""8"", ""process"": ""all"", ""resource_instance_id"": ""8057035535632679842"", ""resource_project_id"": ""proyecto-2-cloud-509714"", ""resource_type"": ""gce_instance"", ""resource_zone"": ""us-central1-a"", ""vm"": ""8057035535632679842""}",0
2026-09-27T02:36:59.735302Z,"{""command"": ""kworker/0:0H-events_highpri"", ""command_line"": """", ""owner"": ""root"", ""pid"": ""8"", ""process"": ""all"", ""resource_instance_id"": ""8057035535632679842"", ""resource_project_id"": ""proyecto-2-cloud-509714"", ""resource_type"": ""gce_instance"", ""resource_zone"": ""us-central1-a"", ""vm"": ""8057035535632679842""}",0
2026-09-27T02:36:29.730181Z,"{""command"": ""kworker/0:0H-events_highpri"", ""command_line"": """", ""owner"": ""root"", ""pid"": ""8"", ""process"": ""all"", ""resource_instance_id"": ""8057035535632679842"", ""resource_project_id"": ""proyecto-2-cloud-509714"", ""resource_type"": ""gce_instance"", ""resource_zone"": ""us-central1-a"", ""vm"": ""8057035535632679842""}",0
2026-09-27T02:35:59.724303Z,"{""command"": ""kworker/0:0H-events_highpri"", ""command_line"": """", ""owner"": ""root"", ""pid"": ""8"", ""process"": ""all"", ""resource_instance_id"": ""8057035535632679842"", ""resource_project_id"": ""proyecto-2-cloud-509714"", ""resource_type"": ""gce_instance"", ""resource_zone"": ""us-central1-a"", ""vm"": ""8057035535632679842""}",0
2026-09-27T02:35:29.723212Z,"{""command"": ""kworker/0:0H-events_highpri"", ""command_line"": """", ""owner"": ""root"", ""pid"": ""8"", ""process"": ""all"", ""resource_instance_id"": ""8057035535632679842"", ""resource_project_id"": ""proyecto-2-cloud-509714"", ""resource_type"": ""gce_instance"", ""resource_zone"": ""us-central1-a"", ""vm"": ""8057035535632679842""}",0
2026-09-27T02:34:59.727573Z,"{""command"": ""kworker/0:0H-events_highpri"", ""command_line"": """", ""owner"": ""root"", ""pid"": ""8"", ""process"": ""all"", ""resource_instance_id"": ""8057035535632679842"", ""resource_project_id"": ""proyecto-2-cloud-509714"", ""resource_type"": ""gce_instance"", ""resource_zone"": ""us-central1-a"", ""vm"": ""8057035535632679842""}",0
2026-09-27T02:34:29.727258Z,"{""command"": ""kworker/0:0H-events_highpri"", ""command_line"": """", ""owner"": ""root"", ""pid"": ""8"", ""process"": ""all"", ""resource_instance_id"": ""8057035535632679842"", ""resource_project_id"": ""proyecto-2-cloud-509714"", ""resource_type"": ""gce_instance"", ""resource_zone"": ""us-central1-a"", ""vm"": ""8057035535632679842""}",0
2026-09-27T02:33:59.734268Z,"{""command"": ""kworker/0:0H-events_highpri"", ""command_line"": """", ""owner"": ""root"", ""pid"": ""8"", ""process"": ""all"", ""resource_instance_id"": ""8057035535632679842"", ""resource_project_id"": ""proyecto-2-cloud-509714"", ""resource_type"": ""gce_instance"", ""resource_zone"": ""us-central1-a"", ""vm"": ""8057035535632679842""}",0
2026-09-27T02:33:29.723865Z,"{""command"": ""kworker/0:0H-events_highpri"", ""command_line"": """", ""owner"": ""root"", ""pid"": ""8"", ""process"": ""all"", ""resource_instance_id"": ""8057035535632679842"", ""resource_project_id"": ""proyecto-2-cloud-509714"", ""resource_type"": ""gce_instance"", ""resource_zone"": ""us-central1-a"", ""vm"": ""8057035535632679842""}",0
2026-09-27T02:32:59.740805Z,"{""command"": ""kworker/0:0H-events_highpri"", ""command_line"": """", ""owner"": ""root"", ""pid"": ""8"", ""process"": ""all"", ""resource_instance_id"": ""8057035535632679842"", ""resource_project_id"": ""proyecto-2-cloud-509714"", ""resource_type"": ""gce_instance"", ""resource_zone"": ""us-central1-a"", ""vm"": ""8057035535632679842""}",0
2026-09-27T02:32:29.731938Z,"{""command"": ""kworker/0:0H-events_highpri"", ""command_line"": """", ""owner"": ""root"", ""pid"": ""8"", ""process"": ""all"", ""resource_instance_id"": ""8057035535632679842"", ""resource_project_id"": ""proyecto-2-cloud-509714"", ""resource_type"": ""gce_instance"", ""resource_zone"": ""us-central1-a"", ""vm"": ""8057035535632679842""}",0
2026-09-27T02:31:59.732304Z,"{""command"": ""kworker/0:0H-events_highpri"", ""command_line"": """", ""owner"": ""root"", ""pid"": ""8"", ""process"": ""all"", ""resource_instance_id"": ""8057035535632679842"", ""resource_project_id"": ""proyecto-2-cloud-509714"", ""resource_type"": ""gce_instance"", ""resource_zone"": ""us-central1-a"", ""vm"": ""8057035535632679842""}",0
2026-09-27T02:31:29.726816Z,"{""command"": ""kworker/0:0H-events_highpri"", ""command_line"": """", ""owner"": ""root"", ""pid"": ""8"", ""process"": ""all"", ""resource_instance_id"": ""8057035535632679842"", ""resource_project_id"": ""proyecto-2-cloud-509714"", ""resource_type"": ""gce_instance"", ""resource_zone"": ""us-central1-a"", ""vm"": ""8057035535632679842""}",0
2026-09-27T02:30:59.740851Z,"{""command"": ""kworker/0:0H-events_highpri"", ""command_line"": """", ""owner"": ""root"", ""pid"": ""8"", ""process"": ""all"", ""resource_instance_id"": ""8057035535632679842"", ""resource_project_id"": ""proyecto-2-cloud-509714"", ""resource_type"": ""gce_instance"", ""resource_zone"": ""us-central1-a"", ""vm"": ""8057035535632679842""}",0
2026-09-27T02:30:29.737019Z,"{""command"": ""kworker/0:0H-events_highpri"", ""command_line"": """", ""owner"": ""root"", ""pid"": ""8"", ""process"": ""all"", ""resource_instance_id"": ""8057035535632679842"", ""resource_project_id"": ""proyecto-2-cloud-509714"", ""resource_type"": ""gce_instance"", ""resource_zone"": ""us-central1-a"", ""vm"": ""8057035535632679842""}",0
2026-09-27T02:30:22.323392Z,"{""command"": ""kworker/0:0H-events_highpri"", ""command_line"": """", ""owner"": ""root"", ""pid"": ""8"", ""process"": ""all"", ""resource_instance_id"": ""8057035535632679842"", ""resource_project_id"": ""proyecto-2-cloud-509714"", ""resource_type"": ""gce_instance"", ""resource_zone"": ""us-central1-a"", ""vm"": ""8057035535632679842""}",0
2026-09-27T02:48:59.732982Z,"{""command"": ""kworker/0:1-events"", ""command_line"": """", ""owner"": ""root"", ""pid"": ""6194"", ""process"": ""all"", ""resource_instance_id"": ""8057035535632679842"", ""resource_project_id"": ""proyecto-2-cloud-509714"", ""resource_type"": ""gce_instance"", ""resource_zone"": ""us-central1-a"", ""vm"": ""8057035535632679842""}",0
2026-09-27T02:48:29.739311Z,"{""command"": ""kworker/0:1-events"", ""command_line"": """", ""owner"": ""root"", ""pid"": ""6194"", ""process"": ""all"", ""resource_instance_id"": ""8057035535632679842"", ""resource_project_id"": ""proyecto-2-cloud-509714"", ""resource_type"": ""gce_instance"", ""resource_zone"": ""us-central1-a"", ""vm"": ""8057035535632679842""}",0
2026-09-27T02:45:59.732499Z,"{""command"": ""kworker/0:1-events"", ""command_line"": """", ""owner"": ""root"", ""pid"": ""6194"", ""process"": ""all"", ""resource_instance_id"": ""8057035535632679842"", ""resource_project_id"": ""proyecto-2-cloud-509714"", ""resource_type"": ""gce_instance"", ""resource_zone"": ""us-central1-a"", ""vm"": ""8057035535632679842""}",0
2026-09-27T02:45:29.738297Z,"{""command"": ""kworker/0:1-events"", ""command_line"": """", ""owner"": ""root"", ""pid"": ""6194"", ""process"": ""all"", ""resource_instance_id"": ""8057035535632679842"", ""resource_project_id"": ""proyecto-2-cloud-509714"", ""resource_type"": ""gce_instance"", ""resource_zone"": ""us-central1-a"", ""vm"": ""8057035535632679842""}",0
2026-09-27T02:44:29.741045Z,"{""command"": ""kworker/0:1-events"", ""command_line"": """", ""owner"": ""root"", ""pid"": ""6194"", ""process"": ""all"", ""resource_instance_id"": ""8057035535632679842"", ""resource_project_id"": ""proyecto-2-cloud-509714"", ""resource_type"": ""gce_instance"", ""resource_zone"": ""us-central1-a"", ""vm"": ""8057035535632679842""}",0
2026-09-27T02:43:59.742937Z,"{""command"": ""kworker/0:1-events"", ""command_line"": """", ""owner"": ""root"", ""pid"": ""6194"", ""process"": ""all"", ""resource_instance_id"": ""8057035535632679842"", ""resource_project_id"": ""proyecto-2-cloud-509714"", ""resource_type"": ""gce_instance"", ""resource_zone"": ""us-central1-a"", ""vm"": ""8057035535632679842""}",0
2026-09-27T02:43:29.744268Z,"{""command"": ""kworker/0:1-events"", ""command_line"": """", ""owner"": ""root"", ""pid"": ""6194"", ""process"": ""all"", ""resource_instance_id"": ""8057035535632679842"", ""resource_project_id"": ""proyecto-2-cloud-509714"", ""resource_type"": ""gce_instance"", ""resource_zone"": ""us-central1-a"", ""vm"": ""8057035535632679842""}",0
2026-09-27T02:42:29.763083Z,"{""command"": ""kworker/0:1-events"", ""command_line"": """", ""owner"": ""root"", ""pid"": ""6194"", ""process"": ""all"", ""resource_instance_id"": ""8057035535632679842"", ""resource_project_id"": ""proyecto-2-cloud-509714"", ""resource_type"": ""gce_instance"", ""resource_zone"": ""us-central1-a"", ""vm"": ""8057035535632679842""}",0
2026-09-27T02:40:59.732666Z,"{""command"": ""kworker/0:1-events"", ""command_line"": """", ""owner"": ""root"", ""pid"": ""6194"", ""process"": ""all"", ""resource_instance_id"": ""8057035535632679842"", ""resource_project_id"": ""proyecto-2-cloud-509714"", ""resource_type"": ""gce_instance"", ""resource_zone"": ""us-central1-a"", ""vm"": ""8057035535632679842""}",0
2026-09-27T02:40:29.730134Z,"{""command"": ""kworker/0:1-events"", ""command_line"": """", ""owner"": ""root"", ""pid"": ""6194"", ""process"": ""all"", ""resource_instance_id"": ""8057035535632679842"", ""resource_project_id"": ""proyecto-2-cloud-509714"", ""resource_type"": ""gce_instance"", ""resource_zone"": ""us-central1-a"", ""vm"": ""8057035535632679842""}",0
2026-09-27T02:39:59.739915Z,"{""command"": ""kworker/0:1-events"", ""command_line"": """", ""owner"": ""root"", ""pid"": ""6194"", ""process"": ""all"", ""resource_instance_id"": ""8057035535632679842"", ""resource_project_id"": ""proyecto-2-cloud-509714"", ""resource_type"": ""gce_instance"", ""resource_zone"": ""us-central1-a"", ""vm"": ""8057035535632679842""}",0
2026-09-27T02:37:29.733840Z,"{""command"": ""kworker/0:1-events"", ""command_line"": """", ""owner"": ""root"", ""pid"": ""6194"", ""process"": ""all"", ""resource_instance_id"": ""8057035535632679842"", ""resource_project_id"": ""proyecto-2-cloud-509714"", ""resource_type"": ""gce_instance"", ""resource_zone"": ""us-central1-a"", ""vm"": ""8057035535632679842""}",0
2026-09-27T02:35:59.729921Z,"{""command"": ""kworker/0:1-events"", ""command_line"": """", ""owner"": ""root"", ""pid"": ""6194"", ""process"": ""all"", ""resource_instance_id"": ""8057035535632679842"", ""resource_project_id"": ""proyecto-2-cloud-509714"", ""resource_type"": ""gce_instance"", ""resource_zone"": ""us-central1-a"", ""vm"": ""8057035535632679842""}",0
2026-09-27T02:34:29.733131Z,"{""command"": ""kworker/0:1-events"", ""command_line"": """", ""owner"": ""root"", ""pid"": ""6194"", ""process"": ""all"", ""resource_instance_id"": ""8057035535632679842"", ""resource_project_id"": ""proyecto-2-cloud-509714"", ""resource_type"": ""gce_instance"", ""resource_zone"": ""us-central1-a"", ""vm"": ""8057035535632679842""}",0
2026-09-27T02:32:59.745606Z,"{""command"": ""kworker/0:1-events"", ""command_line"": """", ""owner"": ""root"", ""pid"": ""6194"", ""process"": ""all"", ""resource_instance_id"": ""8057035535632679842"", ""resource_project_id"": ""proyecto-2-cloud-509714"", ""resource_type"": ""gce_instance"", ""resource_zone"": ""us-central1-a"", ""vm"": ""8057035535632679842""}",0
2026-09-27T02:31:29.731335Z,"{""command"": ""kworker/0:1-events"", ""command_line"": """", ""owner"": ""root"", ""pid"": ""6194"", ""process"": ""all"", ""resource_instance_id"": ""8057035535632679842"", ""resource_project_id"": ""proyecto-2-cloud-509714"", ""resource_type"": ""gce_instance"", ""resource_zone"": ""us-central1-a"", ""vm"": ""8057035535632679842""}",0
2026-09-27T02:30:59.747996Z,"{""command"": ""kworker/0:1-events"", ""command_line"": """", ""owner"": ""root"", ""pid"": ""6194"", ""process"": ""all"", ""resource_instance_id"": ""8057035535632679842"", ""resource_project_id"": ""proyecto-2-cloud-509714"", ""resource_type"": ""gce_instance"", ""resource_zone"": ""us-central1-a"", ""vm"": ""8057035535632679842""}",0
2026-09-27T02:30:22.329175Z,"{""command"": ""kworker/0:1-events"", ""command_line"": """", ""owner"": ""root"", ""pid"": ""6194"", ""process"": ""all"", ""resource_instance_id"": ""8057035535632679842"", ""resource_project_id"": ""proyecto-2-cloud-509714"", ""resource_type"": ""gce_instance"", ""resource_zone"": ""us-central1-a"", ""vm"": ""8057035535632679842""}",0
2026-09-27T02:34:59.733356Z,"{""command"": ""kworker/0:1-events_freezable"", ""command_line"": """", ""owner"": ""root"", ""pid"": ""6194"", ""process"": ""all"", ""resource_instance_id"": ""8057035535632679842"", ""resource_project_id"": ""proyecto-2-cloud-509714"", ""resource_type"": ""gce_instance"", ""resource_zone"": ""us-central1-a"", ""vm"": ""8057035535632679842""}",0
2026-09-27T02:49:59.741822Z,"{""command"": ""kworker/0:1-mm_percpu_wq"", ""command_line"": """", ""owner"": ""root"", ""pid"": ""6194"", ""process"": ""all"", ""resource_instance_id"": ""8057035535632679842"", ""resource_project_id"": ""proyecto-2-cloud-509714"", ""resource_type"": ""gce_instance"", ""resource_zone"": ""us-central1-a"", ""vm"": ""8057035535632679842""}",0
2026-09-27T02:49:29.736838Z,"{""command"": ""kworker/0:1-mm_percpu_wq"", ""command_line"": """", ""owner"": ""root"", ""pid"": ""6194"", ""process"": ""all"", ""resource_instance_id"": ""8057035535632679842"", ""resource_project_id"": ""proyecto-2-cloud-509714"", ""resource_type"": ""gce_instance"", ""resource_zone"": ""us-central1-a"", ""vm"": ""8057035535632679842""}",0
2026-09-27T02:47:59.736511Z,"{""command"": ""kworker/0:1-mm_percpu_wq"", ""command_line"": """", ""owner"": ""root"", ""pid"": ""6194"", ""process"": ""all"", ""resource_instance_id"": ""8057035535632679842"", ""resource_project_id"": ""proyecto-2-cloud-509714"", ""resource_type"": ""gce_instance"", ""resource_zone"": ""us-central1-a"", ""vm"": ""8057035535632679842""}",0
2026-09-27T02:47:29.733506Z,"{""command"": ""kworker/0:1-mm_percpu_wq"", ""command_line"": """", ""owner"": ""root"", ""pid"": ""6194"", ""process"": ""all"", ""resource_instance_id"": ""8057035535632679842"", ""resource_project_id"": ""proyecto-2-cloud-509714"", ""resource_type"": ""gce_instance"", ""resource_zone"": ""us-central1-a"", ""vm"": ""8057035535632679842""}",0
2026-09-27T02:46:59.744286Z,"{""command"": ""kworker/0:1-mm_percpu_wq"", ""command_line"": """", ""owner"": ""root"", ""pid"": ""6194"", ""process"": ""all"", ""resource_instance_id"": ""8057035535632679842"", ""resource_project_id"": ""proyecto-2-cloud-509714"", ""resource_type"": ""gce_instance"", ""resource_zone"": ""us-central1-a"", ""vm"": ""8057035535632679842""}",0
2026-09-27T02:46:29.740694Z,"{""command"": ""kworker/0:1-mm_percpu_wq"", ""command_line"": """", ""owner"": ""root"", ""pid"": ""6194"", ""process"": ""all"", ""resource_instance_id"": ""8057035535632679842"", ""resource_project_id"": ""proyecto-2-cloud-509714"", ""resource_type"": ""gce_instance"", ""resource_zone"": ""us-central1-a"", ""vm"": ""8057035535632679842""}",0
2026-09-27T02:44:59.744137Z,"{""command"": ""kworker/0:1-mm_percpu_wq"", ""command_line"": """", ""owner"": ""root"", ""pid"": ""6194"", ""process"": ""all"", ""resource_instance_id"": ""8057035535632679842"", ""resource_project_id"": ""proyecto-2-cloud-509714"", ""resource_type"": ""gce_instance"", ""resource_zone"": ""us-central1-a"", ""vm"": ""8057035535632679842""}",0
2026-09-27T02:42:59.737144Z,"{""command"": ""kworker/0:1-mm_percpu_wq"", ""command_line"": """", ""owner"": ""root"", ""pid"": ""6194"", ""process"": ""all"", ""resource_instance_id"": ""8057035535632679842"", ""resource_project_id"": ""proyecto-2-cloud-509714"", ""resource_type"": ""gce_instance"", ""resource_zone"": ""us-central1-a"", ""vm"": ""8057035535632679842""}",0
2026-09-27T02:41:59.740842Z,"{""command"": ""kworker/0:1-mm_percpu_wq"", ""command_line"": """", ""owner"": ""root"", ""pid"": ""6194"", ""process"": ""all"", ""resource_instance_id"": ""8057035535632679842"", ""resource_project_id"": ""proyecto-2-cloud-509714"", ""resource_type"": ""gce_instance"", ""resource_zone"": ""us-central1-a"", ""vm"": ""8057035535632679842""}",0
2026-09-27T02:41:29.744099Z,"{""command"": ""kworker/0:1-mm_percpu_wq"", ""command_line"": """", ""owner"": ""root"", ""pid"": ""6194"", ""process"": ""all"", ""resource_instance_id"": ""8057035535632679842"", ""resource_project_id"": ""proyecto-2-cloud-509714"", ""resource_type"": ""gce_instance"", ""resource_zone"": ""us-central1-a"", ""vm"": ""8057035535632679842""}",0
2026-09-27T02:39:29.731806Z,"{""command"": ""kworker/0:1-mm_percpu_wq"", ""command_line"": """", ""owner"": ""root"", ""pid"": ""6194"", ""process"": ""all"", ""resource_instance_id"": ""8057035535632679842"", ""resource_project_id"": ""proyecto-2-cloud-509714"", ""resource_type"": ""gce_instance"", ""resource_zone"": ""us-central1-a"", ""vm"": ""8057035535632679842""}",0
2026-09-27T02:38:59.738446Z,"{""command"": ""kworker/0:1-mm_percpu_wq"", ""command_line"": """", ""owner"": ""root"", ""pid"": ""6194"", ""process"": ""all"", ""resource_instance_id"": ""8057035535632679842"", ""resource_project_id"": ""proyecto-2-cloud-509714"", ""resource_type"": ""gce_instance"", ""resource_zone"": ""us-central1-a"", ""vm"": ""8057035535632679842""}",0
2026-09-27T02:38:29.728949Z,"{""command"": ""kworker/0:1-mm_percpu_wq"", ""command_line"": """", ""owner"": ""root"", ""pid"": ""6194"", ""process"": ""all"", ""resource_instance_id"": ""8057035535632679842"", ""resource_project_id"": ""proyecto-2-cloud-509714"", ""resource_type"": ""gce_instance"", ""resource_zone"": ""us-central1-a"", ""vm"": ""8057035535632679842""}",0
2026-09-27T02:37:59.739611Z,"{""command"": ""kworker/0:1-mm_percpu_wq"", ""command_line"": """", ""owner"": ""root"", ""pid"": ""6194"", ""process"": ""all"", ""resource_instance_id"": ""8057035535632679842"", ""resource_project_id"": ""proyecto-2-cloud-509714"", ""resource_type"": ""gce_instance"", ""resource_zone"": ""us-central1-a"", ""vm"": ""8057035535632679842""}",0
2026-09-27T02:36:59.741783Z,"{""command"": ""kworker/0:1-mm_percpu_wq"", ""command_line"": """", ""owner"": ""root"", ""pid"": ""6194"", ""process"": ""all"", ""resource_instance_id"": ""8057035535632679842"", ""resource_project_id"": ""proyecto-2-cloud-509714"", ""resource_type"": ""gce_instance"", ""resource_zone"": ""us-central1-a"", ""vm"": ""8057035535632679842""}",0
2026-09-27T02:36:29.737321Z,"{""command"": ""kworker/0:1-mm_percpu_wq"", ""command_line"": """", ""owner"": ""root"", ""pid"": ""6194"", ""process"": ""all"", ""resource_instance_id"": ""8057035535632679842"", ""resource_project_id"": ""proyecto-2-cloud-509714"", ""resource_type"": ""gce_instance"", ""resource_zone"": ""us-central1-a"", ""vm"": ""8057035535632679842""}",0
2026-09-27T02:35:29.727251Z,"{""command"": ""kworker/0:1-mm_percpu_wq"", ""command_line"": """", ""owner"": ""root"", ""pid"": ""6194"", ""process"": ""all"", ""resource_instance_id"": ""8057035535632679842"", ""resource_project_id"": ""proyecto-2-cloud-509714"", ""resource_type"": ""gce_instance"", ""resource_zone"": ""us-central1-a"", ""vm"": ""8057035535632679842""}",0
2026-09-27T02:33:59.739198Z,"{""command"": ""kworker/0:1-mm_percpu_wq"", ""command_line"": """", ""owner"": ""root"", ""pid"": ""6194"", ""process"": ""all"", ""resource_instance_id"": ""8057035535632679842"", ""resource_project_id"": ""proyecto-2-cloud-509714"", ""resource_type"": ""gce_instance"", ""resource_zone"": ""us-central1-a"", ""vm"": ""8057035535632679842""}",0
2026-09-27T02:33:29.728101Z,"{""command"": ""kworker/0:1-mm_percpu_wq"", ""command_line"": """", ""owner"": ""root"", ""pid"": ""6194"", ""process"": ""all"", ""resource_instance_id"": ""8057035535632679842"", ""resource_project_id"": ""proyecto-2-cloud-509714"", ""resource_type"": ""gce_instance"", ""resource_zone"": ""us-central1-a"", ""vm"": ""8057035535632679842""}",0
2026-09-27T02:32:29.737118Z,"{""command"": ""kworker/0:1-mm_percpu_wq"", ""command_line"": """", ""owner"": ""root"", ""pid"": ""6194"", ""process"": ""all"", ""resource_instance_id"": ""8057035535632679842"", ""resource_project_id"": ""proyecto-2-cloud-509714"", ""resource_type"": ""gce_instance"", ""resource_zone"": ""us-central1-a"", ""vm"": ""8057035535632679842""}",0
2026-09-27T02:31:59.736955Z,"{""command"": ""kworker/0:1-mm_percpu_wq"", ""command_line"": """", ""owner"": ""root"", ""pid"": ""6194"", ""process"": ""all"", ""resource_instance_id"": ""8057035535632679842"", ""resource_project_id"": ""proyecto-2-cloud-509714"", ""resource_type"": ""gce_instance"", ""resource_zone"": ""us-central1-a"", ""vm"": ""8057035535632679842""}",0
2026-09-27T02:30:29.742264Z,"{""command"": ""kworker/0:1-mm_percpu_wq"", ""command_line"": """", ""owner"": ""root"", ""pid"": ""6194"", ""process"": ""all"", ""resource_instance_id"": ""8057035535632679842"", ""resource_project_id"": ""proyecto-2-cloud-509714"", ""resource_type"": ""gce_instance"", ""resource_zone"": ""us-central1-a"", ""vm"": ""8057035535632679842""}",0
2026-09-27T02:49:59.737185Z,"{""command"": ""kworker/0:1H-kblockd"", ""command_line"": """", ""owner"": ""root"", ""pid"": ""42"", ""process"": ""all"", ""resource_instance_id"": ""8057035535632679842"", ""resource_project_id"": ""proyecto-2-cloud-509714"", ""resource_type"": ""gce_instance"", ""resource_zone"": ""us-central1-a"", ""vm"": ""8057035535632679842""}",0
2026-09-27T02:49:29.734014Z,"{""command"": ""kworker/0:1H-kblockd"", ""command_line"": """", ""owner"": ""root"", ""pid"": ""42"", ""process"": ""all"", ""resource_instance_id"": ""8057035535632679842"", ""resource_project_id"": ""proyecto-2-cloud-509714"", ""resource_type"": ""gce_instance"", ""resource_zone"": ""us-central1-a"", ""vm"": ""8057035535632679842""}",0
2026-09-27T02:48:59.729014Z,"{""command"": ""kworker/0:1H-kblockd"", ""command_line"": """", ""owner"": ""root"", ""pid"": ""42"", ""process"": ""all"", ""resource_instance_id"": ""8057035535632679842"", ""resource_project_id"": ""proyecto-2-cloud-509714"", ""resource_type"": ""gce_instance"", ""resource_zone"": ""us-central1-a"", ""vm"": ""8057035535632679842""}",0
2026-09-27T02:48:29.735612Z,"{""command"": ""kworker/0:1H-kblockd"", ""command_line"": """", ""owner"": ""root"", ""pid"": ""42"", ""process"": ""all"", ""resource_instance_id"": ""8057035535632679842"", ""resource_project_id"": ""proyecto-2-cloud-509714"", ""resource_type"": ""gce_instance"", ""resource_zone"": ""us-central1-a"", ""vm"": ""8057035535632679842""}",0
2026-09-27T02:47:59.733493Z,"{""command"": ""kworker/0:1H-kblockd"", ""command_line"": """", ""owner"": ""root"", ""pid"": ""42"", ""process"": ""all"", ""resource_instance_id"": ""8057035535632679842"", ""resource_project_id"": ""proyecto-2-cloud-509714"", ""resource_type"": ""gce_instance"", ""resource_zone"": ""us-central1-a"", ""vm"": ""8057035535632679842""}",0
2026-09-27T02:47:29.730279Z,"{""command"": ""kworker/0:1H-kblockd"", ""command_line"": """", ""owner"": ""root"", ""pid"": ""42"", ""process"": ""all"", ""resource_instance_id"": ""8057035535632679842"", ""resource_project_id"": ""proyecto-2-cloud-509714"", ""resource_type"": ""gce_instance"", ""resource_zone"": ""us-central1-a"", ""vm"": ""8057035535632679842""}",0
2026-09-27T02:46:59.740796Z,"{""command"": ""kworker/0:1H-kblockd"", ""command_line"": """", ""owner"": ""root"", ""pid"": ""42"", ""process"": ""all"", ""resource_instance_id"": ""8057035535632679842"", ""resource_project_id"": ""proyecto-2-cloud-509714"", ""resource_type"": ""gce_instance"", ""resource_zone"": ""us-central1-a"", ""vm"": ""8057035535632679842""}",0
2026-09-27T02:46:29.735430Z,"{""command"": ""kworker/0:1H-kblockd"", ""command_line"": """", ""owner"": ""root"", ""pid"": ""42"", ""process"": ""all"", ""resource_instance_id"": ""8057035535632679842"", ""resource_project_id"": ""proyecto-2-cloud-509714"", ""resource_type"": ""gce_instance"", ""resource_zone"": ""us-central1-a"", ""vm"": ""8057035535632679842""}",0
2026-09-27T02:45:59.729975Z,"{""command"": ""kworker/0:1H-kblockd"", ""command_line"": """", ""owner"": ""root"", ""pid"": ""42"", ""process"": ""all"", ""resource_instance_id"": ""8057035535632679842"", ""resource_project_id"": ""proyecto-2-cloud-509714"", ""resource_type"": ""gce_instance"", ""resource_zone"": ""us-central1-a"", ""vm"": ""8057035535632679842""}",0
2026-09-27T02:45:29.735779Z,"{""command"": ""kworker/0:1H-kblockd"", ""command_line"": """", ""owner"": ""root"", ""pid"": ""42"", ""process"": ""all"", ""resource_instance_id"": ""8057035535632679842"", ""resource_project_id"": ""proyecto-2-cloud-509714"", ""resource_type"": ""gce_instance"", ""resource_zone"": ""us-central1-a"", ""vm"": ""8057035535632679842""}",0
2026-09-27T02:44:59.741101Z,"{""command"": ""kworker/0:1H-kblockd"", ""command_line"": """", ""owner"": ""root"", ""pid"": ""42"", ""process"": ""all"", ""resource_instance_id"": ""8057035535632679842"", ""resource_project_id"": ""proyecto-2-cloud-509714"", ""resource_type"": ""gce_instance"", ""resource_zone"": ""us-central1-a"", ""vm"": ""8057035535632679842""}",0
2026-09-27T02:44:29.738166Z,"{""command"": ""kworker/0:1H-kblockd"", ""command_line"": """", ""owner"": ""root"", ""pid"": ""42"", ""process"": ""all"", ""resource_instance_id"": ""8057035535632679842"", ""resource_project_id"": ""proyecto-2-cloud-509714"", ""resource_type"": ""gce_instance"", ""resource_zone"": ""us-central1-a"", ""vm"": ""8057035535632679842""}",0
2026-09-27T02:43:59.739776Z,"{""command"": ""kworker/0:1H-kblockd"", ""command_line"": """", ""owner"": ""root"", ""pid"": ""42"", ""process"": ""all"", ""resource_instance_id"": ""8057035535632679842"", ""resource_project_id"": ""proyecto-2-cloud-509714"", ""resource_type"": ""gce_instance"", ""resource_zone"": ""us-central1-a"", ""vm"": ""8057035535632679842""}",0
2026-09-27T02:43:29.740369Z,"{""command"": ""kworker/0:1H-kblockd"", ""command_line"": """", ""owner"": ""root"", ""pid"": ""42"", ""process"": ""all"", ""resource_instance_id"": ""8057035535632679842"", ""resource_project_id"": ""proyecto-2-cloud-509714"", ""resource_type"": ""gce_instance"", ""resource_zone"": ""us-central1-a"", ""vm"": ""8057035535632679842""}",0
2026-09-27T02:42:59.734167Z,"{""command"": ""kworker/0:1H-kblockd"", ""command_line"": """", ""owner"": ""root"", ""pid"": ""42"", ""process"": ""all"", ""resource_instance_id"": ""8057035535632679842"", ""resource_project_id"": ""proyecto-2-cloud-509714"", ""resource_type"": ""gce_instance"", ""resource_zone"": ""us-central1-a"", ""vm"": ""8057035535632679842""}",0
2026-09-27T02:42:29.759017Z,"{""command"": ""kworker/0:1H-kblockd"", ""command_line"": """", ""owner"": ""root"", ""pid"": ""42"", ""process"": ""all"", ""resource_instance_id"": ""8057035535632679842"", ""resource_project_id"": ""proyecto-2-cloud-509714"", ""resource_type"": ""gce_instance"", ""resource_zone"": ""us-central1-a"", ""vm"": ""8057035535632679842""}",0
2026-09-27T02:41:59.737473Z,"{""command"": ""kworker/0:1H-kblockd"", ""command_line"": """", ""owner"": ""root"", ""pid"": ""42"", ""process"": ""all"", ""resource_instance_id"": ""8057035535632679842"", ""resource_project_id"": ""proyecto-2-cloud-509714"", ""resource_type"": ""gce_instance"", ""resource_zone"": ""us-central1-a"", ""vm"": ""8057035535632679842""}",0
2026-09-27T02:41:29.741297Z,"{""command"": ""kworker/0:1H-kblockd"", ""command_line"": """", ""owner"": ""root"", ""pid"": ""42"", ""process"": ""all"", ""resource_instance_id"": ""8057035535632679842"", ""resource_project_id"": ""proyecto-2-cloud-509714"", ""resource_type"": ""gce_instance"", ""resource_zone"": ""us-central1-a"", ""vm"": ""8057035535632679842""}",0
2026-09-27T02:40:59.729056Z,"{""command"": ""kworker/0:1H-kblockd"", ""command_line"": """", ""owner"": ""root"", ""pid"": ""42"", ""process"": ""all"", ""resource_instance_id"": ""8057035535632679842"", ""resource_project_id"": ""proyecto-2-cloud-509714"", ""resource_type"": ""gce_instance"", ""resource_zone"": ""us-central1-a"", ""vm"": ""8057035535632679842""}",0
2026-09-27T02:40:29.727253Z,"{""command"": ""kworker/0:1H-kblockd"", ""command_line"": """", ""owner"": ""root"", ""pid"": ""42"", ""process"": ""all"", ""resource_instance_id"": ""8057035535632679842"", ""resource_project_id"": ""proyecto-2-cloud-509714"", ""resource_type"": ""gce_instance"", ""resource_zone"": ""us-central1-a"", ""vm"": ""8057035535632679842""}",0
2026-09-27T02:39:59.733321Z,"{""command"": ""kworker/0:1H-kblockd"", ""command_line"": """", ""owner"": ""root"", ""pid"": ""42"", ""process"": ""all"", ""resource_instance_id"": ""8057035535632679842"", ""resource_project_id"": ""proyecto-2-cloud-509714"", ""resource_type"": ""gce_instance"", ""resource_zone"": ""us-central1-a"", ""vm"": ""8057035535632679842""}",0
2026-09-27T02:39:29.729008Z,"{""command"": ""kworker/0:1H-kblockd"", ""command_line"": """", ""owner"": ""root"", ""pid"": ""42"", ""process"": ""all"", ""resource_instance_id"": ""8057035535632679842"", ""resource_project_id"": ""proyecto-2-cloud-509714"", ""resource_type"": ""gce_instance"", ""resource_zone"": ""us-central1-a"", ""vm"": ""8057035535632679842""}",0
2026-09-27T02:38:59.733685Z,"{""command"": ""kworker/0:1H-kblockd"", ""command_line"": """", ""owner"": ""root"", ""pid"": ""42"", ""process"": ""all"", ""resource_instance_id"": ""8057035535632679842"", ""resource_project_id"": ""proyecto-2-cloud-509714"", ""resource_type"": ""gce_instance"", ""resource_zone"": ""us-central1-a"", ""vm"": ""8057035535632679842""}",0
2026-09-27T02:38:29.726121Z,"{""command"": ""kworker/0:1H-kblockd"", ""command_line"": """", ""owner"": ""root"", ""pid"": ""42"", ""process"": ""all"", ""resource_instance_id"": ""8057035535632679842"", ""resource_project_id"": ""proyecto-2-cloud-509714"", ""resource_type"": ""gce_instance"", ""resource_zone"": ""us-central1-a"", ""vm"": ""8057035535632679842""}",0
2026-09-27T02:37:59.736573Z,"{""command"": ""kworker/0:1H-kblockd"", ""command_line"": """", ""owner"": ""root"", ""pid"": ""42"", ""process"": ""all"", ""resource_instance_id"": ""8057035535632679842"", ""resource_project_id"": ""proyecto-2-cloud-509714"", ""resource_type"": ""gce_instance"", ""resource_zone"": ""us-central1-a"", ""vm"": ""8057035535632679842""}",0
2026-09-27T02:37:29.730271Z,"{""command"": ""kworker/0:1H-kblockd"", ""command_line"": """", ""owner"": ""root"", ""pid"": ""42"", ""process"": ""all"", ""resource_instance_id"": ""8057035535632679842"", ""resource_project_id"": ""proyecto-2-cloud-509714"", ""resource_type"": ""gce_instance"", ""resource_zone"": ""us-central1-a"", ""vm"": ""8057035535632679842""}",0
2026-09-27T02:36:59.737592Z,"{""command"": ""kworker/0:1H-kblockd"", ""command_line"": """", ""owner"": ""root"", ""pid"": ""42"", ""process"": ""all"", ""resource_instance_id"": ""8057035535632679842"", ""resource_project_id"": ""proyecto-2-cloud-509714"", ""resource_type"": ""gce_instance"", ""resource_zone"": ""us-central1-a"", ""vm"": ""8057035535632679842""}",0
2026-09-27T02:36:29.732642Z,"{""command"": ""kworker/0:1H-kblockd"", ""command_line"": """", ""owner"": ""root"", ""pid"": ""42"", ""process"": ""all"", ""resource_instance_id"": ""8057035535632679842"", ""resource_project_id"": ""proyecto-2-cloud-509714"", ""resource_type"": ""gce_instance"", ""resource_zone"": ""us-central1-a"", ""vm"": ""8057035535632679842""}",0
2026-09-27T02:35:59.725841Z,"{""command"": ""kworker/0:1H-kblockd"", ""command_line"": """", ""owner"": ""root"", ""pid"": ""42"", ""process"": ""all"", ""resource_instance_id"": ""8057035535632679842"", ""resource_project_id"": ""proyecto-2-cloud-509714"", ""resource_type"": ""gce_instance"", ""resource_zone"": ""us-central1-a"", ""vm"": ""8057035535632679842""}",0
2026-09-27T02:35:29.724620Z,"{""command"": ""kworker/0:1H-kblockd"", ""command_line"": """", ""owner"": ""root"", ""pid"": ""42"", ""process"": ""all"", ""resource_instance_id"": ""8057035535632679842"", ""resource_project_id"": ""proyecto-2-cloud-509714"", ""resource_type"": ""gce_instance"", ""resource_zone"": ""us-central1-a"", ""vm"": ""8057035535632679842""}",0
2026-09-27T02:34:59.729416Z,"{""command"": ""kworker/0:1H-kblockd"", ""command_line"": """", ""owner"": ""root"", ""pid"": ""42"", ""process"": ""all"", ""resource_instance_id"": ""8057035535632679842"", ""resource_project_id"": ""proyecto-2-cloud-509714"", ""resource_type"": ""gce_instance"", ""resource_zone"": ""us-central1-a"", ""vm"": ""8057035535632679842""}",0
2026-09-27T02:34:29.728941Z,"{""command"": ""kworker/0:1H-kblockd"", ""command_line"": """", ""owner"": ""root"", ""pid"": ""42"", ""process"": ""all"", ""resource_instance_id"": ""8057035535632679842"", ""resource_project_id"": ""proyecto-2-cloud-509714"", ""resource_type"": ""gce_instance"", ""resource_zone"": ""us-central1-a"", ""vm"": ""8057035535632679842""}",0
2026-09-27T02:33:59.735987Z,"{""command"": ""kworker/0:1H-kblockd"", ""command_line"": """", ""owner"": ""root"", ""pid"": ""42"", ""process"": ""all"", ""resource_instance_id"": ""8057035535632679842"", ""resource_project_id"": ""proyecto-2-cloud-509714"", ""resource_type"": ""gce_instance"", ""resource_zone"": ""us-central1-a"", ""vm"": ""8057035535632679842""}",0
2026-09-27T02:33:29.725324Z,"{""command"": ""kworker/0:1H-kblockd"", ""command_line"": """", ""owner"": ""root"", ""pid"": ""42"", ""process"": ""all"", ""resource_instance_id"": ""8057035535632679842"", ""resource_project_id"": ""proyecto-2-cloud-509714"", ""resource_type"": ""gce_instance"", ""resource_zone"": ""us-central1-a"", ""vm"": ""8057035535632679842""}",0
2026-09-27T02:32:59.742413Z,"{""command"": ""kworker/0:1H-kblockd"", ""command_line"": """", ""owner"": ""root"", ""pid"": ""42"", ""process"": ""all"", ""resource_instance_id"": ""8057035535632679842"", ""resource_project_id"": ""proyecto-2-cloud-509714"", ""resource_type"": ""gce_instance"", ""resource_zone"": ""us-central1-a"", ""vm"": ""8057035535632679842""}",0
2026-09-27T02:32:29.733603Z,"{""command"": ""kworker/0:1H-kblockd"", ""command_line"": """", ""owner"": ""root"", ""pid"": ""42"", ""process"": ""all"", ""resource_instance_id"": ""8057035535632679842"", ""resource_project_id"": ""proyecto-2-cloud-509714"", ""resource_type"": ""gce_instance"", ""resource_zone"": ""us-central1-a"", ""vm"": ""8057035535632679842""}",0
2026-09-27T02:31:59.733828Z,"{""command"": ""kworker/0:1H-kblockd"", ""command_line"": """", ""owner"": ""root"", ""pid"": ""42"", ""process"": ""all"", ""resource_instance_id"": ""8057035535632679842"", ""resource_project_id"": ""proyecto-2-cloud-509714"", ""resource_type"": ""gce_instance"", ""resource_zone"": ""us-central1-a"", ""vm"": ""8057035535632679842""}",0
2026-09-27T02:31:29.728406Z,"{""command"": ""kworker/0:1H-kblockd"", ""command_line"": """", ""owner"": ""root"", ""pid"": ""42"", ""process"": ""all"", ""resource_instance_id"": ""8057035535632679842"", ""resource_project_id"": ""proyecto-2-cloud-509714"", ""resource_type"": ""gce_instance"", ""resource_zone"": ""us-central1-a"", ""vm"": ""8057035535632679842""}",0
2026-09-27T02:30:59.743735Z,"{""command"": ""kworker/0:1H-kblockd"", ""command_line"": """", ""owner"": ""root"", ""pid"": ""42"", ""process"": ""all"", ""resource_instance_id"": ""8057035535632679842"", ""resource_project_id"": ""proyecto-2-cloud-509714"", ""resource_type"": ""gce_instance"", ""resource_zone"": ""us-central1-a"", ""vm"": ""8057035535632679842""}",0
2026-09-27T02:30:29.738920Z,"{""command"": ""kworker/0:1H-kblockd"", ""command_line"": """", ""owner"": ""root"", ""pid"": ""42"", ""process"": ""all"", ""resource_instance_id"": ""8057035535632679842"", ""resource_project_id"": ""proyecto-2-cloud-509714"", ""resource_type"": ""gce_instance"", ""resource_zone"": ""us-central1-a"", ""vm"": ""8057035535632679842""}",0
2026-09-27T02:30:22.325241Z,"{""command"": ""kworker/0:1H-kblockd"", ""command_line"": """", ""owner"": ""root"", ""pid"": ""42"", ""process"": ""all"", ""resource_instance_id"": ""8057035535632679842"", ""resource_project_id"": ""proyecto-2-cloud-509714"", ""resource_type"": ""gce_instance"", ""resource_zone"": ""us-central1-a"", ""vm"": ""8057035535632679842""}",0
2026-09-27T02:35:29.727948Z,"{""command"": ""kworker/0:2"", ""command_line"": """", ""owner"": ""root"", ""pid"": ""8691"", ""process"": ""all"", ""resource_instance_id"": ""8057035535632679842"", ""resource_project_id"": ""proyecto-2-cloud-509714"", ""resource_type"": ""gce_instance"", ""resource_zone"": ""us-central1-a"", ""vm"": ""8057035535632679842""}",0
2026-09-27T02:34:59.735308Z,"{""command"": ""kworker/0:2"", ""command_line"": """", ""owner"": ""root"", ""pid"": ""8691"", ""process"": ""all"", ""resource_instance_id"": ""8057035535632679842"", ""resource_project_id"": ""proyecto-2-cloud-509714"", ""resource_type"": ""gce_instance"", ""resource_zone"": ""us-central1-a"", ""vm"": ""8057035535632679842""}",0
2026-09-27T02:34:29.734398Z,"{""command"": ""kworker/0:2"", ""command_line"": """", ""owner"": ""root"", ""pid"": ""8691"", ""process"": ""all"", ""resource_instance_id"": ""8057035535632679842"", ""resource_project_id"": ""proyecto-2-cloud-509714"", ""resource_type"": ""gce_instance"", ""resource_zone"": ""us-central1-a"", ""vm"": ""8057035535632679842""}",0
2026-09-27T02:33:59.740109Z,"{""command"": ""kworker/0:2"", ""command_line"": """", ""owner"": ""root"", ""pid"": ""8691"", ""process"": ""all"", ""resource_instance_id"": ""8057035535632679842"", ""resource_project_id"": ""proyecto-2-cloud-509714"", ""resource_type"": ""gce_instance"", ""resource_zone"": ""us-central1-a"", ""vm"": ""8057035535632679842""}",0
2026-09-27T02:33:29.728887Z,"{""command"": ""kworker/0:2"", ""command_line"": """", ""owner"": ""root"", ""pid"": ""8691"", ""process"": ""all"", ""resource_instance_id"": ""8057035535632679842"", ""resource_project_id"": ""proyecto-2-cloud-509714"", ""resource_type"": ""gce_instance"", ""resource_zone"": ""us-central1-a"", ""vm"": ""8057035535632679842""}",0
2026-09-27T02:32:59.746533Z,"{""command"": ""kworker/0:2"", ""command_line"": """", ""owner"": ""root"", ""pid"": ""8691"", ""process"": ""all"", ""resource_instance_id"": ""8057035535632679842"", ""resource_project_id"": ""proyecto-2-cloud-509714"", ""resource_type"": ""gce_instance"", ""resource_zone"": ""us-central1-a"", ""vm"": ""8057035535632679842""}",0
2026-09-27T02:32:29.738106Z,"{""command"": ""kworker/0:2"", ""command_line"": """", ""owner"": ""root"", ""pid"": ""8691"", ""process"": ""all"", ""resource_instance_id"": ""8057035535632679842"", ""resource_project_id"": ""proyecto-2-cloud-509714"", ""resource_type"": ""gce_instance"", ""resource_zone"": ""us-central1-a"", ""vm"": ""8057035535632679842""}",0
2026-09-27T02:31:59.737840Z,"{""command"": ""kworker/0:2"", ""command_line"": """", ""owner"": ""root"", ""pid"": ""8691"", ""process"": ""all"", ""resource_instance_id"": ""8057035535632679842"", ""resource_project_id"": ""proyecto-2-cloud-509714"", ""resource_type"": ""gce_instance"", ""resource_zone"": ""us-central1-a"", ""vm"": ""8057035535632679842""}",0
2026-09-27T02:31:29.732362Z,"{""command"": ""kworker/0:2"", ""command_line"": """", ""owner"": ""root"", ""pid"": ""8691"", ""process"": ""all"", ""resource_instance_id"": ""8057035535632679842"", ""resource_project_id"": ""proyecto-2-cloud-509714"", ""resource_type"": ""gce_instance"", ""resource_zone"": ""us-central1-a"", ""vm"": ""8057035535632679842""}",0
2026-09-27T02:30:59.748999Z,"{""command"": ""kworker/0:2"", ""command_line"": """", ""owner"": ""root"", ""pid"": ""8691"", ""process"": ""all"", ""resource_instance_id"": ""8057035535632679842"", ""resource_project_id"": ""proyecto-2-cloud-509714"", ""resource_type"": ""gce_instance"", ""resource_zone"": ""us-central1-a"", ""vm"": ""8057035535632679842""}",0
2026-09-27T02:30:29.743422Z,"{""command"": ""kworker/0:2"", ""command_line"": """", ""owner"": ""root"", ""pid"": ""8691"", ""process"": ""all"", ""resource_instance_id"": ""8057035535632679842"", ""resource_project_id"": ""proyecto-2-cloud-509714"", ""resource_type"": ""gce_instance"", ""resource_zone"": ""us-central1-a"", ""vm"": ""8057035535632679842""}",0
2026-09-27T02:49:59.744591Z,"{""command"": ""kworker/0:2-balloon-wq"", ""command_line"": """", ""owner"": ""root"", ""pid"": ""11952"", ""process"": ""all"", ""resource_instance_id"": ""8057035535632679842"", ""resource_project_id"": ""proyecto-2-cloud-509714"", ""resource_type"": ""gce_instance"", ""resource_zone"": ""us-central1-a"", ""vm"": ""8057035535632679842""}",0
2026-09-27T02:49:29.738564Z,"{""command"": ""kworker/0:2-balloon-wq"", ""command_line"": """", ""owner"": ""root"", ""pid"": ""11952"", ""process"": ""all"", ""resource_instance_id"": ""8057035535632679842"", ""resource_project_id"": ""proyecto-2-cloud-509714"", ""resource_type"": ""gce_instance"", ""resource_zone"": ""us-central1-a"", ""vm"": ""8057035535632679842""}",0
2026-09-27T02:43:59.740932Z,"{""command"": ""kworker/0:3-balloon-wq"", ""command_line"": """", ""owner"": ""root"", ""pid"": ""235"", ""process"": ""all"", ""resource_instance_id"": ""8057035535632679842"", ""resource_project_id"": ""proyecto-2-cloud-509714"", ""resource_type"": ""gce_instance"", ""resource_zone"": ""us-central1-a"", ""vm"": ""8057035535632679842""}",0
2026-09-27T02:43:29.741598Z,"{""command"": ""kworker/0:3-balloon-wq"", ""command_line"": """", ""owner"": ""root"", ""pid"": ""235"", ""process"": ""all"", ""resource_instance_id"": ""8057035535632679842"", ""resource_project_id"": ""proyecto-2-cloud-509714"", ""resource_type"": ""gce_instance"", ""resource_zone"": ""us-central1-a"", ""vm"": ""8057035535632679842""}",0
2026-09-27T02:42:59.735446Z,"{""command"": ""kworker/0:3-balloon-wq"", ""command_line"": """", ""owner"": ""root"", ""pid"": ""235"", ""process"": ""all"", ""resource_instance_id"": ""8057035535632679842"", ""resource_project_id"": ""proyecto-2-cloud-509714"", ""resource_type"": ""gce_instance"", ""resource_zone"": ""us-central1-a"", ""vm"": ""8057035535632679842""}",0
2026-09-27T02:42:29.761379Z,"{""command"": ""kworker/0:3-balloon-wq"", ""command_line"": """", ""owner"": ""root"", ""pid"": ""235"", ""process"": ""all"", ""resource_instance_id"": ""8057035535632679842"", ""resource_project_id"": ""proyecto-2-cloud-509714"", ""resource_type"": ""gce_instance"", ""resource_zone"": ""us-central1-a"", ""vm"": ""8057035535632679842""}",0
2026-09-27T02:41:59.738795Z,"{""command"": ""kworker/0:3-balloon-wq"", ""command_line"": """", ""owner"": ""root"", ""pid"": ""235"", ""process"": ""all"", ""resource_instance_id"": ""8057035535632679842"", ""resource_project_id"": ""proyecto-2-cloud-509714"", ""resource_type"": ""gce_instance"", ""resource_zone"": ""us-central1-a"", ""vm"": ""8057035535632679842""}",0
2026-09-27T02:41:29.742452Z,"{""command"": ""kworker/0:3-balloon-wq"", ""command_line"": """", ""owner"": ""root"", ""pid"": ""235"", ""process"": ""all"", ""resource_instance_id"": ""8057035535632679842"", ""resource_project_id"": ""proyecto-2-cloud-509714"", ""resource_type"": ""gce_instance"", ""resource_zone"": ""us-central1-a"", ""vm"": ""8057035535632679842""}",0
2026-09-27T02:40:59.730066Z,"{""command"": ""kworker/0:3-balloon-wq"", ""command_line"": """", ""owner"": ""root"", ""pid"": ""235"", ""process"": ""all"", ""resource_instance_id"": ""8057035535632679842"", ""resource_project_id"": ""proyecto-2-cloud-509714"", ""resource_type"": ""gce_instance"", ""resource_zone"": ""us-central1-a"", ""vm"": ""8057035535632679842""}",0
2026-09-27T02:40:29.728331Z,"{""command"": ""kworker/0:3-balloon-wq"", ""command_line"": """", ""owner"": ""root"", ""pid"": ""235"", ""process"": ""all"", ""resource_instance_id"": ""8057035535632679842"", ""resource_project_id"": ""proyecto-2-cloud-509714"", ""resource_type"": ""gce_instance"", ""resource_zone"": ""us-central1-a"", ""vm"": ""8057035535632679842""}",0
2026-09-27T02:39:59.735354Z,"{""command"": ""kworker/0:3-balloon-wq"", ""command_line"": """", ""owner"": ""root"", ""pid"": ""235"", ""process"": ""all"", ""resource_instance_id"": ""8057035535632679842"", ""resource_project_id"": ""proyecto-2-cloud-509714"", ""resource_type"": ""gce_instance"", ""resource_zone"": ""us-central1-a"", ""vm"": ""8057035535632679842""}",0
2026-09-27T02:39:29.729990Z,"{""command"": ""kworker/0:3-balloon-wq"", ""command_line"": """", ""owner"": ""root"", ""pid"": ""235"", ""process"": ""all"", ""resource_instance_id"": ""8057035535632679842"", ""resource_project_id"": ""proyecto-2-cloud-509714"", ""resource_type"": ""gce_instance"", ""resource_zone"": ""us-central1-a"", ""vm"": ""8057035535632679842""}",0
2026-09-27T02:34:59.730721Z,"{""command"": ""kworker/0:3-cgroup_free"", ""command_line"": """", ""owner"": ""root"", ""pid"": ""235"", ""process"": ""all"", ""resource_instance_id"": ""8057035535632679842"", ""resource_project_id"": ""proyecto-2-cloud-509714"", ""resource_type"": ""gce_instance"", ""resource_zone"": ""us-central1-a"", ""vm"": ""8057035535632679842""}",0
2026-09-27T02:34:29.730103Z,"{""command"": ""kworker/0:3-cgroup_free"", ""command_line"": """", ""owner"": ""root"", ""pid"": ""235"", ""process"": ""all"", ""resource_instance_id"": ""8057035535632679842"", ""resource_project_id"": ""proyecto-2-cloud-509714"", ""resource_type"": ""gce_instance"", ""resource_zone"": ""us-central1-a"", ""vm"": ""8057035535632679842""}",0
2026-09-27T02:33:59.737153Z,"{""command"": ""kworker/0:3-cgroup_free"", ""command_line"": """", ""owner"": ""root"", ""pid"": ""235"", ""process"": ""all"", ""resource_instance_id"": ""8057035535632679842"", ""resource_project_id"": ""proyecto-2-cloud-509714"", ""resource_type"": ""gce_instance"", ""resource_zone"": ""us-central1-a"", ""vm"": ""8057035535632679842""}",0
2026-09-27T02:33:29.726351Z,"{""command"": ""kworker/0:3-cgroup_free"", ""command_line"": """", ""owner"": ""root"", ""pid"": ""235"", ""process"": ""all"", ""resource_instance_id"": ""8057035535632679842"", ""resource_project_id"": ""proyecto-2-cloud-509714"", ""resource_type"": ""gce_instance"", ""resource_zone"": ""us-central1-a"", ""vm"": ""8057035535632679842""}",0
2026-09-27T02:32:59.743626Z,"{""command"": ""kworker/0:3-cgroup_free"", ""command_line"": """", ""owner"": ""root"", ""pid"": ""235"", ""process"": ""all"", ""resource_instance_id"": ""8057035535632679842"", ""resource_project_id"": ""proyecto-2-cloud-509714"", ""resource_type"": ""gce_instance"", ""resource_zone"": ""us-central1-a"", ""vm"": ""8057035535632679842""}",0
2026-09-27T02:32:29.735063Z,"{""command"": ""kworker/0:3-cgroup_free"", ""command_line"": """", ""owner"": ""root"", ""pid"": ""235"", ""process"": ""all"", ""resource_instance_id"": ""8057035535632679842"", ""resource_project_id"": ""proyecto-2-cloud-509714"", ""resource_type"": ""gce_instance"", ""resource_zone"": ""us-central1-a"", ""vm"": ""8057035535632679842""}",0
2026-09-27T02:31:59.735057Z,"{""command"": ""kworker/0:3-cgroup_free"", ""command_line"": """", ""owner"": ""root"", ""pid"": ""235"", ""process"": ""all"", ""resource_instance_id"": ""8057035535632679842"", ""resource_project_id"": ""proyecto-2-cloud-509714"", ""resource_type"": ""gce_instance"", ""resource_zone"": ""us-central1-a"", ""vm"": ""8057035535632679842""}",0
2026-09-27T02:31:29.729401Z,"{""command"": ""kworker/0:3-cgroup_free"", ""command_line"": """", ""owner"": ""root"", ""pid"": ""235"", ""process"": ""all"", ""resource_instance_id"": ""8057035535632679842"", ""resource_project_id"": ""proyecto-2-cloud-509714"", ""resource_type"": ""gce_instance"", ""resource_zone"": ""us-central1-a"", ""vm"": ""8057035535632679842""}",0
2026-09-27T02:30:59.745552Z,"{""command"": ""kworker/0:3-cgroup_free"", ""command_line"": """", ""owner"": ""root"", ""pid"": ""235"", ""process"": ""all"", ""resource_instance_id"": ""8057035535632679842"", ""resource_project_id"": ""proyecto-2-cloud-509714"", ""resource_type"": ""gce_instance"", ""resource_zone"": ""us-central1-a"", ""vm"": ""8057035535632679842""}",0
2026-09-27T02:30:29.740139Z,"{""command"": ""kworker/0:3-cgroup_release"", ""command_line"": """", ""owner"": ""root"", ""pid"": ""235"", ""process"": ""all"", ""resource_instance_id"": ""8057035535632679842"", ""resource_project_id"": ""proyecto-2-cloud-509714"", ""resource_type"": ""gce_instance"", ""resource_zone"": ""us-central1-a"", ""vm"": ""8057035535632679842""}",0
2026-09-27T02:38:59.735518Z,"{""command"": ""kworker/0:3-events"", ""command_line"": """", ""owner"": ""root"", ""pid"": ""235"", ""process"": ""all"", ""resource_instance_id"": ""8057035535632679842"", ""resource_project_id"": ""proyecto-2-cloud-509714"", ""resource_type"": ""gce_instance"", ""resource_zone"": ""us-central1-a"", ""vm"": ""8057035535632679842""}",0
2026-09-27T02:38:29.727372Z,"{""command"": ""kworker/0:3-events"", ""command_line"": """", ""owner"": ""root"", ""pid"": ""235"", ""process"": ""all"", ""resource_instance_id"": ""8057035535632679842"", ""resource_project_id"": ""proyecto-2-cloud-509714"", ""resource_type"": ""gce_instance"", ""resource_zone"": ""us-central1-a"", ""vm"": ""8057035535632679842""}",0
2026-09-27T02:37:59.737838Z,"{""command"": ""kworker/0:3-events"", ""command_line"": """", ""owner"": ""root"", ""pid"": ""235"", ""process"": ""all"", ""resource_instance_id"": ""8057035535632679842"", ""resource_project_id"": ""proyecto-2-cloud-509714"", ""resource_type"": ""gce_instance"", ""resource_zone"": ""us-central1-a"", ""vm"": ""8057035535632679842""}",0
2026-09-27T02:37:29.732076Z,"{""command"": ""kworker/0:3-events"", ""command_line"": """", ""owner"": ""root"", ""pid"": ""235"", ""process"": ""all"", ""resource_instance_id"": ""8057035535632679842"", ""resource_project_id"": ""proyecto-2-cloud-509714"", ""resource_type"": ""gce_instance"", ""resource_zone"": ""us-central1-a"", ""vm"": ""8057035535632679842""}",0
2026-09-27T02:36:59.739269Z,"{""command"": ""kworker/0:3-events"", ""command_line"": """", ""owner"": ""root"", ""pid"": ""235"", ""process"": ""all"", ""resource_instance_id"": ""8057035535632679842"", ""resource_project_id"": ""proyecto-2-cloud-509714"", ""resource_type"": ""gce_instance"", ""resource_zone"": ""us-central1-a"", ""vm"": ""8057035535632679842""}",0
2026-09-27T02:36:29.734376Z,"{""command"": ""kworker/0:3-events"", ""command_line"": """", ""owner"": ""root"", ""pid"": ""235"", ""process"": ""all"", ""resource_instance_id"": ""8057035535632679842"", ""resource_project_id"": ""proyecto-2-cloud-509714"", ""resource_type"": ""gce_instance"", ""resource_zone"": ""us-central1-a"", ""vm"": ""8057035535632679842""}",0
2026-09-27T02:35:59.727030Z,"{""command"": ""kworker/0:3-events"", ""command_line"": """", ""owner"": ""root"", ""pid"": ""235"", ""process"": ""all"", ""resource_instance_id"": ""8057035535632679842"", ""resource_project_id"": ""proyecto-2-cloud-509714"", ""resource_type"": ""gce_instance"", ""resource_zone"": ""us-central1-a"", ""vm"": ""8057035535632679842""}",0
2026-09-27T02:35:29.725595Z,"{""command"": ""kworker/0:3-events"", ""command_line"": """", ""owner"": ""root"", ""pid"": ""235"", ""process"": ""all"", ""resource_instance_id"": ""8057035535632679842"", ""resource_project_id"": ""proyecto-2-cloud-509714"", ""resource_type"": ""gce_instance"", ""resource_zone"": ""us-central1-a"", ""vm"": ""8057035535632679842""}",0
2026-09-27T02:30:22.326559Z,"{""command"": ""kworker/0:3-events"", ""command_line"": """", ""owner"": ""root"", ""pid"": ""235"", ""process"": ""all"", ""resource_instance_id"": ""8057035535632679842"", ""resource_project_id"": ""proyecto-2-cloud-509714"", ""resource_type"": ""gce_instance"", ""resource_zone"": ""us-central1-a"", ""vm"": ""8057035535632679842""}",0
2026-09-27T02:40:29.731121Z,"{""command"": ""kworker/1:0"", ""command_line"": """", ""owner"": ""root"", ""pid"": ""10161"", ""process"": ""all"", ""resource_instance_id"": ""8057035535632679842"", ""resource_project_id"": ""proyecto-2-cloud-509714"", ""resource_type"": ""gce_instance"", ""resource_zone"": ""us-central1-a"", ""vm"": ""8057035535632679842""}",0
2026-09-27T02:39:59.742398Z,"{""command"": ""kworker/1:0"", ""command_line"": """", ""owner"": ""root"", ""pid"": ""10161"", ""process"": ""all"", ""resource_instance_id"": ""8057035535632679842"", ""resource_project_id"": ""proyecto-2-cloud-509714"", ""resource_type"": ""gce_instance"", ""resource_zone"": ""us-central1-a"", ""vm"": ""8057035535632679842""}",0
2026-09-27T02:39:29.732770Z,"{""command"": ""kworker/1:0"", ""command_line"": """", ""owner"": ""root"", ""pid"": ""10161"", ""process"": ""all"", ""resource_instance_id"": ""8057035535632679842"", ""resource_project_id"": ""proyecto-2-cloud-509714"", ""resource_type"": ""gce_instance"", ""resource_zone"": ""us-central1-a"", ""vm"": ""8057035535632679842""}",0
2026-09-27T02:38:59.740411Z,"{""command"": ""kworker/1:0"", ""command_line"": """", ""owner"": ""root"", ""pid"": ""10161"", ""process"": ""all"", ""resource_instance_id"": ""8057035535632679842"", ""resource_project_id"": ""proyecto-2-cloud-509714"", ""resource_type"": ""gce_instance"", ""resource_zone"": ""us-central1-a"", ""vm"": ""8057035535632679842""}",0
2026-09-27T02:38:29.729922Z,"{""command"": ""kworker/1:0"", ""command_line"": """", ""owner"": ""root"", ""pid"": ""10161"", ""process"": ""all"", ""resource_instance_id"": ""8057035535632679842"", ""resource_project_id"": ""proyecto-2-cloud-509714"", ""resource_type"": ""gce_instance"", ""resource_zone"": ""us-central1-a"", ""vm"": ""8057035535632679842""}",0
2026-09-27T02:37:59.740640Z,"{""command"": ""kworker/1:0"", ""command_line"": """", ""owner"": ""root"", ""pid"": ""10161"", ""process"": ""all"", ""resource_instance_id"": ""8057035535632679842"", ""resource_project_id"": ""proyecto-2-cloud-509714"", ""resource_type"": ""gce_instance"", ""resource_zone"": ""us-central1-a"", ""vm"": ""8057035535632679842""}",0
2026-09-27T02:37:29.734924Z,"{""command"": ""kworker/1:0"", ""command_line"": """", ""owner"": ""root"", ""pid"": ""10161"", ""process"": ""all"", ""resource_instance_id"": ""8057035535632679842"", ""resource_project_id"": ""proyecto-2-cloud-509714"", ""resource_type"": ""gce_instance"", ""resource_zone"": ""us-central1-a"", ""vm"": ""8057035535632679842""}",0
2026-09-27T02:36:59.743035Z,"{""command"": ""kworker/1:0"", ""command_line"": """", ""owner"": ""root"", ""pid"": ""10161"", ""process"": ""all"", ""resource_instance_id"": ""8057035535632679842"", ""resource_project_id"": ""proyecto-2-cloud-509714"", ""resource_type"": ""gce_instance"", ""resource_zone"": ""us-central1-a"", ""vm"": ""8057035535632679842""}",0
2026-09-27T02:36:29.738925Z,"{""command"": ""kworker/1:0"", ""command_line"": """", ""owner"": ""root"", ""pid"": ""10161"", ""process"": ""all"", ""resource_instance_id"": ""8057035535632679842"", ""resource_project_id"": ""proyecto-2-cloud-509714"", ""resource_type"": ""gce_instance"", ""resource_zone"": ""us-central1-a"", ""vm"": ""8057035535632679842""}",0
2026-09-27T02:35:59.731513Z,"{""command"": ""kworker/1:0"", ""command_line"": """", ""owner"": ""root"", ""pid"": ""10161"", ""process"": ""all"", ""resource_instance_id"": ""8057035535632679842"", ""resource_project_id"": ""proyecto-2-cloud-509714"", ""resource_type"": ""gce_instance"", ""resource_zone"": ""us-central1-a"", ""vm"": ""8057035535632679842""}",0
2026-09-27T02:35:29.728178Z,"{""command"": ""kworker/1:0"", ""command_line"": """", ""owner"": ""root"", ""pid"": ""10161"", ""process"": ""all"", ""resource_instance_id"": ""8057035535632679842"", ""resource_project_id"": ""proyecto-2-cloud-509714"", ""resource_type"": ""gce_instance"", ""resource_zone"": ""us-central1-a"", ""vm"": ""8057035535632679842""}",0
2026-09-27T02:34:59.728357Z,"{""command"": ""kworker/1:0-cgroup_free"", ""command_line"": """", ""owner"": ""root"", ""pid"": ""22"", ""process"": ""all"", ""resource_instance_id"": ""8057035535632679842"", ""resource_project_id"": ""proyecto-2-cloud-509714"", ""resource_type"": ""gce_instance"", ""resource_zone"": ""us-central1-a"", ""vm"": ""8057035535632679842""}",0
2026-09-27T02:34:29.727986Z,"{""command"": ""kworker/1:0-cgroup_free"", ""command_line"": """", ""owner"": ""root"", ""pid"": ""22"", ""process"": ""all"", ""resource_instance_id"": ""8057035535632679842"", ""resource_project_id"": ""proyecto-2-cloud-509714"", ""resource_type"": ""gce_instance"", ""resource_zone"": ""us-central1-a"", ""vm"": ""8057035535632679842""}",0
2026-09-27T02:33:59.735052Z,"{""command"": ""kworker/1:0-cgroup_free"", ""command_line"": """", ""owner"": ""root"", ""pid"": ""22"", ""process"": ""all"", ""resource_instance_id"": ""8057035535632679842"", ""resource_project_id"": ""proyecto-2-cloud-509714"", ""resource_type"": ""gce_instance"", ""resource_zone"": ""us-central1-a"", ""vm"": ""8057035535632679842""}",0
2026-09-27T02:33:29.724496Z,"{""command"": ""kworker/1:0-cgroup_free"", ""command_line"": """", ""owner"": ""root"", ""pid"": ""22"", ""process"": ""all"", ""resource_instance_id"": ""8057035535632679842"", ""resource_project_id"": ""proyecto-2-cloud-509714"", ""resource_type"": ""gce_instance"", ""resource_zone"": ""us-central1-a"", ""vm"": ""8057035535632679842""}",0
2026-09-27T02:32:59.741505Z,"{""command"": ""kworker/1:0-cgroup_free"", ""command_line"": """", ""owner"": ""root"", ""pid"": ""22"", ""process"": ""all"", ""resource_instance_id"": ""8057035535632679842"", ""resource_project_id"": ""proyecto-2-cloud-509714"", ""resource_type"": ""gce_instance"", ""resource_zone"": ""us-central1-a"", ""vm"": ""8057035535632679842""}",0
2026-09-27T02:32:29.732677Z,"{""command"": ""kworker/1:0-cgroup_free"", ""command_line"": """", ""owner"": ""root"", ""pid"": ""22"", ""process"": ""all"", ""resource_instance_id"": ""8057035535632679842"", ""resource_project_id"": ""proyecto-2-cloud-509714"", ""resource_type"": ""gce_instance"", ""resource_zone"": ""us-central1-a"", ""vm"": ""8057035535632679842""}",0
2026-09-27T02:31:59.732976Z,"{""command"": ""kworker/1:0-cgroup_free"", ""command_line"": """", ""owner"": ""root"", ""pid"": ""22"", ""process"": ""all"", ""resource_instance_id"": ""8057035535632679842"", ""resource_project_id"": ""proyecto-2-cloud-509714"", ""resource_type"": ""gce_instance"", ""resource_zone"": ""us-central1-a"", ""vm"": ""8057035535632679842""}",0
2026-09-27T02:31:29.727516Z,"{""command"": ""kworker/1:0-cgroup_free"", ""command_line"": """", ""owner"": ""root"", ""pid"": ""22"", ""process"": ""all"", ""resource_instance_id"": ""8057035535632679842"", ""resource_project_id"": ""proyecto-2-cloud-509714"", ""resource_type"": ""gce_instance"", ""resource_zone"": ""us-central1-a"", ""vm"": ""8057035535632679842""}",0
2026-09-27T02:30:59.742150Z,"{""command"": ""kworker/1:0-cgroup_free"", ""command_line"": """", ""owner"": ""root"", ""pid"": ""22"", ""process"": ""all"", ""resource_instance_id"": ""8057035535632679842"", ""resource_project_id"": ""proyecto-2-cloud-509714"", ""resource_type"": ""gce_instance"", ""resource_zone"": ""us-central1-a"", ""vm"": ""8057035535632679842""}",0
2026-09-27T02:30:29.737754Z,"{""command"": ""kworker/1:0-cgroup_free"", ""command_line"": """", ""owner"": ""root"", ""pid"": ""22"", ""process"": ""all"", ""resource_instance_id"": ""8057035535632679842"", ""resource_project_id"": ""proyecto-2-cloud-509714"", ""resource_type"": ""gce_instance"", ""resource_zone"": ""us-central1-a"", ""vm"": ""8057035535632679842""}",0
2026-09-27T02:30:22.324205Z,"{""command"": ""kworker/1:0-cgroup_free"", ""command_line"": """", ""owner"": ""root"", ""pid"": ""22"", ""process"": ""all"", ""resource_instance_id"": ""8057035535632679842"", ""resource_project_id"": ""proyecto-2-cloud-509714"", ""resource_type"": ""gce_instance"", ""resource_zone"": ""us-central1-a"", ""vm"": ""8057035535632679842""}",0
2026-09-27T02:45:29.739310Z,"{""command"": ""kworker/1:0-rcu_gp"", ""command_line"": """", ""owner"": ""root"", ""pid"": ""10161"", ""process"": ""all"", ""resource_instance_id"": ""8057035535632679842"", ""resource_project_id"": ""proyecto-2-cloud-509714"", ""resource_type"": ""gce_instance"", ""resource_zone"": ""us-central1-a"", ""vm"": ""8057035535632679842""}",0
2026-09-27T02:44:59.745160Z,"{""command"": ""kworker/1:0-rcu_gp"", ""command_line"": """", ""owner"": ""root"", ""pid"": ""10161"", ""process"": ""all"", ""resource_instance_id"": ""8057035535632679842"", ""resource_project_id"": ""proyecto-2-cloud-509714"", ""resource_type"": ""gce_instance"", ""resource_zone"": ""us-central1-a"", ""vm"": ""8057035535632679842""}",0
2026-09-27T02:44:29.741997Z,"{""command"": ""kworker/1:0-rcu_gp"", ""command_line"": """", ""owner"": ""root"", ""pid"": ""10161"", ""process"": ""all"", ""resource_instance_id"": ""8057035535632679842"", ""resource_project_id"": ""proyecto-2-cloud-509714"", ""resource_type"": ""gce_instance"", ""resource_zone"": ""us-central1-a"", ""vm"": ""8057035535632679842""}",0
2026-09-27T02:43:59.744030Z,"{""command"": ""kworker/1:0-rcu_gp"", ""command_line"": """", ""owner"": ""root"", ""pid"": ""10161"", ""process"": ""all"", ""resource_instance_id"": ""8057035535632679842"", ""resource_project_id"": ""proyecto-2-cloud-509714"", ""resource_type"": ""gce_instance"", ""resource_zone"": ""us-central1-a"", ""vm"": ""8057035535632679842""}",0
2026-09-27T02:43:29.745958Z,"{""command"": ""kworker/1:0-rcu_gp"", ""command_line"": """", ""owner"": ""root"", ""pid"": ""10161"", ""process"": ""all"", ""resource_instance_id"": ""8057035535632679842"", ""resource_project_id"": ""proyecto-2-cloud-509714"", ""resource_type"": ""gce_instance"", ""resource_zone"": ""us-central1-a"", ""vm"": ""8057035535632679842""}",0
2026-09-27T02:42:59.738303Z,"{""command"": ""kworker/1:0-rcu_gp"", ""command_line"": """", ""owner"": ""root"", ""pid"": ""10161"", ""process"": ""all"", ""resource_instance_id"": ""8057035535632679842"", ""resource_project_id"": ""proyecto-2-cloud-509714"", ""resource_type"": ""gce_instance"", ""resource_zone"": ""us-central1-a"", ""vm"": ""8057035535632679842""}",0
2026-09-27T02:42:29.764077Z,"{""command"": ""kworker/1:0-rcu_gp"", ""command_line"": """", ""owner"": ""root"", ""pid"": ""10161"", ""process"": ""all"", ""resource_instance_id"": ""8057035535632679842"", ""resource_project_id"": ""proyecto-2-cloud-509714"", ""resource_type"": ""gce_instance"", ""resource_zone"": ""us-central1-a"", ""vm"": ""8057035535632679842""}",0
2026-09-27T02:41:59.742085Z,"{""command"": ""kworker/1:0-rcu_gp"", ""command_line"": """", ""owner"": ""root"", ""pid"": ""10161"", ""process"": ""all"", ""resource_instance_id"": ""8057035535632679842"", ""resource_project_id"": ""proyecto-2-cloud-509714"", ""resource_type"": ""gce_instance"", ""resource_zone"": ""us-central1-a"", ""vm"": ""8057035535632679842""}",0
2026-09-27T02:41:29.745576Z,"{""command"": ""kworker/1:0-rcu_gp"", ""command_line"": """", ""owner"": ""root"", ""pid"": ""10161"", ""process"": ""all"", ""resource_instance_id"": ""8057035535632679842"", ""resource_project_id"": ""proyecto-2-cloud-509714"", ""resource_type"": ""gce_instance"", ""resource_zone"": ""us-central1-a"", ""vm"": ""8057035535632679842""}",0
2026-09-27T02:40:59.734305Z,"{""command"": ""kworker/1:0-rcu_gp"", ""command_line"": """", ""owner"": ""root"", ""pid"": ""10161"", ""process"": ""all"", ""resource_instance_id"": ""8057035535632679842"", ""resource_project_id"": ""proyecto-2-cloud-509714"", ""resource_type"": ""gce_instance"", ""resource_zone"": ""us-central1-a"", ""vm"": ""8057035535632679842""}",0
2026-09-27T02:49:59.735847Z,"{""command"": ""kworker/1:0H-events_highpri"", ""command_line"": """", ""owner"": ""root"", ""pid"": ""23"", ""process"": ""all"", ""resource_instance_id"": ""8057035535632679842"", ""resource_project_id"": ""proyecto-2-cloud-509714"", ""resource_type"": ""gce_instance"", ""resource_zone"": ""us-central1-a"", ""vm"": ""8057035535632679842""}",0
2026-09-27T02:49:29.733068Z,"{""command"": ""kworker/1:0H-events_highpri"", ""command_line"": """", ""owner"": ""root"", ""pid"": ""23"", ""process"": ""all"", ""resource_instance_id"": ""8057035535632679842"", ""resource_project_id"": ""proyecto-2-cloud-509714"", ""resource_type"": ""gce_instance"", ""resource_zone"": ""us-central1-a"", ""vm"": ""8057035535632679842""}",0
2026-09-27T02:48:59.728232Z,"{""command"": ""kworker/1:0H-events_highpri"", ""command_line"": """", ""owner"": ""root"", ""pid"": ""23"", ""process"": ""all"", ""resource_instance_id"": ""8057035535632679842"", ""resource_project_id"": ""proyecto-2-cloud-509714"", ""resource_type"": ""gce_instance"", ""resource_zone"": ""us-central1-a"", ""vm"": ""8057035535632679842""}",0
2026-09-27T02:48:29.734201Z,"{""command"": ""kworker/1:0H-events_highpri"", ""command_line"": """", ""owner"": ""root"", ""pid"": ""23"", ""process"": ""all"", ""resource_instance_id"": ""8057035535632679842"", ""resource_project_id"": ""proyecto-2-cloud-509714"", ""resource_type"": ""gce_instance"", ""resource_zone"": ""us-central1-a"", ""vm"": ""8057035535632679842""}",0
2026-09-27T02:47:59.732556Z,"{""command"": ""kworker/1:0H-events_highpri"", ""command_line"": """", ""owner"": ""root"", ""pid"": ""23"", ""process"": ""all"", ""resource_instance_id"": ""8057035535632679842"", ""resource_project_id"": ""proyecto-2-cloud-509714"", ""resource_type"": ""gce_instance"", ""resource_zone"": ""us-central1-a"", ""vm"": ""8057035535632679842""}",0
2026-09-27T02:47:29.728918Z,"{""command"": ""kworker/1:0H-events_highpri"", ""command_line"": """", ""owner"": ""root"", ""pid"": ""23"", ""process"": ""all"", ""resource_instance_id"": ""8057035535632679842"", ""resource_project_id"": ""proyecto-2-cloud-509714"", ""resource_type"": ""gce_instance"", ""resource_zone"": ""us-central1-a"", ""vm"": ""8057035535632679842""}",0
2026-09-27T02:46:59.739623Z,"{""command"": ""kworker/1:0H-events_highpri"", ""command_line"": """", ""owner"": ""root"", ""pid"": ""23"", ""process"": ""all"", ""resource_instance_id"": ""8057035535632679842"", ""resource_project_id"": ""proyecto-2-cloud-509714"", ""resource_type"": ""gce_instance"", ""resource_zone"": ""us-central1-a"", ""vm"": ""8057035535632679842""}",0
2026-09-27T02:46:29.734394Z,"{""command"": ""kworker/1:0H-events_highpri"", ""command_line"": """", ""owner"": ""root"", ""pid"": ""23"", ""process"": ""all"", ""resource_instance_id"": ""8057035535632679842"", ""resource_project_id"": ""proyecto-2-cloud-509714"", ""resource_type"": ""gce_instance"", ""resource_zone"": ""us-central1-a"", ""vm"": ""8057035535632679842""}",0
2026-09-27T02:45:59.729173Z,"{""command"": ""kworker/1:0H-events_highpri"", ""command_line"": """", ""owner"": ""root"", ""pid"": ""23"", ""process"": ""all"", ""resource_instance_id"": ""8057035535632679842"", ""resource_project_id"": ""proyecto-2-cloud-509714"", ""resource_type"": ""gce_instance"", ""resource_zone"": ""us-central1-a"", ""vm"": ""8057035535632679842""}",0
2026-09-27T02:45:29.735024Z,"{""command"": ""kworker/1:0H-events_highpri"", ""command_line"": """", ""owner"": ""root"", ""pid"": ""23"", ""process"": ""all"", ""resource_instance_id"": ""8057035535632679842"", ""resource_project_id"": ""proyecto-2-cloud-509714"", ""resource_type"": ""gce_instance"", ""resource_zone"": ""us-central1-a"", ""vm"": ""8057035535632679842""}",0
2026-09-27T02:44:59.740197Z,"{""command"": ""kworker/1:0H-events_highpri"", ""command_line"": """", ""owner"": ""root"", ""pid"": ""23"", ""process"": ""all"", ""resource_instance_id"": ""8057035535632679842"", ""resource_project_id"": ""proyecto-2-cloud-509714"", ""resource_type"": ""gce_instance"", ""resource_zone"": ""us-central1-a"", ""vm"": ""8057035535632679842""}",0
2026-09-27T02:44:29.737240Z,"{""command"": ""kworker/1:0H-events_highpri"", ""command_line"": """", ""owner"": ""root"", ""pid"": ""23"", ""process"": ""all"", ""resource_instance_id"": ""8057035535632679842"", ""resource_project_id"": ""proyecto-2-cloud-509714"", ""resource_type"": ""gce_instance"", ""resource_zone"": ""us-central1-a"", ""vm"": ""8057035535632679842""}",0
2026-09-27T02:43:59.738883Z,"{""command"": ""kworker/1:0H-events_highpri"", ""command_line"": """", ""owner"": ""root"", ""pid"": ""23"", ""process"": ""all"", ""resource_instance_id"": ""8057035535632679842"", ""resource_project_id"": ""proyecto-2-cloud-509714"", ""resource_type"": ""gce_instance"", ""resource_zone"": ""us-central1-a"", ""vm"": ""8057035535632679842""}",0
2026-09-27T02:43:29.739174Z,"{""command"": ""kworker/1:0H-events_highpri"", ""command_line"": """", ""owner"": ""root"", ""pid"": ""23"", ""process"": ""all"", ""resource_instance_id"": ""8057035535632679842"", ""resource_project_id"": ""proyecto-2-cloud-509714"", ""resource_type"": ""gce_instance"", ""resource_zone"": ""us-central1-a"", ""vm"": ""8057035535632679842""}",0
2026-09-27T02:42:59.733256Z,"{""command"": ""kworker/1:0H-events_highpri"", ""command_line"": """", ""owner"": ""root"", ""pid"": ""23"", ""process"": ""all"", ""resource_instance_id"": ""8057035535632679842"", ""resource_project_id"": ""proyecto-2-cloud-509714"", ""resource_type"": ""gce_instance"", ""resource_zone"": ""us-central1-a"", ""vm"": ""8057035535632679842""}",0
2026-09-27T02:42:29.758103Z,"{""command"": ""kworker/1:0H-events_highpri"", ""command_line"": """", ""owner"": ""root"", ""pid"": ""23"", ""process"": ""all"", ""resource_instance_id"": ""8057035535632679842"", ""resource_project_id"": ""proyecto-2-cloud-509714"", ""resource_type"": ""gce_instance"", ""resource_zone"": ""us-central1-a"", ""vm"": ""8057035535632679842""}",0
2026-09-27T02:41:59.736361Z,"{""command"": ""kworker/1:0H-events_highpri"", ""command_line"": """", ""owner"": ""root"", ""pid"": ""23"", ""process"": ""all"", ""resource_instance_id"": ""8057035535632679842"", ""resource_project_id"": ""proyecto-2-cloud-509714"", ""resource_type"": ""gce_instance"", ""resource_zone"": ""us-central1-a"", ""vm"": ""8057035535632679842""}",0
2026-09-27T02:41:29.740433Z,"{""command"": ""kworker/1:0H-events_highpri"", ""command_line"": """", ""owner"": ""root"", ""pid"": ""23"", ""process"": ""all"", ""resource_instance_id"": ""8057035535632679842"", ""resource_project_id"": ""proyecto-2-cloud-509714"", ""resource_type"": ""gce_instance"", ""resource_zone"": ""us-central1-a"", ""vm"": ""8057035535632679842""}",0
2026-09-27T02:40:59.728134Z,"{""command"": ""kworker/1:0H-events_highpri"", ""command_line"": """", ""owner"": ""root"", ""pid"": ""23"", ""process"": ""all"", ""resource_instance_id"": ""8057035535632679842"", ""resource_project_id"": ""proyecto-2-cloud-509714"", ""resource_type"": ""gce_instance"", ""resource_zone"": ""us-central1-a"", ""vm"": ""8057035535632679842""}",0
2026-09-27T02:40:29.725921Z,"{""command"": ""kworker/1:0H-events_highpri"", ""command_line"": """", ""owner"": ""root"", ""pid"": ""23"", ""process"": ""all"", ""resource_instance_id"": ""8057035535632679842"", ""resource_project_id"": ""proyecto-2-cloud-509714"", ""resource_type"": ""gce_instance"", ""resource_zone"": ""us-central1-a"", ""vm"": ""8057035535632679842""}",0
2026-09-27T02:39:59.731279Z,"{""command"": ""kworker/1:0H-events_highpri"", ""command_line"": """", ""owner"": ""root"", ""pid"": ""23"", ""process"": ""all"", ""resource_instance_id"": ""8057035535632679842"", ""resource_project_id"": ""proyecto-2-cloud-509714"", ""resource_type"": ""gce_instance"", ""resource_zone"": ""us-central1-a"", ""vm"": ""8057035535632679842""}",0
2026-09-27T02:39:29.728171Z,"{""command"": ""kworker/1:0H-events_highpri"", ""command_line"": """", ""owner"": ""root"", ""pid"": ""23"", ""process"": ""all"", ""resource_instance_id"": ""8057035535632679842"", ""resource_project_id"": ""proyecto-2-cloud-509714"", ""resource_type"": ""gce_instance"", ""resource_zone"": ""us-central1-a"", ""vm"": ""8057035535632679842""}",0
2026-09-27T02:38:59.732307Z,"{""command"": ""kworker/1:0H-events_highpri"", ""command_line"": """", ""owner"": ""root"", ""pid"": ""23"", ""process"": ""all"", ""resource_instance_id"": ""8057035535632679842"", ""resource_project_id"": ""proyecto-2-cloud-509714"", ""resource_type"": ""gce_instance"", ""resource_zone"": ""us-central1-a"", ""vm"": ""8057035535632679842""}",0
2026-09-27T02:38:29.724887Z,"{""command"": ""kworker/1:0H-events_highpri"", ""command_line"": """", ""owner"": ""root"", ""pid"": ""23"", ""process"": ""all"", ""resource_instance_id"": ""8057035535632679842"", ""resource_project_id"": ""proyecto-2-cloud-509714"", ""resource_type"": ""gce_instance"", ""resource_zone"": ""us-central1-a"", ""vm"": ""8057035535632679842""}",0
2026-09-27T02:37:59.735718Z,"{""command"": ""kworker/1:0H-events_highpri"", ""command_line"": """", ""owner"": ""root"", ""pid"": ""23"", ""process"": ""all"", ""resource_instance_id"": ""8057035535632679842"", ""resource_project_id"": ""proyecto-2-cloud-509714"", ""resource_type"": ""gce_instance"", ""resource_zone"": ""us-central1-a"", ""vm"": ""8057035535632679842""}",0
2026-09-27T02:37:29.728814Z,"{""command"": ""kworker/1:0H-events_highpri"", ""command_line"": """", ""owner"": ""root"", ""pid"": ""23"", ""process"": ""all"", ""resource_instance_id"": ""8057035535632679842"", ""resource_project_id"": ""proyecto-2-cloud-509714"", ""resource_type"": ""gce_instance"", ""resource_zone"": ""us-central1-a"", ""vm"": ""8057035535632679842""}",0
2026-09-27T02:36:59.736267Z,"{""command"": ""kworker/1:0H-events_highpri"", ""command_line"": """", ""owner"": ""root"", ""pid"": ""23"", ""process"": ""all"", ""resource_instance_id"": ""8057035535632679842"", ""resource_project_id"": ""proyecto-2-cloud-509714"", ""resource_type"": ""gce_instance"", ""resource_zone"": ""us-central1-a"", ""vm"": ""8057035535632679842""}",0
2026-09-27T02:36:29.731304Z,"{""command"": ""kworker/1:0H-events_highpri"", ""command_line"": """", ""owner"": ""root"", ""pid"": ""23"", ""process"": ""all"", ""resource_instance_id"": ""8057035535632679842"", ""resource_project_id"": ""proyecto-2-cloud-509714"", ""resource_type"": ""gce_instance"", ""resource_zone"": ""us-central1-a"", ""vm"": ""8057035535632679842""}",0
2026-09-27T02:35:59.724991Z,"{""command"": ""kworker/1:0H-events_highpri"", ""command_line"": """", ""owner"": ""root"", ""pid"": ""23"", ""process"": ""all"", ""resource_instance_id"": ""8057035535632679842"", ""resource_project_id"": ""proyecto-2-cloud-509714"", ""resource_type"": ""gce_instance"", ""resource_zone"": ""us-central1-a"", ""vm"": ""8057035535632679842""}",0
2026-09-27T02:35:29.723846Z,"{""command"": ""kworker/1:0H-events_highpri"", ""command_line"": """", ""owner"": ""root"", ""pid"": ""23"", ""process"": ""all"", ""resource_instance_id"": ""8057035535632679842"", ""resource_project_id"": ""proyecto-2-cloud-509714"", ""resource_type"": ""gce_instance"", ""resource_zone"": ""us-central1-a"", ""vm"": ""8057035535632679842""}",0
2026-09-27T02:34:59.728410Z,"{""command"": ""kworker/1:0H-events_highpri"", ""command_line"": """", ""owner"": ""root"", ""pid"": ""23"", ""process"": ""all"", ""resource_instance_id"": ""8057035535632679842"", ""resource_project_id"": ""proyecto-2-cloud-509714"", ""resource_type"": ""gce_instance"", ""resource_zone"": ""us-central1-a"", ""vm"": ""8057035535632679842""}",0
2026-09-27T02:34:29.728042Z,"{""command"": ""kworker/1:0H-events_highpri"", ""command_line"": """", ""owner"": ""root"", ""pid"": ""23"", ""process"": ""all"", ""resource_instance_id"": ""8057035535632679842"", ""resource_project_id"": ""proyecto-2-cloud-509714"", ""resource_type"": ""gce_instance"", ""resource_zone"": ""us-central1-a"", ""vm"": ""8057035535632679842""}",0
2026-09-27T02:33:59.735107Z,"{""command"": ""kworker/1:0H-events_highpri"", ""command_line"": """", ""owner"": ""root"", ""pid"": ""23"", ""process"": ""all"", ""resource_instance_id"": ""8057035535632679842"", ""resource_project_id"": ""proyecto-2-cloud-509714"", ""resource_type"": ""gce_instance"", ""resource_zone"": ""us-central1-a"", ""vm"": ""8057035535632679842""}",0
2026-09-27T02:33:29.724548Z,"{""command"": ""kworker/1:0H-events_highpri"", ""command_line"": """", ""owner"": ""root"", ""pid"": ""23"", ""process"": ""all"", ""resource_instance_id"": ""8057035535632679842"", ""resource_project_id"": ""proyecto-2-cloud-509714"", ""resource_type"": ""gce_instance"", ""resource_zone"": ""us-central1-a"", ""vm"": ""8057035535632679842""}",0
2026-09-27T02:32:59.741563Z,"{""command"": ""kworker/1:0H-events_highpri"", ""command_line"": """", ""owner"": ""root"", ""pid"": ""23"", ""process"": ""all"", ""resource_instance_id"": ""8057035535632679842"", ""resource_project_id"": ""proyecto-2-cloud-509714"", ""resource_type"": ""gce_instance"", ""resource_zone"": ""us-central1-a"", ""vm"": ""8057035535632679842""}",0
2026-09-27T02:32:29.732738Z,"{""command"": ""kworker/1:0H-events_highpri"", ""command_line"": """", ""owner"": ""root"", ""pid"": ""23"", ""process"": ""all"", ""resource_instance_id"": ""8057035535632679842"", ""resource_project_id"": ""proyecto-2-cloud-509714"", ""resource_type"": ""gce_instance"", ""resource_zone"": ""us-central1-a"", ""vm"": ""8057035535632679842""}",0
2026-09-27T02:31:59.733033Z,"{""command"": ""kworker/1:0H-events_highpri"", ""command_line"": """", ""owner"": ""root"", ""pid"": ""23"", ""process"": ""all"", ""resource_instance_id"": ""8057035535632679842"", ""resource_project_id"": ""proyecto-2-cloud-509714"", ""resource_type"": ""gce_instance"", ""resource_zone"": ""us-central1-a"", ""vm"": ""8057035535632679842""}",0
2026-09-27T02:31:29.727570Z,"{""command"": ""kworker/1:0H-events_highpri"", ""command_line"": """", ""owner"": ""root"", ""pid"": ""23"", ""process"": ""all"", ""resource_instance_id"": ""8057035535632679842"", ""resource_project_id"": ""proyecto-2-cloud-509714"", ""resource_type"": ""gce_instance"", ""resource_zone"": ""us-central1-a"", ""vm"": ""8057035535632679842""}",0
2026-09-27T02:30:59.742238Z,"{""command"": ""kworker/1:0H-events_highpri"", ""command_line"": """", ""owner"": ""root"", ""pid"": ""23"", ""process"": ""all"", ""resource_instance_id"": ""8057035535632679842"", ""resource_project_id"": ""proyecto-2-cloud-509714"", ""resource_type"": ""gce_instance"", ""resource_zone"": ""us-central1-a"", ""vm"": ""8057035535632679842""}",0
2026-09-27T02:30:29.737819Z,"{""command"": ""kworker/1:0H-events_highpri"", ""command_line"": """", ""owner"": ""root"", ""pid"": ""23"", ""process"": ""all"", ""resource_instance_id"": ""8057035535632679842"", ""resource_project_id"": ""proyecto-2-cloud-509714"", ""resource_type"": ""gce_instance"", ""resource_zone"": ""us-central1-a"", ""vm"": ""8057035535632679842""}",0
2026-09-27T02:30:22.324264Z,"{""command"": ""kworker/1:0H-events_highpri"", ""command_line"": """", ""owner"": ""root"", ""pid"": ""23"", ""process"": ""all"", ""resource_instance_id"": ""8057035535632679842"", ""resource_project_id"": ""proyecto-2-cloud-509714"", ""resource_type"": ""gce_instance"", ""resource_zone"": ""us-central1-a"", ""vm"": ""8057035535632679842""}",0
2026-09-27T02:40:59.732583Z,"{""command"": ""kworker/1:1-events"", ""command_line"": """", ""owner"": ""root"", ""pid"": ""6181"", ""process"": ""all"", ""resource_instance_id"": ""8057035535632679842"", ""resource_project_id"": ""proyecto-2-cloud-509714"", ""resource_type"": ""gce_instance"", ""resource_zone"": ""us-central1-a"", ""vm"": ""8057035535632679842""}",0
2026-09-27T02:30:22.329055Z,"{""command"": ""kworker/1:1-ipv6_addrconf"", ""command_line"": """", ""owner"": ""root"", ""pid"": ""6181"", ""process"": ""all"", ""resource_instance_id"": ""8057035535632679842"", ""resource_project_id"": ""proyecto-2-cloud-509714"", ""resource_type"": ""gce_instance"", ""resource_zone"": ""us-central1-a"", ""vm"": ""8057035535632679842""}",0
2026-09-27T02:49:59.741719Z,"{""command"": ""kworker/1:1-mm_percpu_wq"", ""command_line"": """", ""owner"": ""root"", ""pid"": ""6181"", ""process"": ""all"", ""resource_instance_id"": ""8057035535632679842"", ""resource_project_id"": ""proyecto-2-cloud-509714"", ""resource_type"": ""gce_instance"", ""resource_zone"": ""us-central1-a"", ""vm"": ""8057035535632679842""}",0
2026-09-27T02:49:29.736780Z,"{""command"": ""kworker/1:1-mm_percpu_wq"", ""command_line"": """", ""owner"": ""root"", ""pid"": ""6181"", ""process"": ""all"", ""resource_instance_id"": ""8057035535632679842"", ""resource_project_id"": ""proyecto-2-cloud-509714"", ""resource_type"": ""gce_instance"", ""resource_zone"": ""us-central1-a"", ""vm"": ""8057035535632679842""}",0
2026-09-27T02:48:59.732902Z,"{""command"": ""kworker/1:1-mm_percpu_wq"", ""command_line"": """", ""owner"": ""root"", ""pid"": ""6181"", ""process"": ""all"", ""resource_instance_id"": ""8057035535632679842"", ""resource_project_id"": ""proyecto-2-cloud-509714"", ""resource_type"": ""gce_instance"", ""resource_zone"": ""us-central1-a"", ""vm"": ""8057035535632679842""}",0
2026-09-27T02:48:29.739215Z,"{""command"": ""kworker/1:1-mm_percpu_wq"", ""command_line"": """", ""owner"": ""root"", ""pid"": ""6181"", ""process"": ""all"", ""resource_instance_id"": ""8057035535632679842"", ""resource_project_id"": ""proyecto-2-cloud-509714"", ""resource_type"": ""gce_instance"", ""resource_zone"": ""us-central1-a"", ""vm"": ""8057035535632679842""}",0
2026-09-27T02:47:59.736437Z,"{""command"": ""kworker/1:1-mm_percpu_wq"", ""command_line"": """", ""owner"": ""root"", ""pid"": ""6181"", ""process"": ""all"", ""resource_instance_id"": ""8057035535632679842"", ""resource_project_id"": ""proyecto-2-cloud-509714"", ""resource_type"": ""gce_instance"", ""resource_zone"": ""us-central1-a"", ""vm"": ""8057035535632679842""}",0
2026-09-27T02:47:29.733433Z,"{""command"": ""kworker/1:1-mm_percpu_wq"", ""command_line"": """", ""owner"": ""root"", ""pid"": ""6181"", ""process"": ""all"", ""resource_instance_id"": ""8057035535632679842"", ""resource_project_id"": ""proyecto-2-cloud-509714"", ""resource_type"": ""gce_instance"", ""resource_zone"": ""us-central1-a"", ""vm"": ""8057035535632679842""}",0
2026-09-27T02:46:59.744223Z,"{""command"": ""kworker/1:1-mm_percpu_wq"", ""command_line"": """", ""owner"": ""root"", ""pid"": ""6181"", ""process"": ""all"", ""resource_instance_id"": ""8057035535632679842"", ""resource_project_id"": ""proyecto-2-cloud-509714"", ""resource_type"": ""gce_instance"", ""resource_zone"": ""us-central1-a"", ""vm"": ""8057035535632679842""}",0
2026-09-27T02:46:29.740573Z,"{""command"": ""kworker/1:1-mm_percpu_wq"", ""command_line"": """", ""owner"": ""root"", ""pid"": ""6181"", ""process"": ""all"", ""resource_instance_id"": ""8057035535632679842"", ""resource_project_id"": ""proyecto-2-cloud-509714"", ""resource_type"": ""gce_instance"", ""resource_zone"": ""us-central1-a"", ""vm"": ""8057035535632679842""}",0
2026-09-27T02:45:59.732448Z,"{""command"": ""kworker/1:1-mm_percpu_wq"", ""command_line"": """", ""owner"": ""root"", ""pid"": ""6181"", ""process"": ""all"", ""resource_instance_id"": ""8057035535632679842"", ""resource_project_id"": ""proyecto-2-cloud-509714"", ""resource_type"": ""gce_instance"", ""resource_zone"": ""us-central1-a"", ""vm"": ""8057035535632679842""}",0
2026-09-27T02:45:29.738244Z,"{""command"": ""kworker/1:1-mm_percpu_wq"", ""command_line"": """", ""owner"": ""root"", ""pid"": ""6181"", ""process"": ""all"", ""resource_instance_id"": ""8057035535632679842"", ""resource_project_id"": ""proyecto-2-cloud-509714"", ""resource_type"": ""gce_instance"", ""resource_zone"": ""us-central1-a"", ""vm"": ""8057035535632679842""}",0
2026-09-27T02:44:59.744075Z,"{""command"": ""kworker/1:1-mm_percpu_wq"", ""command_line"": """", ""owner"": ""root"", ""pid"": ""6181"", ""process"": ""all"", ""resource_instance_id"": ""8057035535632679842"", ""resource_project_id"": ""proyecto-2-cloud-509714"", ""resource_type"": ""gce_instance"", ""resource_zone"": ""us-central1-a"", ""vm"": ""8057035535632679842""}",0
2026-09-27T02:44:29.740990Z,"{""command"": ""kworker/1:1-mm_percpu_wq"", ""command_line"": """", ""owner"": ""root"", ""pid"": ""6181"", ""process"": ""all"", ""resource_instance_id"": ""8057035535632679842"", ""resource_project_id"": ""proyecto-2-cloud-509714"", ""resource_type"": ""gce_instance"", ""resource_zone"": ""us-central1-a"", ""vm"": ""8057035535632679842""}",0
2026-09-27T02:43:59.742877Z,"{""command"": ""kworker/1:1-mm_percpu_wq"", ""command_line"": """", ""owner"": ""root"", ""pid"": ""6181"", ""process"": ""all"", ""resource_instance_id"": ""8057035535632679842"", ""resource_project_id"": ""proyecto-2-cloud-509714"", ""resource_type"": ""gce_instance"", ""resource_zone"": ""us-central1-a"", ""vm"": ""8057035535632679842""}",0
2026-09-27T02:43:29.744200Z,"{""command"": ""kworker/1:1-mm_percpu_wq"", ""command_line"": """", ""owner"": ""root"", ""pid"": ""6181"", ""process"": ""all"", ""resource_instance_id"": ""8057035535632679842"", ""resource_project_id"": ""proyecto-2-cloud-509714"", ""resource_type"": ""gce_instance"", ""resource_zone"": ""us-central1-a"", ""vm"": ""8057035535632679842""}",0
2026-09-27T02:42:59.737082Z,"{""command"": ""kworker/1:1-mm_percpu_wq"", ""command_line"": """", ""owner"": ""root"", ""pid"": ""6181"", ""process"": ""all"", ""resource_instance_id"": ""8057035535632679842"", ""resource_project_id"": ""proyecto-2-cloud-509714"", ""resource_type"": ""gce_instance"", ""resource_zone"": ""us-central1-a"", ""vm"": ""8057035535632679842""}",0
2026-09-27T02:42:29.763028Z,"{""command"": ""kworker/1:1-mm_percpu_wq"", ""command_line"": """", ""owner"": ""root"", ""pid"": ""6181"", ""process"": ""all"", ""resource_instance_id"": ""8057035535632679842"", ""resource_project_id"": ""proyecto-2-cloud-509714"", ""resource_type"": ""gce_instance"", ""resource_zone"": ""us-central1-a"", ""vm"": ""8057035535632679842""}",0
2026-09-27T02:41:59.740776Z,"{""command"": ""kworker/1:1-mm_percpu_wq"", ""command_line"": """", ""owner"": ""root"", ""pid"": ""6181"", ""process"": ""all"", ""resource_instance_id"": ""8057035535632679842"", ""resource_project_id"": ""proyecto-2-cloud-509714"", ""resource_type"": ""gce_instance"", ""resource_zone"": ""us-central1-a"", ""vm"": ""8057035535632679842""}",0
2026-09-27T02:41:29.744043Z,"{""command"": ""kworker/1:1-mm_percpu_wq"", ""command_line"": """", ""owner"": ""root"", ""pid"": ""6181"", ""process"": ""all"", ""resource_instance_id"": ""8057035535632679842"", ""resource_project_id"": ""proyecto-2-cloud-509714"", ""resource_type"": ""gce_instance"", ""resource_zone"": ""us-central1-a"", ""vm"": ""8057035535632679842""}",0
2026-09-27T02:40:29.730075Z,"{""command"": ""kworker/1:1-mm_percpu_wq"", ""command_line"": """", ""owner"": ""root"", ""pid"": ""6181"", ""process"": ""all"", ""resource_instance_id"": ""8057035535632679842"", ""resource_project_id"": ""proyecto-2-cloud-509714"", ""resource_type"": ""gce_instance"", ""resource_zone"": ""us-central1-a"", ""vm"": ""8057035535632679842""}",0
2026-09-27T02:39:59.739818Z,"{""command"": ""kworker/1:1-mm_percpu_wq"", ""command_line"": """", ""owner"": ""root"", ""pid"": ""6181"", ""process"": ""all"", ""resource_instance_id"": ""8057035535632679842"", ""resource_project_id"": ""proyecto-2-cloud-509714"", ""resource_type"": ""gce_instance"", ""resource_zone"": ""us-central1-a"", ""vm"": ""8057035535632679842""}",0
2026-09-27T02:39:29.731753Z,"{""command"": ""kworker/1:1-mm_percpu_wq"", ""command_line"": """", ""owner"": ""root"", ""pid"": ""6181"", ""process"": ""all"", ""resource_instance_id"": ""8057035535632679842"", ""resource_project_id"": ""proyecto-2-cloud-509714"", ""resource_type"": ""gce_instance"", ""resource_zone"": ""us-central1-a"", ""vm"": ""8057035535632679842""}",0
2026-09-27T02:38:59.738347Z,"{""command"": ""kworker/1:1-mm_percpu_wq"", ""command_line"": """", ""owner"": ""root"", ""pid"": ""6181"", ""process"": ""all"", ""resource_instance_id"": ""8057035535632679842"", ""resource_project_id"": ""proyecto-2-cloud-509714"", ""resource_type"": ""gce_instance"", ""resource_zone"": ""us-central1-a"", ""vm"": ""8057035535632679842""}",0
2026-09-27T02:38:29.728898Z,"{""command"": ""kworker/1:1-mm_percpu_wq"", ""command_line"": """", ""owner"": ""root"", ""pid"": ""6181"", ""process"": ""all"", ""resource_instance_id"": ""8057035535632679842"", ""resource_project_id"": ""proyecto-2-cloud-509714"", ""resource_type"": ""gce_instance"", ""resource_zone"": ""us-central1-a"", ""vm"": ""8057035535632679842""}",0
2026-09-27T02:37:59.739554Z,"{""command"": ""kworker/1:1-mm_percpu_wq"", ""command_line"": """", ""owner"": ""root"", ""pid"": ""6181"", ""process"": ""all"", ""resource_instance_id"": ""8057035535632679842"", ""resource_project_id"": ""proyecto-2-cloud-509714"", ""resource_type"": ""gce_instance"", ""resource_zone"": ""us-central1-a"", ""vm"": ""8057035535632679842""}",0
2026-09-27T02:37:29.733781Z,"{""command"": ""kworker/1:1-mm_percpu_wq"", ""command_line"": """", ""owner"": ""root"", ""pid"": ""6181"", ""process"": ""all"", ""resource_instance_id"": ""8057035535632679842"", ""resource_project_id"": ""proyecto-2-cloud-509714"", ""resource_type"": ""gce_instance"", ""resource_zone"": ""us-central1-a"", ""vm"": ""8057035535632679842""}",0
2026-09-27T02:36:59.741722Z,"{""command"": ""kworker/1:1-mm_percpu_wq"", ""command_line"": """", ""owner"": ""root"", ""pid"": ""6181"", ""process"": ""all"", ""resource_instance_id"": ""8057035535632679842"", ""resource_project_id"": ""proyecto-2-cloud-509714"", ""resource_type"": ""gce_instance"", ""resource_zone"": ""us-central1-a"", ""vm"": ""8057035535632679842""}",0
2026-09-27T02:36:29.737231Z,"{""command"": ""kworker/1:1-mm_percpu_wq"", ""command_line"": """", ""owner"": ""root"", ""pid"": ""6181"", ""process"": ""all"", ""resource_instance_id"": ""8057035535632679842"", ""resource_project_id"": ""proyecto-2-cloud-509714"", ""resource_type"": ""gce_instance"", ""resource_zone"": ""us-central1-a"", ""vm"": ""8057035535632679842""}",0
2026-09-27T02:35:59.729793Z,"{""command"": ""kworker/1:1-mm_percpu_wq"", ""command_line"": """", ""owner"": ""root"", ""pid"": ""6181"", ""process"": ""all"", ""resource_instance_id"": ""8057035535632679842"", ""resource_project_id"": ""proyecto-2-cloud-509714"", ""resource_type"": ""gce_instance"", ""resource_zone"": ""us-central1-a"", ""vm"": ""8057035535632679842""}",0
2026-09-27T02:35:29.727197Z,"{""command"": ""kworker/1:1-mm_percpu_wq"", ""command_line"": """", ""owner"": ""root"", ""pid"": ""6181"", ""process"": ""all"", ""resource_instance_id"": ""8057035535632679842"", ""resource_project_id"": ""proyecto-2-cloud-509714"", ""resource_type"": ""gce_instance"", ""resource_zone"": ""us-central1-a"", ""vm"": ""8057035535632679842""}",0
2026-09-27T02:34:59.733268Z,"{""command"": ""kworker/1:1-mm_percpu_wq"", ""command_line"": """", ""owner"": ""root"", ""pid"": ""6181"", ""process"": ""all"", ""resource_instance_id"": ""8057035535632679842"", ""resource_project_id"": ""proyecto-2-cloud-509714"", ""resource_type"": ""gce_instance"", ""resource_zone"": ""us-central1-a"", ""vm"": ""8057035535632679842""}",0
2026-09-27T02:34:29.733046Z,"{""command"": ""kworker/1:1-mm_percpu_wq"", ""command_line"": """", ""owner"": ""root"", ""pid"": ""6181"", ""process"": ""all"", ""resource_instance_id"": ""8057035535632679842"", ""resource_project_id"": ""proyecto-2-cloud-509714"", ""resource_type"": ""gce_instance"", ""resource_zone"": ""us-central1-a"", ""vm"": ""8057035535632679842""}",0
2026-09-27T02:33:59.739140Z,"{""command"": ""kworker/1:1-mm_percpu_wq"", ""command_line"": """", ""owner"": ""root"", ""pid"": ""6181"", ""process"": ""all"", ""resource_instance_id"": ""8057035535632679842"", ""resource_project_id"": ""proyecto-2-cloud-509714"", ""resource_type"": ""gce_instance"", ""resource_zone"": ""us-central1-a"", ""vm"": ""8057035535632679842""}",0
2026-09-27T02:33:29.728048Z,"{""command"": ""kworker/1:1-mm_percpu_wq"", ""command_line"": """", ""owner"": ""root"", ""pid"": ""6181"", ""process"": ""all"", ""resource_instance_id"": ""8057035535632679842"", ""resource_project_id"": ""proyecto-2-cloud-509714"", ""resource_type"": ""gce_instance"", ""resource_zone"": ""us-central1-a"", ""vm"": ""8057035535632679842""}",0
2026-09-27T02:32:59.745494Z,"{""command"": ""kworker/1:1-mm_percpu_wq"", ""command_line"": """", ""owner"": ""root"", ""pid"": ""6181"", ""process"": ""all"", ""resource_instance_id"": ""8057035535632679842"", ""resource_project_id"": ""proyecto-2-cloud-509714"", ""resource_type"": ""gce_instance"", ""resource_zone"": ""us-central1-a"", ""vm"": ""8057035535632679842""}",0
2026-09-27T02:32:29.736920Z,"{""command"": ""kworker/1:1-mm_percpu_wq"", ""command_line"": """", ""owner"": ""root"", ""pid"": ""6181"", ""process"": ""all"", ""resource_instance_id"": ""8057035535632679842"", ""resource_project_id"": ""proyecto-2-cloud-509714"", ""resource_type"": ""gce_instance"", ""resource_zone"": ""us-central1-a"", ""vm"": ""8057035535632679842""}",0
2026-09-27T02:31:59.736843Z,"{""command"": ""kworker/1:1-mm_percpu_wq"", ""command_line"": """", ""owner"": ""root"", ""pid"": ""6181"", ""process"": ""all"", ""resource_instance_id"": ""8057035535632679842"", ""resource_project_id"": ""proyecto-2-cloud-509714"", ""resource_type"": ""gce_instance"", ""resource_zone"": ""us-central1-a"", ""vm"": ""8057035535632679842""}",0
2026-09-27T02:31:29.731226Z,"{""command"": ""kworker/1:1-mm_percpu_wq"", ""command_line"": """", ""owner"": ""root"", ""pid"": ""6181"", ""process"": ""all"", ""resource_instance_id"": ""8057035535632679842"", ""resource_project_id"": ""proyecto-2-cloud-509714"", ""resource_type"": ""gce_instance"", ""resource_zone"": ""us-central1-a"", ""vm"": ""8057035535632679842""}",0
2026-09-27T02:30:59.747886Z,"{""command"": ""kworker/1:1-mm_percpu_wq"", ""command_line"": """", ""owner"": ""root"", ""pid"": ""6181"", ""process"": ""all"", ""resource_instance_id"": ""8057035535632679842"", ""resource_project_id"": ""proyecto-2-cloud-509714"", ""resource_type"": ""gce_instance"", ""resource_zone"": ""us-central1-a"", ""vm"": ""8057035535632679842""}",0
2026-09-27T02:30:29.742145Z,"{""command"": ""kworker/1:1-mm_percpu_wq"", ""command_line"": """", ""owner"": ""root"", ""pid"": ""6181"", ""process"": ""all"", ""resource_instance_id"": ""8057035535632679842"", ""resource_project_id"": ""proyecto-2-cloud-509714"", ""resource_type"": ""gce_instance"", ""resource_zone"": ""us-central1-a"", ""vm"": ""8057035535632679842""}",0
2026-09-27T02:49:59.738177Z,"{""command"": ""kworker/1:1H-kblockd"", ""command_line"": """", ""owner"": ""root"", ""pid"": ""130"", ""process"": ""all"", ""resource_instance_id"": ""8057035535632679842"", ""resource_project_id"": ""proyecto-2-cloud-509714"", ""resource_type"": ""gce_instance"", ""resource_zone"": ""us-central1-a"", ""vm"": ""8057035535632679842""}",0
2026-09-27T02:49:29.734721Z,"{""command"": ""kworker/1:1H-kblockd"", ""command_line"": """", ""owner"": ""root"", ""pid"": ""130"", ""process"": ""all"", ""resource_instance_id"": ""8057035535632679842"", ""resource_project_id"": ""proyecto-2-cloud-509714"", ""resource_type"": ""gce_instance"", ""resource_zone"": ""us-central1-a"", ""vm"": ""8057035535632679842""}",0
2026-09-27T02:48:59.729571Z,"{""command"": ""kworker/1:1H-kblockd"", ""command_line"": """", ""owner"": ""root"", ""pid"": ""130"", ""process"": ""all"", ""resource_instance_id"": ""8057035535632679842"", ""resource_project_id"": ""proyecto-2-cloud-509714"", ""resource_type"": ""gce_instance"", ""resource_zone"": ""us-central1-a"", ""vm"": ""8057035535632679842""}",0
2026-09-27T02:48:29.736451Z,"{""command"": ""kworker/1:1H-kblockd"", ""command_line"": """", ""owner"": ""root"", ""pid"": ""130"", ""process"": ""all"", ""resource_instance_id"": ""8057035535632679842"", ""resource_project_id"": ""proyecto-2-cloud-509714"", ""resource_type"": ""gce_instance"", ""resource_zone"": ""us-central1-a"", ""vm"": ""8057035535632679842""}",0
2026-09-27T02:47:59.734093Z,"{""command"": ""kworker/1:1H-kblockd"", ""command_line"": """", ""owner"": ""root"", ""pid"": ""130"", ""process"": ""all"", ""resource_instance_id"": ""8057035535632679842"", ""resource_project_id"": ""proyecto-2-cloud-509714"", ""resource_type"": ""gce_instance"", ""resource_zone"": ""us-central1-a"", ""vm"": ""8057035535632679842""}",0
2026-09-27T02:47:29.731222Z,"{""command"": ""kworker/1:1H-kblockd"", ""command_line"": """", ""owner"": ""root"", ""pid"": ""130"", ""process"": ""all"", ""resource_instance_id"": ""8057035535632679842"", ""resource_project_id"": ""proyecto-2-cloud-509714"", ""resource_type"": ""gce_instance"", ""resource_zone"": ""us-central1-a"", ""vm"": ""8057035535632679842""}",0
2026-09-27T02:46:59.741745Z,"{""command"": ""kworker/1:1H-kblockd"", ""command_line"": """", ""owner"": ""root"", ""pid"": ""130"", ""process"": ""all"", ""resource_instance_id"": ""8057035535632679842"", ""resource_project_id"": ""proyecto-2-cloud-509714"", ""resource_type"": ""gce_instance"", ""resource_zone"": ""us-central1-a"", ""vm"": ""8057035535632679842""}",0
2026-09-27T02:46:29.736043Z,"{""command"": ""kworker/1:1H-kblockd"", ""command_line"": """", ""owner"": ""root"", ""pid"": ""130"", ""process"": ""all"", ""resource_instance_id"": ""8057035535632679842"", ""resource_project_id"": ""proyecto-2-cloud-509714"", ""resource_type"": ""gce_instance"", ""resource_zone"": ""us-central1-a"", ""vm"": ""8057035535632679842""}",0
2026-09-27T02:45:59.730607Z,"{""command"": ""kworker/1:1H-kblockd"", ""command_line"": """", ""owner"": ""root"", ""pid"": ""130"", ""process"": ""all"", ""resource_instance_id"": ""8057035535632679842"", ""resource_project_id"": ""proyecto-2-cloud-509714"", ""resource_type"": ""gce_instance"", ""resource_zone"": ""us-central1-a"", ""vm"": ""8057035535632679842""}",0
2026-09-27T02:45:29.736409Z,"{""command"": ""kworker/1:1H-kblockd"", ""command_line"": """", ""owner"": ""root"", ""pid"": ""130"", ""process"": ""all"", ""resource_instance_id"": ""8057035535632679842"", ""resource_project_id"": ""proyecto-2-cloud-509714"", ""resource_type"": ""gce_instance"", ""resource_zone"": ""us-central1-a"", ""vm"": ""8057035535632679842""}",0
2026-09-27T02:44:59.741773Z,"{""command"": ""kworker/1:1H-kblockd"", ""command_line"": """", ""owner"": ""root"", ""pid"": ""130"", ""process"": ""all"", ""resource_instance_id"": ""8057035535632679842"", ""resource_project_id"": ""proyecto-2-cloud-509714"", ""resource_type"": ""gce_instance"", ""resource_zone"": ""us-central1-a"", ""vm"": ""8057035535632679842""}",0
2026-09-27T02:44:29.738899Z,"{""command"": ""kworker/1:1H-kblockd"", ""command_line"": """", ""owner"": ""root"", ""pid"": ""130"", ""process"": ""all"", ""resource_instance_id"": ""8057035535632679842"", ""resource_project_id"": ""proyecto-2-cloud-509714"", ""resource_type"": ""gce_instance"", ""resource_zone"": ""us-central1-a"", ""vm"": ""8057035535632679842""}",0
2026-09-27T02:43:59.740446Z,"{""command"": ""kworker/1:1H-kblockd"", ""command_line"": """", ""owner"": ""root"", ""pid"": ""130"", ""process"": ""all"", ""resource_instance_id"": ""8057035535632679842"", ""resource_project_id"": ""proyecto-2-cloud-509714"", ""resource_type"": ""gce_instance"", ""resource_zone"": ""us-central1-a"", ""vm"": ""8057035535632679842""}",0
2026-09-27T02:43:29.741072Z,"{""command"": ""kworker/1:1H-kblockd"", ""command_line"": """", ""owner"": ""root"", ""pid"": ""130"", ""process"": ""all"", ""resource_instance_id"": ""8057035535632679842"", ""resource_project_id"": ""proyecto-2-cloud-509714"", ""resource_type"": ""gce_instance"", ""resource_zone"": ""us-central1-a"", ""vm"": ""8057035535632679842""}",0
2026-09-27T02:42:59.734955Z,"{""command"": ""kworker/1:1H-kblockd"", ""command_line"": """", ""owner"": ""root"", ""pid"": ""130"", ""process"": ""all"", ""resource_instance_id"": ""8057035535632679842"", ""resource_project_id"": ""proyecto-2-cloud-509714"", ""resource_type"": ""gce_instance"", ""resource_zone"": ""us-central1-a"", ""vm"": ""8057035535632679842""}",0
2026-09-27T02:42:29.760695Z,"{""command"": ""kworker/1:1H-kblockd"", ""command_line"": """", ""owner"": ""root"", ""pid"": ""130"", ""process"": ""all"", ""resource_instance_id"": ""8057035535632679842"", ""resource_project_id"": ""proyecto-2-cloud-509714"", ""resource_type"": ""gce_instance"", ""resource_zone"": ""us-central1-a"", ""vm"": ""8057035535632679842""}",0
2026-09-27T02:41:59.738157Z,"{""command"": ""kworker/1:1H-kblockd"", ""command_line"": """", ""owner"": ""root"", ""pid"": ""130"", ""process"": ""all"", ""resource_instance_id"": ""8057035535632679842"", ""resource_project_id"": ""proyecto-2-cloud-509714"", ""resource_type"": ""gce_instance"", ""resource_zone"": ""us-central1-a"", ""vm"": ""8057035535632679842""}",0
2026-09-27T02:41:29.741996Z,"{""command"": ""kworker/1:1H-kblockd"", ""command_line"": """", ""owner"": ""root"", ""pid"": ""130"", ""process"": ""all"", ""resource_instance_id"": ""8057035535632679842"", ""resource_project_id"": ""proyecto-2-cloud-509714"", ""resource_type"": ""gce_instance"", ""resource_zone"": ""us-central1-a"", ""vm"": ""8057035535632679842""}",0
2026-09-27T02:40:59.729631Z,"{""command"": ""kworker/1:1H-kblockd"", ""command_line"": """", ""owner"": ""root"", ""pid"": ""130"", ""process"": ""all"", ""resource_instance_id"": ""8057035535632679842"", ""resource_project_id"": ""proyecto-2-cloud-509714"", ""resource_type"": ""gce_instance"", ""resource_zone"": ""us-central1-a"", ""vm"": ""8057035535632679842""}",0
2026-09-27T02:40:29.727851Z,"{""command"": ""kworker/1:1H-kblockd"", ""command_line"": """", ""owner"": ""root"", ""pid"": ""130"", ""process"": ""all"", ""resource_instance_id"": ""8057035535632679842"", ""resource_project_id"": ""proyecto-2-cloud-509714"", ""resource_type"": ""gce_instance"", ""resource_zone"": ""us-central1-a"", ""vm"": ""8057035535632679842""}",0
2026-09-27T02:39:59.734457Z,"{""command"": ""kworker/1:1H-kblockd"", ""command_line"": """", ""owner"": ""root"", ""pid"": ""130"", ""process"": ""all"", ""resource_instance_id"": ""8057035535632679842"", ""resource_project_id"": ""proyecto-2-cloud-509714"", ""resource_type"": ""gce_instance"", ""resource_zone"": ""us-central1-a"", ""vm"": ""8057035535632679842""}",0
2026-09-27T02:39:29.729576Z,"{""command"": ""kworker/1:1H-kblockd"", ""command_line"": """", ""owner"": ""root"", ""pid"": ""130"", ""process"": ""all"", ""resource_instance_id"": ""8057035535632679842"", ""resource_project_id"": ""proyecto-2-cloud-509714"", ""resource_type"": ""gce_instance"", ""resource_zone"": ""us-central1-a"", ""vm"": ""8057035535632679842""}",0
2026-09-27T02:38:59.734792Z,"{""command"": ""kworker/1:1H-kblockd"", ""command_line"": """", ""owner"": ""root"", ""pid"": ""130"", ""process"": ""all"", ""resource_instance_id"": ""8057035535632679842"", ""resource_project_id"": ""proyecto-2-cloud-509714"", ""resource_type"": ""gce_instance"", ""resource_zone"": ""us-central1-a"", ""vm"": ""8057035535632679842""}",0
2026-09-27T02:38:29.726912Z,"{""command"": ""kworker/1:1H-kblockd"", ""command_line"": """", ""owner"": ""root"", ""pid"": ""130"", ""process"": ""all"", ""resource_instance_id"": ""8057035535632679842"", ""resource_project_id"": ""proyecto-2-cloud-509714"", ""resource_type"": ""gce_instance"", ""resource_zone"": ""us-central1-a"", ""vm"": ""8057035535632679842""}",0
2026-09-27T02:37:59.737334Z,"{""command"": ""kworker/1:1H-kblockd"", ""command_line"": """", ""owner"": ""root"", ""pid"": ""130"", ""process"": ""all"", ""resource_instance_id"": ""8057035535632679842"", ""resource_project_id"": ""proyecto-2-cloud-509714"", ""resource_type"": ""gce_instance"", ""resource_zone"": ""us-central1-a"", ""vm"": ""8057035535632679842""}",0
2026-09-27T02:37:29.731571Z,"{""command"": ""kworker/1:1H-kblockd"", ""command_line"": """", ""owner"": ""root"", ""pid"": ""130"", ""process"": ""all"", ""resource_instance_id"": ""8057035535632679842"", ""resource_project_id"": ""proyecto-2-cloud-509714"", ""resource_type"": ""gce_instance"", ""resource_zone"": ""us-central1-a"", ""vm"": ""8057035535632679842""}",0
2026-09-27T02:36:59.738518Z,"{""command"": ""kworker/1:1H-kblockd"", ""command_line"": """", ""owner"": ""root"", ""pid"": ""130"", ""process"": ""all"", ""resource_instance_id"": ""8057035535632679842"", ""resource_project_id"": ""proyecto-2-cloud-509714"", ""resource_type"": ""gce_instance"", ""resource_zone"": ""us-central1-a"", ""vm"": ""8057035535632679842""}",0
2026-09-27T02:36:29.733651Z,"{""command"": ""kworker/1:1H-kblockd"", ""command_line"": """", ""owner"": ""root"", ""pid"": ""130"", ""process"": ""all"", ""resource_instance_id"": ""8057035535632679842"", ""resource_project_id"": ""proyecto-2-cloud-509714"", ""resource_type"": ""gce_instance"", ""resource_zone"": ""us-central1-a"", ""vm"": ""8057035535632679842""}",0
2026-09-27T02:35:59.726481Z,"{""command"": ""kworker/1:1H-kblockd"", ""command_line"": """", ""owner"": ""root"", ""pid"": ""130"", ""process"": ""all"", ""resource_instance_id"": ""8057035535632679842"", ""resource_project_id"": ""proyecto-2-cloud-509714"", ""resource_type"": ""gce_instance"", ""resource_zone"": ""us-central1-a"", ""vm"": ""8057035535632679842""}",0
2026-09-27T02:35:29.725187Z,"{""command"": ""kworker/1:1H-kblockd"", ""command_line"": """", ""owner"": ""root"", ""pid"": ""130"", ""process"": ""all"", ""resource_instance_id"": ""8057035535632679842"", ""resource_project_id"": ""proyecto-2-cloud-509714"", ""resource_type"": ""gce_instance"", ""resource_zone"": ""us-central1-a"", ""vm"": ""8057035535632679842""}",0
2026-09-27T02:34:59.730109Z,"{""command"": ""kworker/1:1H-kblockd"", ""command_line"": """", ""owner"": ""root"", ""pid"": ""130"", ""process"": ""all"", ""resource_instance_id"": ""8057035535632679842"", ""resource_project_id"": ""proyecto-2-cloud-509714"", ""resource_type"": ""gce_instance"", ""resource_zone"": ""us-central1-a"", ""vm"": ""8057035535632679842""}",0
2026-09-27T02:34:29.729583Z,"{""command"": ""kworker/1:1H-kblockd"", ""command_line"": """", ""owner"": ""root"", ""pid"": ""130"", ""process"": ""all"", ""resource_instance_id"": ""8057035535632679842"", ""resource_project_id"": ""proyecto-2-cloud-509714"", ""resource_type"": ""gce_instance"", ""resource_zone"": ""us-central1-a"", ""vm"": ""8057035535632679842""}",0
2026-09-27T02:33:59.736688Z,"{""command"": ""kworker/1:1H-kblockd"", ""command_line"": """", ""owner"": ""root"", ""pid"": ""130"", ""process"": ""all"", ""resource_instance_id"": ""8057035535632679842"", ""resource_project_id"": ""proyecto-2-cloud-509714"", ""resource_type"": ""gce_instance"", ""resource_zone"": ""us-central1-a"", ""vm"": ""8057035535632679842""}",0
2026-09-27T02:33:29.725933Z,"{""command"": ""kworker/1:1H-kblockd"", ""command_line"": """", ""owner"": ""root"", ""pid"": ""130"", ""process"": ""all"", ""resource_instance_id"": ""8057035535632679842"", ""resource_project_id"": ""proyecto-2-cloud-509714"", ""resource_type"": ""gce_instance"", ""resource_zone"": ""us-central1-a"", ""vm"": ""8057035535632679842""}",0
2026-09-27T02:32:59.743139Z,"{""command"": ""kworker/1:1H-kblockd"", ""command_line"": """", ""owner"": ""root"", ""pid"": ""130"", ""process"": ""all"", ""resource_instance_id"": ""8057035535632679842"", ""resource_project_id"": ""proyecto-2-cloud-509714"", ""resource_type"": ""gce_instance"", ""resource_zone"": ""us-central1-a"", ""vm"": ""8057035535632679842""}",0
2026-09-27T02:32:29.734251Z,"{""command"": ""kworker/1:1H-kblockd"", ""command_line"": """", ""owner"": ""root"", ""pid"": ""130"", ""process"": ""all"", ""resource_instance_id"": ""8057035535632679842"", ""resource_project_id"": ""proyecto-2-cloud-509714"", ""resource_type"": ""gce_instance"", ""resource_zone"": ""us-central1-a"", ""vm"": ""8057035535632679842""}",0
2026-09-27T02:31:59.734412Z,"{""command"": ""kworker/1:1H-kblockd"", ""command_line"": """", ""owner"": ""root"", ""pid"": ""130"", ""process"": ""all"", ""resource_instance_id"": ""8057035535632679842"", ""resource_project_id"": ""proyecto-2-cloud-509714"", ""resource_type"": ""gce_instance"", ""resource_zone"": ""us-central1-a"", ""vm"": ""8057035535632679842""}",0
2026-09-27T02:31:29.728979Z,"{""command"": ""kworker/1:1H-kblockd"", ""command_line"": """", ""owner"": ""root"", ""pid"": ""130"", ""process"": ""all"", ""resource_instance_id"": ""8057035535632679842"", ""resource_project_id"": ""proyecto-2-cloud-509714"", ""resource_type"": ""gce_instance"", ""resource_zone"": ""us-central1-a"", ""vm"": ""8057035535632679842""}",0
2026-09-27T02:30:59.744645Z,"{""command"": ""kworker/1:1H-kblockd"", ""command_line"": """", ""owner"": ""root"", ""pid"": ""130"", ""process"": ""all"", ""resource_instance_id"": ""8057035535632679842"", ""resource_project_id"": ""proyecto-2-cloud-509714"", ""resource_type"": ""gce_instance"", ""resource_zone"": ""us-central1-a"", ""vm"": ""8057035535632679842""}",0
2026-09-27T02:30:29.739585Z,"{""command"": ""kworker/1:1H-kblockd"", ""command_line"": """", ""owner"": ""root"", ""pid"": ""130"", ""process"": ""all"", ""resource_instance_id"": ""8057035535632679842"", ""resource_project_id"": ""proyecto-2-cloud-509714"", ""resource_type"": ""gce_instance"", ""resource_zone"": ""us-central1-a"", ""vm"": ""8057035535632679842""}",0
2026-09-27T02:30:22.326039Z,"{""command"": ""kworker/1:1H-kblockd"", ""command_line"": """", ""owner"": ""root"", ""pid"": ""130"", ""process"": ""all"", ""resource_instance_id"": ""8057035535632679842"", ""resource_project_id"": ""proyecto-2-cloud-509714"", ""resource_type"": ""gce_instance"", ""resource_zone"": ""us-central1-a"", ""vm"": ""8057035535632679842""}",0
2026-09-27T02:32:29.737235Z,"{""command"": ""kworker/1:2"", ""command_line"": """", ""owner"": ""root"", ""pid"": ""6247"", ""process"": ""all"", ""resource_instance_id"": ""8057035535632679842"", ""resource_project_id"": ""proyecto-2-cloud-509714"", ""resource_type"": ""gce_instance"", ""resource_zone"": ""us-central1-a"", ""vm"": ""8057035535632679842""}",0
2026-09-27T02:31:59.737067Z,"{""command"": ""kworker/1:2"", ""command_line"": """", ""owner"": ""root"", ""pid"": ""6247"", ""process"": ""all"", ""resource_instance_id"": ""8057035535632679842"", ""resource_project_id"": ""proyecto-2-cloud-509714"", ""resource_type"": ""gce_instance"", ""resource_zone"": ""us-central1-a"", ""vm"": ""8057035535632679842""}",0
2026-09-27T02:31:29.731483Z,"{""command"": ""kworker/1:2"", ""command_line"": """", ""owner"": ""root"", ""pid"": ""6247"", ""process"": ""all"", ""resource_instance_id"": ""8057035535632679842"", ""resource_project_id"": ""proyecto-2-cloud-509714"", ""resource_type"": ""gce_instance"", ""resource_zone"": ""us-central1-a"", ""vm"": ""8057035535632679842""}",0
2026-09-27T02:30:59.748110Z,"{""command"": ""kworker/1:2"", ""command_line"": """", ""owner"": ""root"", ""pid"": ""6247"", ""process"": ""all"", ""resource_instance_id"": ""8057035535632679842"", ""resource_project_id"": ""proyecto-2-cloud-509714"", ""resource_type"": ""gce_instance"", ""resource_zone"": ""us-central1-a"", ""vm"": ""8057035535632679842""}",0
2026-09-27T02:30:29.742385Z,"{""command"": ""kworker/1:2"", ""command_line"": """", ""owner"": ""root"", ""pid"": ""6247"", ""process"": ""all"", ""resource_instance_id"": ""8057035535632679842"", ""resource_project_id"": ""proyecto-2-cloud-509714"", ""resource_type"": ""gce_instance"", ""resource_zone"": ""us-central1-a"", ""vm"": ""8057035535632679842""}",0
2026-09-27T02:30:22.329293Z,"{""command"": ""kworker/1:2"", ""command_line"": """", ""owner"": ""root"", ""pid"": ""6247"", ""process"": ""all"", ""resource_instance_id"": ""8057035535632679842"", ""resource_project_id"": ""proyecto-2-cloud-509714"", ""resource_type"": ""gce_instance"", ""resource_zone"": ""us-central1-a"", ""vm"": ""8057035535632679842""}",0
2026-09-27T02:49:59.744020Z,"{""command"": ""kworker/1:2-events"", ""command_line"": """", ""owner"": ""root"", ""pid"": ""10867"", ""process"": ""all"", ""resource_instance_id"": ""8057035535632679842"", ""resource_project_id"": ""proyecto-2-cloud-509714"", ""resource_type"": ""gce_instance"", ""resource_zone"": ""us-central1-a"", ""vm"": ""8057035535632679842""}",0
2026-09-27T02:49:29.738061Z,"{""command"": ""kworker/1:2-events"", ""command_line"": """", ""owner"": ""root"", ""pid"": ""10867"", ""process"": ""all"", ""resource_instance_id"": ""8057035535632679842"", ""resource_project_id"": ""proyecto-2-cloud-509714"", ""resource_type"": ""gce_instance"", ""resource_zone"": ""us-central1-a"", ""vm"": ""8057035535632679842""}",0
2026-09-27T02:48:59.734546Z,"{""command"": ""kworker/1:2-events"", ""command_line"": """", ""owner"": ""root"", ""pid"": ""10867"", ""process"": ""all"", ""resource_instance_id"": ""8057035535632679842"", ""resource_project_id"": ""proyecto-2-cloud-509714"", ""resource_type"": ""gce_instance"", ""resource_zone"": ""us-central1-a"", ""vm"": ""8057035535632679842""}",0
2026-09-27T02:48:29.741039Z,"{""command"": ""kworker/1:2-events"", ""command_line"": """", ""owner"": ""root"", ""pid"": ""10867"", ""process"": ""all"", ""resource_instance_id"": ""8057035535632679842"", ""resource_project_id"": ""proyecto-2-cloud-509714"", ""resource_type"": ""gce_instance"", ""resource_zone"": ""us-central1-a"", ""vm"": ""8057035535632679842""}",0
2026-09-27T02:47:59.737578Z,"{""command"": ""kworker/1:2-events"", ""command_line"": """", ""owner"": ""root"", ""pid"": ""10867"", ""process"": ""all"", ""resource_instance_id"": ""8057035535632679842"", ""resource_project_id"": ""proyecto-2-cloud-509714"", ""resource_type"": ""gce_instance"", ""resource_zone"": ""us-central1-a"", ""vm"": ""8057035535632679842""}",0
2026-09-27T02:47:29.734710Z,"{""command"": ""kworker/1:2-events"", ""command_line"": """", ""owner"": ""root"", ""pid"": ""10867"", ""process"": ""all"", ""resource_instance_id"": ""8057035535632679842"", ""resource_project_id"": ""proyecto-2-cloud-509714"", ""resource_type"": ""gce_instance"", ""resource_zone"": ""us-central1-a"", ""vm"": ""8057035535632679842""}",0
2026-09-27T02:46:59.745519Z,"{""command"": ""kworker/1:2-events"", ""command_line"": """", ""owner"": ""root"", ""pid"": ""10867"", ""process"": ""all"", ""resource_instance_id"": ""8057035535632679842"", ""resource_project_id"": ""proyecto-2-cloud-509714"", ""resource_type"": ""gce_instance"", ""resource_zone"": ""us-central1-a"", ""vm"": ""8057035535632679842""}",0
2026-09-27T02:46:29.742397Z,"{""command"": ""kworker/1:2-events"", ""command_line"": """", ""owner"": ""root"", ""pid"": ""10867"", ""process"": ""all"", ""resource_instance_id"": ""8057035535632679842"", ""resource_project_id"": ""proyecto-2-cloud-509714"", ""resource_type"": ""gce_instance"", ""resource_zone"": ""us-central1-a"", ""vm"": ""8057035535632679842""}",0
2026-09-27T02:45:59.733569Z,"{""command"": ""kworker/1:2-events"", ""command_line"": """", ""owner"": ""root"", ""pid"": ""10867"", ""process"": ""all"", ""resource_instance_id"": ""8057035535632679842"", ""resource_project_id"": ""proyecto-2-cloud-509714"", ""resource_type"": ""gce_instance"", ""resource_zone"": ""us-central1-a"", ""vm"": ""8057035535632679842""}",0
2026-09-27T02:45:29.739523Z,"{""command"": ""kworker/1:2-events"", ""command_line"": """", ""owner"": ""root"", ""pid"": ""10867"", ""process"": ""all"", ""resource_instance_id"": ""8057035535632679842"", ""resource_project_id"": ""proyecto-2-cloud-509714"", ""resource_type"": ""gce_instance"", ""resource_zone"": ""us-central1-a"", ""vm"": ""8057035535632679842""}",0
2026-09-27T02:44:59.745421Z,"{""command"": ""kworker/1:2-events"", ""command_line"": """", ""owner"": ""root"", ""pid"": ""10867"", ""process"": ""all"", ""resource_instance_id"": ""8057035535632679842"", ""resource_project_id"": ""proyecto-2-cloud-509714"", ""resource_type"": ""gce_instance"", ""resource_zone"": ""us-central1-a"", ""vm"": ""8057035535632679842""}",0
2026-09-27T02:44:29.742227Z,"{""command"": ""kworker/1:2-events"", ""command_line"": """", ""owner"": ""root"", ""pid"": ""10867"", ""process"": ""all"", ""resource_instance_id"": ""8057035535632679842"", ""resource_project_id"": ""proyecto-2-cloud-509714"", ""resource_type"": ""gce_instance"", ""resource_zone"": ""us-central1-a"", ""vm"": ""8057035535632679842""}",0
2026-09-27T02:43:59.744278Z,"{""command"": ""kworker/1:2-events"", ""command_line"": """", ""owner"": ""root"", ""pid"": ""10867"", ""process"": ""all"", ""resource_instance_id"": ""8057035535632679842"", ""resource_project_id"": ""proyecto-2-cloud-509714"", ""resource_type"": ""gce_instance"", ""resource_zone"": ""us-central1-a"", ""vm"": ""8057035535632679842""}",0
2026-09-27T02:43:29.746281Z,"{""command"": ""kworker/1:2-events"", ""command_line"": """", ""owner"": ""root"", ""pid"": ""10867"", ""process"": ""all"", ""resource_instance_id"": ""8057035535632679842"", ""resource_project_id"": ""proyecto-2-cloud-509714"", ""resource_type"": ""gce_instance"", ""resource_zone"": ""us-central1-a"", ""vm"": ""8057035535632679842""}",0
2026-09-27T02:42:59.738638Z,"{""command"": ""kworker/1:2-events"", ""command_line"": """", ""owner"": ""root"", ""pid"": ""10867"", ""process"": ""all"", ""resource_instance_id"": ""8057035535632679842"", ""resource_project_id"": ""proyecto-2-cloud-509714"", ""resource_type"": ""gce_instance"", ""resource_zone"": ""us-central1-a"", ""vm"": ""8057035535632679842""}",0
2026-09-27T02:42:29.764313Z,"{""command"": ""kworker/1:2-events"", ""command_line"": """", ""owner"": ""root"", ""pid"": ""10867"", ""process"": ""all"", ""resource_instance_id"": ""8057035535632679842"", ""resource_project_id"": ""proyecto-2-cloud-509714"", ""resource_type"": ""gce_instance"", ""resource_zone"": ""us-central1-a"", ""vm"": ""8057035535632679842""}",0
2026-09-27T02:41:59.742358Z,"{""command"": ""kworker/1:2-events"", ""command_line"": """", ""owner"": ""root"", ""pid"": ""10867"", ""process"": ""all"", ""resource_instance_id"": ""8057035535632679842"", ""resource_project_id"": ""proyecto-2-cloud-509714"", ""resource_type"": ""gce_instance"", ""resource_zone"": ""us-central1-a"", ""vm"": ""8057035535632679842""}",0
2026-09-27T02:41:29.745860Z,"{""command"": ""kworker/1:2-events"", ""command_line"": """", ""owner"": ""root"", ""pid"": ""10867"", ""process"": ""all"", ""resource_instance_id"": ""8057035535632679842"", ""resource_project_id"": ""proyecto-2-cloud-509714"", ""resource_type"": ""gce_instance"", ""resource_zone"": ""us-central1-a"", ""vm"": ""8057035535632679842""}",0
2026-09-27T02:40:59.734741Z,"{""command"": ""kworker/1:2-events"", ""command_line"": """", ""owner"": ""root"", ""pid"": ""10867"", ""process"": ""all"", ""resource_instance_id"": ""8057035535632679842"", ""resource_project_id"": ""proyecto-2-cloud-509714"", ""resource_type"": ""gce_instance"", ""resource_zone"": ""us-central1-a"", ""vm"": ""8057035535632679842""}",0
2026-09-27T02:40:29.728515Z,"{""command"": ""kworker/1:3-cgroup_free"", ""command_line"": """", ""owner"": ""root"", ""pid"": ""252"", ""process"": ""all"", ""resource_instance_id"": ""8057035535632679842"", ""resource_project_id"": ""proyecto-2-cloud-509714"", ""resource_type"": ""gce_instance"", ""resource_zone"": ""us-central1-a"", ""vm"": ""8057035535632679842""}",0
2026-09-27T02:39:59.735551Z,"{""command"": ""kworker/1:3-cgroup_free"", ""command_line"": """", ""owner"": ""root"", ""pid"": ""252"", ""process"": ""all"", ""resource_instance_id"": ""8057035535632679842"", ""resource_project_id"": ""proyecto-2-cloud-509714"", ""resource_type"": ""gce_instance"", ""resource_zone"": ""us-central1-a"", ""vm"": ""8057035535632679842""}",0
2026-09-27T02:39:29.730110Z,"{""command"": ""kworker/1:3-cgroup_free"", ""command_line"": """", ""owner"": ""root"", ""pid"": ""252"", ""process"": ""all"", ""resource_instance_id"": ""8057035535632679842"", ""resource_project_id"": ""proyecto-2-cloud-509714"", ""resource_type"": ""gce_instance"", ""resource_zone"": ""us-central1-a"", ""vm"": ""8057035535632679842""}",0
2026-09-27T02:38:59.735697Z,"{""command"": ""kworker/1:3-cgroup_free"", ""command_line"": """", ""owner"": ""root"", ""pid"": ""252"", ""process"": ""all"", ""resource_instance_id"": ""8057035535632679842"", ""resource_project_id"": ""proyecto-2-cloud-509714"", ""resource_type"": ""gce_instance"", ""resource_zone"": ""us-central1-a"", ""vm"": ""8057035535632679842""}",0
2026-09-27T02:38:29.727480Z,"{""command"": ""kworker/1:3-cgroup_free"", ""command_line"": """", ""owner"": ""root"", ""pid"": ""252"", ""process"": ""all"", ""resource_instance_id"": ""8057035535632679842"", ""resource_project_id"": ""proyecto-2-cloud-509714"", ""resource_type"": ""gce_instance"", ""resource_zone"": ""us-central1-a"", ""vm"": ""8057035535632679842""}",0
2026-09-27T02:37:59.737959Z,"{""command"": ""kworker/1:3-cgroup_free"", ""command_line"": """", ""owner"": ""root"", ""pid"": ""252"", ""process"": ""all"", ""resource_instance_id"": ""8057035535632679842"", ""resource_project_id"": ""proyecto-2-cloud-509714"", ""resource_type"": ""gce_instance"", ""resource_zone"": ""us-central1-a"", ""vm"": ""8057035535632679842""}",0
2026-09-27T02:37:29.732197Z,"{""command"": ""kworker/1:3-cgroup_free"", ""command_line"": """", ""owner"": ""root"", ""pid"": ""252"", ""process"": ""all"", ""resource_instance_id"": ""8057035535632679842"", ""resource_project_id"": ""proyecto-2-cloud-509714"", ""resource_type"": ""gce_instance"", ""resource_zone"": ""us-central1-a"", ""vm"": ""8057035535632679842""}",0
2026-09-27T02:36:59.739448Z,"{""command"": ""kworker/1:3-cgroup_free"", ""command_line"": """", ""owner"": ""root"", ""pid"": ""252"", ""process"": ""all"", ""resource_instance_id"": ""8057035535632679842"", ""resource_project_id"": ""proyecto-2-cloud-509714"", ""resource_type"": ""gce_instance"", ""resource_zone"": ""us-central1-a"", ""vm"": ""8057035535632679842""}",0
2026-09-27T02:36:29.734564Z,"{""command"": ""kworker/1:3-cgroup_free"", ""command_line"": """", ""owner"": ""root"", ""pid"": ""252"", ""process"": ""all"", ""resource_instance_id"": ""8057035535632679842"", ""resource_project_id"": ""proyecto-2-cloud-509714"", ""resource_type"": ""gce_instance"", ""resource_zone"": ""us-central1-a"", ""vm"": ""8057035535632679842""}",0
2026-09-27T02:35:59.727178Z,"{""command"": ""kworker/1:3-cgroup_free"", ""command_line"": """", ""owner"": ""root"", ""pid"": ""252"", ""process"": ""all"", ""resource_instance_id"": ""8057035535632679842"", ""resource_project_id"": ""proyecto-2-cloud-509714"", ""resource_type"": ""gce_instance"", ""resource_zone"": ""us-central1-a"", ""vm"": ""8057035535632679842""}",0
2026-09-27T02:35:29.725700Z,"{""command"": ""kworker/1:3-cgroup_free"", ""command_line"": """", ""owner"": ""root"", ""pid"": ""252"", ""process"": ""all"", ""resource_instance_id"": ""8057035535632679842"", ""resource_project_id"": ""proyecto-2-cloud-509714"", ""resource_type"": ""gce_instance"", ""resource_zone"": ""us-central1-a"", ""vm"": ""8057035535632679842""}",0
2026-09-27T02:34:59.730863Z,"{""command"": ""kworker/1:3-cgwb_release"", ""command_line"": """", ""owner"": ""root"", ""pid"": ""252"", ""process"": ""all"", ""resource_instance_id"": ""8057035535632679842"", ""resource_project_id"": ""proyecto-2-cloud-509714"", ""resource_type"": ""gce_instance"", ""resource_zone"": ""us-central1-a"", ""vm"": ""8057035535632679842""}",0
2026-09-27T02:34:29.730222Z,"{""command"": ""kworker/1:3-cgwb_release"", ""command_line"": """", ""owner"": ""root"", ""pid"": ""252"", ""process"": ""all"", ""resource_instance_id"": ""8057035535632679842"", ""resource_project_id"": ""proyecto-2-cloud-509714"", ""resource_type"": ""gce_instance"", ""resource_zone"": ""us-central1-a"", ""vm"": ""8057035535632679842""}",0
2026-09-27T02:33:59.737270Z,"{""command"": ""kworker/1:3-cgwb_release"", ""command_line"": """", ""owner"": ""root"", ""pid"": ""252"", ""process"": ""all"", ""resource_instance_id"": ""8057035535632679842"", ""resource_project_id"": ""proyecto-2-cloud-509714"", ""resource_type"": ""gce_instance"", ""resource_zone"": ""us-central1-a"", ""vm"": ""8057035535632679842""}",0
2026-09-27T02:33:29.726470Z,"{""command"": ""kworker/1:3-cgwb_release"", ""command_line"": """", ""owner"": ""root"", ""pid"": ""252"", ""process"": ""all"", ""resource_instance_id"": ""8057035535632679842"", ""resource_project_id"": ""proyecto-2-cloud-509714"", ""resource_type"": ""gce_instance"", ""resource_zone"": ""us-central1-a"", ""vm"": ""8057035535632679842""}",0
2026-09-27T02:32:59.743751Z,"{""command"": ""kworker/1:3-cgwb_release"", ""command_line"": """", ""owner"": ""root"", ""pid"": ""252"", ""process"": ""all"", ""resource_instance_id"": ""8057035535632679842"", ""resource_project_id"": ""proyecto-2-cloud-509714"", ""resource_type"": ""gce_instance"", ""resource_zone"": ""us-central1-a"", ""vm"": ""8057035535632679842""}",0
2026-09-27T02:32:29.735191Z,"{""command"": ""kworker/1:3-cgwb_release"", ""command_line"": """", ""owner"": ""root"", ""pid"": ""252"", ""process"": ""all"", ""resource_instance_id"": ""8057035535632679842"", ""resource_project_id"": ""proyecto-2-cloud-509714"", ""resource_type"": ""gce_instance"", ""resource_zone"": ""us-central1-a"", ""vm"": ""8057035535632679842""}",0
2026-09-27T02:31:59.735169Z,"{""command"": ""kworker/1:3-cgwb_release"", ""command_line"": """", ""owner"": ""root"", ""pid"": ""252"", ""process"": ""all"", ""resource_instance_id"": ""8057035535632679842"", ""resource_project_id"": ""proyecto-2-cloud-509714"", ""resource_type"": ""gce_instance"", ""resource_zone"": ""us-central1-a"", ""vm"": ""8057035535632679842""}",0
2026-09-27T02:31:29.729519Z,"{""command"": ""kworker/1:3-cgwb_release"", ""command_line"": """", ""owner"": ""root"", ""pid"": ""252"", ""process"": ""all"", ""resource_instance_id"": ""8057035535632679842"", ""resource_project_id"": ""proyecto-2-cloud-509714"", ""resource_type"": ""gce_instance"", ""resource_zone"": ""us-central1-a"", ""vm"": ""8057035535632679842""}",0
2026-09-27T02:30:59.745780Z,"{""command"": ""kworker/1:3-cgwb_release"", ""command_line"": """", ""owner"": ""root"", ""pid"": ""252"", ""process"": ""all"", ""resource_instance_id"": ""8057035535632679842"", ""resource_project_id"": ""proyecto-2-cloud-509714"", ""resource_type"": ""gce_instance"", ""resource_zone"": ""us-central1-a"", ""vm"": ""8057035535632679842""}",0
2026-09-27T02:30:29.740271Z,"{""command"": ""kworker/1:3-cgwb_release"", ""command_line"": """", ""owner"": ""root"", ""pid"": ""252"", ""process"": ""all"", ""resource_instance_id"": ""8057035535632679842"", ""resource_project_id"": ""proyecto-2-cloud-509714"", ""resource_type"": ""gce_instance"", ""resource_zone"": ""us-central1-a"", ""vm"": ""8057035535632679842""}",0
2026-09-27T02:30:22.326853Z,"{""command"": ""kworker/1:3-events"", ""command_line"": """", ""owner"": ""root"", ""pid"": ""252"", ""process"": ""all"", ""resource_instance_id"": ""8057035535632679842"", ""resource_project_id"": ""proyecto-2-cloud-509714"", ""resource_type"": ""gce_instance"", ""resource_zone"": ""us-central1-a"", ""vm"": ""8057035535632679842""}",0
2026-09-27T02:47:59.737812Z,"{""command"": ""kworker/u4:0-events_unbound"", ""command_line"": """", ""owner"": ""root"", ""pid"": ""10958"", ""process"": ""all"", ""resource_instance_id"": ""8057035535632679842"", ""resource_project_id"": ""proyecto-2-cloud-509714"", ""resource_type"": ""gce_instance"", ""resource_zone"": ""us-central1-a"", ""vm"": ""8057035535632679842""}",0
2026-09-27T02:47:29.734965Z,"{""command"": ""kworker/u4:0-events_unbound"", ""command_line"": """", ""owner"": ""root"", ""pid"": ""10958"", ""process"": ""all"", ""resource_instance_id"": ""8057035535632679842"", ""resource_project_id"": ""proyecto-2-cloud-509714"", ""resource_type"": ""gce_instance"", ""resource_zone"": ""us-central1-a"", ""vm"": ""8057035535632679842""}",0
2026-09-27T02:46:59.745760Z,"{""command"": ""kworker/u4:0-events_unbound"", ""command_line"": """", ""owner"": ""root"", ""pid"": ""10958"", ""process"": ""all"", ""resource_instance_id"": ""8057035535632679842"", ""resource_project_id"": ""proyecto-2-cloud-509714"", ""resource_type"": ""gce_instance"", ""resource_zone"": ""us-central1-a"", ""vm"": ""8057035535632679842""}",0
2026-09-27T02:46:29.743074Z,"{""command"": ""kworker/u4:0-events_unbound"", ""command_line"": """", ""owner"": ""root"", ""pid"": ""10958"", ""process"": ""all"", ""resource_instance_id"": ""8057035535632679842"", ""resource_project_id"": ""proyecto-2-cloud-509714"", ""resource_type"": ""gce_instance"", ""resource_zone"": ""us-central1-a"", ""vm"": ""8057035535632679842""}",0
2026-09-27T02:45:59.733784Z,"{""command"": ""kworker/u4:0-events_unbound"", ""command_line"": """", ""owner"": ""root"", ""pid"": ""10958"", ""process"": ""all"", ""resource_instance_id"": ""8057035535632679842"", ""resource_project_id"": ""proyecto-2-cloud-509714"", ""resource_type"": ""gce_instance"", ""resource_zone"": ""us-central1-a"", ""vm"": ""8057035535632679842""}",0
2026-09-27T02:45:29.739732Z,"{""command"": ""kworker/u4:0-events_unbound"", ""command_line"": """", ""owner"": ""root"", ""pid"": ""10958"", ""process"": ""all"", ""resource_instance_id"": ""8057035535632679842"", ""resource_project_id"": ""proyecto-2-cloud-509714"", ""resource_type"": ""gce_instance"", ""resource_zone"": ""us-central1-a"", ""vm"": ""8057035535632679842""}",0
2026-09-27T02:49:29.738503Z,"{""command"": ""kworker/u4:0-flush-8:0"", ""command_line"": """", ""owner"": ""root"", ""pid"": ""10958"", ""process"": ""all"", ""resource_instance_id"": ""8057035535632679842"", ""resource_project_id"": ""proyecto-2-cloud-509714"", ""resource_type"": ""gce_instance"", ""resource_zone"": ""us-central1-a"", ""vm"": ""8057035535632679842""}",0
2026-09-27T02:48:59.734936Z,"{""command"": ""kworker/u4:0-flush-8:0"", ""command_line"": """", ""owner"": ""root"", ""pid"": ""10958"", ""process"": ""all"", ""resource_instance_id"": ""8057035535632679842"", ""resource_project_id"": ""proyecto-2-cloud-509714"", ""resource_type"": ""gce_instance"", ""resource_zone"": ""us-central1-a"", ""vm"": ""8057035535632679842""}",0
2026-09-27T02:48:29.741444Z,"{""command"": ""kworker/u4:0-flush-8:0"", ""command_line"": """", ""owner"": ""root"", ""pid"": ""10958"", ""process"": ""all"", ""resource_instance_id"": ""8057035535632679842"", ""resource_project_id"": ""proyecto-2-cloud-509714"", ""resource_type"": ""gce_instance"", ""resource_zone"": ""us-central1-a"", ""vm"": ""8057035535632679842""}",0
2026-09-27T02:44:59.745658Z,"{""command"": ""kworker/u4:0-flush-8:0"", ""command_line"": """", ""owner"": ""root"", ""pid"": ""10958"", ""process"": ""all"", ""resource_instance_id"": ""8057035535632679842"", ""resource_project_id"": ""proyecto-2-cloud-509714"", ""resource_type"": ""gce_instance"", ""resource_zone"": ""us-central1-a"", ""vm"": ""8057035535632679842""}",0
2026-09-27T02:44:29.742470Z,"{""command"": ""kworker/u4:0-flush-8:0"", ""command_line"": """", ""owner"": ""root"", ""pid"": ""10958"", ""process"": ""all"", ""resource_instance_id"": ""8057035535632679842"", ""resource_project_id"": ""proyecto-2-cloud-509714"", ""resource_type"": ""gce_instance"", ""resource_zone"": ""us-central1-a"", ""vm"": ""8057035535632679842""}",0
2026-09-27T02:43:59.744523Z,"{""command"": ""kworker/u4:0-flush-8:0"", ""command_line"": """", ""owner"": ""root"", ""pid"": ""10958"", ""process"": ""all"", ""resource_instance_id"": ""8057035535632679842"", ""resource_project_id"": ""proyecto-2-cloud-509714"", ""resource_type"": ""gce_instance"", ""resource_zone"": ""us-central1-a"", ""vm"": ""8057035535632679842""}",0
2026-09-27T02:43:29.746548Z,"{""command"": ""kworker/u4:0-flush-8:0"", ""command_line"": """", ""owner"": ""root"", ""pid"": ""10958"", ""process"": ""all"", ""resource_instance_id"": ""8057035535632679842"", ""resource_project_id"": ""proyecto-2-cloud-509714"", ""resource_type"": ""gce_instance"", ""resource_zone"": ""us-central1-a"", ""vm"": ""8057035535632679842""}",0
2026-09-27T02:42:59.738909Z,"{""command"": ""kworker/u4:0-flush-8:0"", ""command_line"": """", ""owner"": ""root"", ""pid"": ""10958"", ""process"": ""all"", ""resource_instance_id"": ""8057035535632679842"", ""resource_project_id"": ""proyecto-2-cloud-509714"", ""resource_type"": ""gce_instance"", ""resource_zone"": ""us-central1-a"", ""vm"": ""8057035535632679842""}",0
2026-09-27T02:42:29.764535Z,"{""command"": ""kworker/u4:0-flush-8:0"", ""command_line"": """", ""owner"": ""root"", ""pid"": ""10958"", ""process"": ""all"", ""resource_instance_id"": ""8057035535632679842"", ""resource_project_id"": ""proyecto-2-cloud-509714"", ""resource_type"": ""gce_instance"", ""resource_zone"": ""us-central1-a"", ""vm"": ""8057035535632679842""}",0
2026-09-27T02:41:59.742720Z,"{""command"": ""kworker/u4:0-flush-8:0"", ""command_line"": """", ""owner"": ""root"", ""pid"": ""10958"", ""process"": ""all"", ""resource_instance_id"": ""8057035535632679842"", ""resource_project_id"": ""proyecto-2-cloud-509714"", ""resource_type"": ""gce_instance"", ""resource_zone"": ""us-central1-a"", ""vm"": ""8057035535632679842""}",0
2026-09-27T02:41:29.746099Z,"{""command"": ""kworker/u4:0-flush-8:0"", ""command_line"": """", ""owner"": ""root"", ""pid"": ""10958"", ""process"": ""all"", ""resource_instance_id"": ""8057035535632679842"", ""resource_project_id"": ""proyecto-2-cloud-509714"", ""resource_type"": ""gce_instance"", ""resource_zone"": ""us-central1-a"", ""vm"": ""8057035535632679842""}",0
2026-09-27T02:33:59.739082Z,"{""command"": ""kworker/u4:0-flush-8:0"", ""command_line"": """", ""owner"": ""root"", ""pid"": ""6036"", ""process"": ""all"", ""resource_instance_id"": ""8057035535632679842"", ""resource_project_id"": ""proyecto-2-cloud-509714"", ""resource_type"": ""gce_instance"", ""resource_zone"": ""us-central1-a"", ""vm"": ""8057035535632679842""}",0
2026-09-27T02:33:29.727997Z,"{""command"": ""kworker/u4:0-flush-8:0"", ""command_line"": """", ""owner"": ""root"", ""pid"": ""6036"", ""process"": ""all"", ""resource_instance_id"": ""8057035535632679842"", ""resource_project_id"": ""proyecto-2-cloud-509714"", ""resource_type"": ""gce_instance"", ""resource_zone"": ""us-central1-a"", ""vm"": ""8057035535632679842""}",0
2026-09-27T02:32:59.745434Z,"{""command"": ""kworker/u4:0-flush-8:0"", ""command_line"": """", ""owner"": ""root"", ""pid"": ""6036"", ""process"": ""all"", ""resource_instance_id"": ""8057035535632679842"", ""resource_project_id"": ""proyecto-2-cloud-509714"", ""resource_type"": ""gce_instance"", ""resource_zone"": ""us-central1-a"", ""vm"": ""8057035535632679842""}",0
2026-09-27T02:32:29.736817Z,"{""command"": ""kworker/u4:0-flush-8:0"", ""command_line"": """", ""owner"": ""root"", ""pid"": ""6036"", ""process"": ""all"", ""resource_instance_id"": ""8057035535632679842"", ""resource_project_id"": ""proyecto-2-cloud-509714"", ""resource_type"": ""gce_instance"", ""resource_zone"": ""us-central1-a"", ""vm"": ""8057035535632679842""}",0
2026-09-27T02:31:59.736790Z,"{""command"": ""kworker/u4:0-flush-8:0"", ""command_line"": """", ""owner"": ""root"", ""pid"": ""6036"", ""process"": ""all"", ""resource_instance_id"": ""8057035535632679842"", ""resource_project_id"": ""proyecto-2-cloud-509714"", ""resource_type"": ""gce_instance"", ""resource_zone"": ""us-central1-a"", ""vm"": ""8057035535632679842""}",0
2026-09-27T02:31:29.731174Z,"{""command"": ""kworker/u4:0-flush-8:0"", ""command_line"": """", ""owner"": ""root"", ""pid"": ""6036"", ""process"": ""all"", ""resource_instance_id"": ""8057035535632679842"", ""resource_project_id"": ""proyecto-2-cloud-509714"", ""resource_type"": ""gce_instance"", ""resource_zone"": ""us-central1-a"", ""vm"": ""8057035535632679842""}",0
2026-09-27T02:30:59.747829Z,"{""command"": ""kworker/u4:0-flush-8:0"", ""command_line"": """", ""owner"": ""root"", ""pid"": ""6036"", ""process"": ""all"", ""resource_instance_id"": ""8057035535632679842"", ""resource_project_id"": ""proyecto-2-cloud-509714"", ""resource_type"": ""gce_instance"", ""resource_zone"": ""us-central1-a"", ""vm"": ""8057035535632679842""}",0
2026-09-27T02:30:29.742085Z,"{""command"": ""kworker/u4:0-flush-8:0"", ""command_line"": """", ""owner"": ""root"", ""pid"": ""6036"", ""process"": ""all"", ""resource_instance_id"": ""8057035535632679842"", ""resource_project_id"": ""proyecto-2-cloud-509714"", ""resource_type"": ""gce_instance"", ""resource_zone"": ""us-central1-a"", ""vm"": ""8057035535632679842""}",0
2026-09-27T02:30:22.328993Z,"{""command"": ""kworker/u4:0-flush-8:0"", ""command_line"": """", ""owner"": ""root"", ""pid"": ""6036"", ""process"": ""all"", ""resource_instance_id"": ""8057035535632679842"", ""resource_project_id"": ""proyecto-2-cloud-509714"", ""resource_type"": ""gce_instance"", ""resource_zone"": ""us-central1-a"", ""vm"": ""8057035535632679842""}",0
2026-09-27T02:49:59.744487Z,"{""command"": ""kworker/u4:0-writeback"", ""command_line"": """", ""owner"": ""root"", ""pid"": ""10958"", ""process"": ""all"", ""resource_instance_id"": ""8057035535632679842"", ""resource_project_id"": ""proyecto-2-cloud-509714"", ""resource_type"": ""gce_instance"", ""resource_zone"": ""us-central1-a"", ""vm"": ""8057035535632679842""}",0
2026-09-27T02:49:29.738859Z,"{""command"": ""kworker/u4:1"", ""command_line"": """", ""owner"": ""root"", ""pid"": ""11956"", ""process"": ""all"", ""resource_instance_id"": ""8057035535632679842"", ""resource_project_id"": ""proyecto-2-cloud-509714"", ""resource_type"": ""gce_instance"", ""resource_zone"": ""us-central1-a"", ""vm"": ""8057035535632679842""}",0
2026-09-27T02:49:59.744713Z,"{""command"": ""kworker/u4:1-flush-8:0"", ""command_line"": """", ""owner"": ""root"", ""pid"": ""11956"", ""process"": ""all"", ""resource_instance_id"": ""8057035535632679842"", ""resource_project_id"": ""proyecto-2-cloud-509714"", ""resource_type"": ""gce_instance"", ""resource_zone"": ""us-central1-a"", ""vm"": ""8057035535632679842""}",0
2026-09-27T02:32:59.745554Z,"{""command"": ""kworker/u4:1-flush-8:0"", ""command_line"": """", ""owner"": ""root"", ""pid"": ""6187"", ""process"": ""all"", ""resource_instance_id"": ""8057035535632679842"", ""resource_project_id"": ""proyecto-2-cloud-509714"", ""resource_type"": ""gce_instance"", ""resource_zone"": ""us-central1-a"", ""vm"": ""8057035535632679842""}",0
2026-09-27T02:32:29.736995Z,"{""command"": ""kworker/u4:1-flush-8:0"", ""command_line"": """", ""owner"": ""root"", ""pid"": ""6187"", ""process"": ""all"", ""resource_instance_id"": ""8057035535632679842"", ""resource_project_id"": ""proyecto-2-cloud-509714"", ""resource_type"": ""gce_instance"", ""resource_zone"": ""us-central1-a"", ""vm"": ""8057035535632679842""}",0
2026-09-27T02:31:59.736900Z,"{""command"": ""kworker/u4:1-flush-8:0"", ""command_line"": """", ""owner"": ""root"", ""pid"": ""6187"", ""process"": ""all"", ""resource_instance_id"": ""8057035535632679842"", ""resource_project_id"": ""proyecto-2-cloud-509714"", ""resource_type"": ""gce_instance"", ""resource_zone"": ""us-central1-a"", ""vm"": ""8057035535632679842""}",0
2026-09-27T02:31:29.731275Z,"{""command"": ""kworker/u4:1-flush-8:0"", ""command_line"": """", ""owner"": ""root"", ""pid"": ""6187"", ""process"": ""all"", ""resource_instance_id"": ""8057035535632679842"", ""resource_project_id"": ""proyecto-2-cloud-509714"", ""resource_type"": ""gce_instance"", ""resource_zone"": ""us-central1-a"", ""vm"": ""8057035535632679842""}",0
2026-09-27T02:30:59.747942Z,"{""command"": ""kworker/u4:1-flush-8:0"", ""command_line"": """", ""owner"": ""root"", ""pid"": ""6187"", ""process"": ""all"", ""resource_instance_id"": ""8057035535632679842"", ""resource_project_id"": ""proyecto-2-cloud-509714"", ""resource_type"": ""gce_instance"", ""resource_zone"": ""us-central1-a"", ""vm"": ""8057035535632679842""}",0
2026-09-27T02:30:29.742206Z,"{""command"": ""kworker/u4:1-flush-8:0"", ""command_line"": """", ""owner"": ""root"", ""pid"": ""6187"", ""process"": ""all"", ""resource_instance_id"": ""8057035535632679842"", ""resource_project_id"": ""proyecto-2-cloud-509714"", ""resource_type"": ""gce_instance"", ""resource_zone"": ""us-central1-a"", ""vm"": ""8057035535632679842""}",0
2026-09-27T02:30:22.329113Z,"{""command"": ""kworker/u4:1-flush-8:0"", ""command_line"": """", ""owner"": ""root"", ""pid"": ""6187"", ""process"": ""all"", ""resource_instance_id"": ""8057035535632679842"", ""resource_project_id"": ""proyecto-2-cloud-509714"", ""resource_type"": ""gce_instance"", ""resource_zone"": ""us-central1-a"", ""vm"": ""8057035535632679842""}",0
2026-09-27T02:45:59.732552Z,"{""command"": ""kworker/u4:2-events_unbound"", ""command_line"": """", ""owner"": ""root"", ""pid"": ""6239"", ""process"": ""all"", ""resource_instance_id"": ""8057035535632679842"", ""resource_project_id"": ""proyecto-2-cloud-509714"", ""resource_type"": ""gce_instance"", ""resource_zone"": ""us-central1-a"", ""vm"": ""8057035535632679842""}",0
2026-09-27T02:45:29.738349Z,"{""command"": ""kworker/u4:2-events_unbound"", ""command_line"": """", ""owner"": ""root"", ""pid"": ""6239"", ""process"": ""all"", ""resource_instance_id"": ""8057035535632679842"", ""resource_project_id"": ""proyecto-2-cloud-509714"", ""resource_type"": ""gce_instance"", ""resource_zone"": ""us-central1-a"", ""vm"": ""8057035535632679842""}",0
2026-09-27T02:44:59.744193Z,"{""command"": ""kworker/u4:2-events_unbound"", ""command_line"": """", ""owner"": ""root"", ""pid"": ""6239"", ""process"": ""all"", ""resource_instance_id"": ""8057035535632679842"", ""resource_project_id"": ""proyecto-2-cloud-509714"", ""resource_type"": ""gce_instance"", ""resource_zone"": ""us-central1-a"", ""vm"": ""8057035535632679842""}",0
2026-09-27T02:44:29.741098Z,"{""command"": ""kworker/u4:2-events_unbound"", ""command_line"": """", ""owner"": ""root"", ""pid"": ""6239"", ""process"": ""all"", ""resource_instance_id"": ""8057035535632679842"", ""resource_project_id"": ""proyecto-2-cloud-509714"", ""resource_type"": ""gce_instance"", ""resource_zone"": ""us-central1-a"", ""vm"": ""8057035535632679842""}",0
2026-09-27T02:43:59.743002Z,"{""command"": ""kworker/u4:2-events_unbound"", ""command_line"": """", ""owner"": ""root"", ""pid"": ""6239"", ""process"": ""all"", ""resource_instance_id"": ""8057035535632679842"", ""resource_project_id"": ""proyecto-2-cloud-509714"", ""resource_type"": ""gce_instance"", ""resource_zone"": ""us-central1-a"", ""vm"": ""8057035535632679842""}",0
2026-09-27T02:43:29.744331Z,"{""command"": ""kworker/u4:2-events_unbound"", ""command_line"": """", ""owner"": ""root"", ""pid"": ""6239"", ""process"": ""all"", ""resource_instance_id"": ""8057035535632679842"", ""resource_project_id"": ""proyecto-2-cloud-509714"", ""resource_type"": ""gce_instance"", ""resource_zone"": ""us-central1-a"", ""vm"": ""8057035535632679842""}",0
2026-09-27T02:42:59.737202Z,"{""command"": ""kworker/u4:2-events_unbound"", ""command_line"": """", ""owner"": ""root"", ""pid"": ""6239"", ""process"": ""all"", ""resource_instance_id"": ""8057035535632679842"", ""resource_project_id"": ""proyecto-2-cloud-509714"", ""resource_type"": ""gce_instance"", ""resource_zone"": ""us-central1-a"", ""vm"": ""8057035535632679842""}",0
2026-09-27T02:42:29.763148Z,"{""command"": ""kworker/u4:2-events_unbound"", ""command_line"": """", ""owner"": ""root"", ""pid"": ""6239"", ""process"": ""all"", ""resource_instance_id"": ""8057035535632679842"", ""resource_project_id"": ""proyecto-2-cloud-509714"", ""resource_type"": ""gce_instance"", ""resource_zone"": ""us-central1-a"", ""vm"": ""8057035535632679842""}",0
2026-09-27T02:41:59.740918Z,"{""command"": ""kworker/u4:2-events_unbound"", ""command_line"": """", ""owner"": ""root"", ""pid"": ""6239"", ""process"": ""all"", ""resource_instance_id"": ""8057035535632679842"", ""resource_project_id"": ""proyecto-2-cloud-509714"", ""resource_type"": ""gce_instance"", ""resource_zone"": ""us-central1-a"", ""vm"": ""8057035535632679842""}",0
2026-09-27T02:41:29.744153Z,"{""command"": ""kworker/u4:2-events_unbound"", ""command_line"": """", ""owner"": ""root"", ""pid"": ""6239"", ""process"": ""all"", ""resource_instance_id"": ""8057035535632679842"", ""resource_project_id"": ""proyecto-2-cloud-509714"", ""resource_type"": ""gce_instance"", ""resource_zone"": ""us-central1-a"", ""vm"": ""8057035535632679842""}",0
2026-09-27T02:34:29.733220Z,"{""command"": ""kworker/u4:2-events_unbound"", ""command_line"": """", ""owner"": ""root"", ""pid"": ""6239"", ""process"": ""all"", ""resource_instance_id"": ""8057035535632679842"", ""resource_project_id"": ""proyecto-2-cloud-509714"", ""resource_type"": ""gce_instance"", ""resource_zone"": ""us-central1-a"", ""vm"": ""8057035535632679842""}",0
2026-09-27T02:32:29.737177Z,"{""command"": ""kworker/u4:2-events_unbound"", ""command_line"": """", ""owner"": ""root"", ""pid"": ""6239"", ""process"": ""all"", ""resource_instance_id"": ""8057035535632679842"", ""resource_project_id"": ""proyecto-2-cloud-509714"", ""resource_type"": ""gce_instance"", ""resource_zone"": ""us-central1-a"", ""vm"": ""8057035535632679842""}",0
2026-09-27T02:31:59.737010Z,"{""command"": ""kworker/u4:2-events_unbound"", ""command_line"": """", ""owner"": ""root"", ""pid"": ""6239"", ""process"": ""all"", ""resource_instance_id"": ""8057035535632679842"", ""resource_project_id"": ""proyecto-2-cloud-509714"", ""resource_type"": ""gce_instance"", ""resource_zone"": ""us-central1-a"", ""vm"": ""8057035535632679842""}",0
2026-09-27T02:31:29.731398Z,"{""command"": ""kworker/u4:2-events_unbound"", ""command_line"": """", ""owner"": ""root"", ""pid"": ""6239"", ""process"": ""all"", ""resource_instance_id"": ""8057035535632679842"", ""resource_project_id"": ""proyecto-2-cloud-509714"", ""resource_type"": ""gce_instance"", ""resource_zone"": ""us-central1-a"", ""vm"": ""8057035535632679842""}",0
2026-09-27T02:30:59.748055Z,"{""command"": ""kworker/u4:2-events_unbound"", ""command_line"": """", ""owner"": ""root"", ""pid"": ""6239"", ""process"": ""all"", ""resource_instance_id"": ""8057035535632679842"", ""resource_project_id"": ""proyecto-2-cloud-509714"", ""resource_type"": ""gce_instance"", ""resource_zone"": ""us-central1-a"", ""vm"": ""8057035535632679842""}",0
2026-09-27T02:40:59.732863Z,"{""command"": ""kworker/u4:2-flush-8:0"", ""command_line"": """", ""owner"": ""root"", ""pid"": ""6239"", ""process"": ""all"", ""resource_instance_id"": ""8057035535632679842"", ""resource_project_id"": ""proyecto-2-cloud-509714"", ""resource_type"": ""gce_instance"", ""resource_zone"": ""us-central1-a"", ""vm"": ""8057035535632679842""}",0
2026-09-27T02:40:29.730189Z,"{""command"": ""kworker/u4:2-flush-8:0"", ""command_line"": """", ""owner"": ""root"", ""pid"": ""6239"", ""process"": ""all"", ""resource_instance_id"": ""8057035535632679842"", ""resource_project_id"": ""proyecto-2-cloud-509714"", ""resource_type"": ""gce_instance"", ""resource_zone"": ""us-central1-a"", ""vm"": ""8057035535632679842""}",0
2026-09-27T02:39:59.740060Z,"{""command"": ""kworker/u4:2-flush-8:0"", ""command_line"": """", ""owner"": ""root"", ""pid"": ""6239"", ""process"": ""all"", ""resource_instance_id"": ""8057035535632679842"", ""resource_project_id"": ""proyecto-2-cloud-509714"", ""resource_type"": ""gce_instance"", ""resource_zone"": ""us-central1-a"", ""vm"": ""8057035535632679842""}",0
2026-09-27T02:39:29.731856Z,"{""command"": ""kworker/u4:2-flush-8:0"", ""command_line"": """", ""owner"": ""root"", ""pid"": ""6239"", ""process"": ""all"", ""resource_instance_id"": ""8057035535632679842"", ""resource_project_id"": ""proyecto-2-cloud-509714"", ""resource_type"": ""gce_instance"", ""resource_zone"": ""us-central1-a"", ""vm"": ""8057035535632679842""}",0
2026-09-27T02:38:59.738566Z,"{""command"": ""kworker/u4:2-flush-8:0"", ""command_line"": """", ""owner"": ""root"", ""pid"": ""6239"", ""process"": ""all"", ""resource_instance_id"": ""8057035535632679842"", ""resource_project_id"": ""proyecto-2-cloud-509714"", ""resource_type"": ""gce_instance"", ""resource_zone"": ""us-central1-a"", ""vm"": ""8057035535632679842""}",0
2026-09-27T02:38:29.728999Z,"{""command"": ""kworker/u4:2-flush-8:0"", ""command_line"": """", ""owner"": ""root"", ""pid"": ""6239"", ""process"": ""all"", ""resource_instance_id"": ""8057035535632679842"", ""resource_project_id"": ""proyecto-2-cloud-509714"", ""resource_type"": ""gce_instance"", ""resource_zone"": ""us-central1-a"", ""vm"": ""8057035535632679842""}",0
2026-09-27T02:37:59.739668Z,"{""command"": ""kworker/u4:2-flush-8:0"", ""command_line"": """", ""owner"": ""root"", ""pid"": ""6239"", ""process"": ""all"", ""resource_instance_id"": ""8057035535632679842"", ""resource_project_id"": ""proyecto-2-cloud-509714"", ""resource_type"": ""gce_instance"", ""resource_zone"": ""us-central1-a"", ""vm"": ""8057035535632679842""}",0
2026-09-27T02:37:29.733900Z,"{""command"": ""kworker/u4:2-flush-8:0"", ""command_line"": """", ""owner"": ""root"", ""pid"": ""6239"", ""process"": ""all"", ""resource_instance_id"": ""8057035535632679842"", ""resource_project_id"": ""proyecto-2-cloud-509714"", ""resource_type"": ""gce_instance"", ""resource_zone"": ""us-central1-a"", ""vm"": ""8057035535632679842""}",0
2026-09-27T02:36:59.741845Z,"{""command"": ""kworker/u4:2-flush-8:0"", ""command_line"": """", ""owner"": ""root"", ""pid"": ""6239"", ""process"": ""all"", ""resource_instance_id"": ""8057035535632679842"", ""resource_project_id"": ""proyecto-2-cloud-509714"", ""resource_type"": ""gce_instance"", ""resource_zone"": ""us-central1-a"", ""vm"": ""8057035535632679842""}",0
2026-09-27T02:36:29.737406Z,"{""command"": ""kworker/u4:2-flush-8:0"", ""command_line"": """", ""owner"": ""root"", ""pid"": ""6239"", ""process"": ""all"", ""resource_instance_id"": ""8057035535632679842"", ""resource_project_id"": ""proyecto-2-cloud-509714"", ""resource_type"": ""gce_instance"", ""resource_zone"": ""us-central1-a"", ""vm"": ""8057035535632679842""}",0
2026-09-27T02:35:59.730017Z,"{""command"": ""kworker/u4:2-flush-8:0"", ""command_line"": """", ""owner"": ""root"", ""pid"": ""6239"", ""process"": ""all"", ""resource_instance_id"": ""8057035535632679842"", ""resource_project_id"": ""proyecto-2-cloud-509714"", ""resource_type"": ""gce_instance"", ""resource_zone"": ""us-central1-a"", ""vm"": ""8057035535632679842""}",0
2026-09-27T02:35:29.727303Z,"{""command"": ""kworker/u4:2-flush-8:0"", ""command_line"": """", ""owner"": ""root"", ""pid"": ""6239"", ""process"": ""all"", ""resource_instance_id"": ""8057035535632679842"", ""resource_project_id"": ""proyecto-2-cloud-509714"", ""resource_type"": ""gce_instance"", ""resource_zone"": ""us-central1-a"", ""vm"": ""8057035535632679842""}",0
2026-09-27T02:34:59.733470Z,"{""command"": ""kworker/u4:2-flush-8:0"", ""command_line"": """", ""owner"": ""root"", ""pid"": ""6239"", ""process"": ""all"", ""resource_instance_id"": ""8057035535632679842"", ""resource_project_id"": ""proyecto-2-cloud-509714"", ""resource_type"": ""gce_instance"", ""resource_zone"": ""us-central1-a"", ""vm"": ""8057035535632679842""}",0
2026-09-27T02:33:59.739254Z,"{""command"": ""kworker/u4:2-flush-8:0"", ""command_line"": """", ""owner"": ""root"", ""pid"": ""6239"", ""process"": ""all"", ""resource_instance_id"": ""8057035535632679842"", ""resource_project_id"": ""proyecto-2-cloud-509714"", ""resource_type"": ""gce_instance"", ""resource_zone"": ""us-central1-a"", ""vm"": ""8057035535632679842""}",0
2026-09-27T02:33:29.728159Z,"{""command"": ""kworker/u4:2-flush-8:0"", ""command_line"": """", ""owner"": ""root"", ""pid"": ""6239"", ""process"": ""all"", ""resource_instance_id"": ""8057035535632679842"", ""resource_project_id"": ""proyecto-2-cloud-509714"", ""resource_type"": ""gce_instance"", ""resource_zone"": ""us-central1-a"", ""vm"": ""8057035535632679842""}",0
2026-09-27T02:32:59.745666Z,"{""command"": ""kworker/u4:2-flush-8:0"", ""command_line"": """", ""owner"": ""root"", ""pid"": ""6239"", ""process"": ""all"", ""resource_instance_id"": ""8057035535632679842"", ""resource_project_id"": ""proyecto-2-cloud-509714"", ""resource_type"": ""gce_instance"", ""resource_zone"": ""us-central1-a"", ""vm"": ""8057035535632679842""}",0
2026-09-27T02:30:29.742326Z,"{""command"": ""kworker/u4:2-flush-8:0"", ""command_line"": """", ""owner"": ""root"", ""pid"": ""6239"", ""process"": ""all"", ""resource_instance_id"": ""8057035535632679842"", ""resource_project_id"": ""proyecto-2-cloud-509714"", ""resource_type"": ""gce_instance"", ""resource_zone"": ""us-central1-a"", ""vm"": ""8057035535632679842""}",0
2026-09-27T02:30:22.329234Z,"{""command"": ""kworker/u4:2-writeback"", ""command_line"": """", ""owner"": ""root"", ""pid"": ""6239"", ""process"": ""all"", ""resource_instance_id"": ""8057035535632679842"", ""resource_project_id"": ""proyecto-2-cloud-509714"", ""resource_type"": ""gce_instance"", ""resource_zone"": ""us-central1-a"", ""vm"": ""8057035535632679842""}",0
2026-09-27T02:43:29.741534Z,"{""command"": ""kworker/u4:3-events_unbound"", ""command_line"": """", ""owner"": ""root"", ""pid"": ""234"", ""process"": ""all"", ""resource_instance_id"": ""8057035535632679842"", ""resource_project_id"": ""proyecto-2-cloud-509714"", ""resource_type"": ""gce_instance"", ""resource_zone"": ""us-central1-a"", ""vm"": ""8057035535632679842""}",0
2026-09-27T02:42:59.735387Z,"{""command"": ""kworker/u4:3-events_unbound"", ""command_line"": """", ""owner"": ""root"", ""pid"": ""234"", ""process"": ""all"", ""resource_instance_id"": ""8057035535632679842"", ""resource_project_id"": ""proyecto-2-cloud-509714"", ""resource_type"": ""gce_instance"", ""resource_zone"": ""us-central1-a"", ""vm"": ""8057035535632679842""}",0
2026-09-27T02:42:29.761305Z,"{""command"": ""kworker/u4:3-events_unbound"", ""command_line"": """", ""owner"": ""root"", ""pid"": ""234"", ""process"": ""all"", ""resource_instance_id"": ""8057035535632679842"", ""resource_project_id"": ""proyecto-2-cloud-509714"", ""resource_type"": ""gce_instance"", ""resource_zone"": ""us-central1-a"", ""vm"": ""8057035535632679842""}",0
2026-09-27T02:41:59.738719Z,"{""command"": ""kworker/u4:3-events_unbound"", ""command_line"": """", ""owner"": ""root"", ""pid"": ""234"", ""process"": ""all"", ""resource_instance_id"": ""8057035535632679842"", ""resource_project_id"": ""proyecto-2-cloud-509714"", ""resource_type"": ""gce_instance"", ""resource_zone"": ""us-central1-a"", ""vm"": ""8057035535632679842""}",0
2026-09-27T02:39:59.735220Z,"{""command"": ""kworker/u4:3-events_unbound"", ""command_line"": """", ""owner"": ""root"", ""pid"": ""234"", ""process"": ""all"", ""resource_instance_id"": ""8057035535632679842"", ""resource_project_id"": ""proyecto-2-cloud-509714"", ""resource_type"": ""gce_instance"", ""resource_zone"": ""us-central1-a"", ""vm"": ""8057035535632679842""}",0
2026-09-27T02:39:29.729934Z,"{""command"": ""kworker/u4:3-events_unbound"", ""command_line"": """", ""owner"": ""root"", ""pid"": ""234"", ""process"": ""all"", ""resource_instance_id"": ""8057035535632679842"", ""resource_project_id"": ""proyecto-2-cloud-509714"", ""resource_type"": ""gce_instance"", ""resource_zone"": ""us-central1-a"", ""vm"": ""8057035535632679842""}",0
2026-09-27T02:38:59.735427Z,"{""command"": ""kworker/u4:3-events_unbound"", ""command_line"": """", ""owner"": ""root"", ""pid"": ""234"", ""process"": ""all"", ""resource_instance_id"": ""8057035535632679842"", ""resource_project_id"": ""proyecto-2-cloud-509714"", ""resource_type"": ""gce_instance"", ""resource_zone"": ""us-central1-a"", ""vm"": ""8057035535632679842""}",0
2026-09-27T02:37:59.737777Z,"{""command"": ""kworker/u4:3-events_unbound"", ""command_line"": """", ""owner"": ""root"", ""pid"": ""234"", ""process"": ""all"", ""resource_instance_id"": ""8057035535632679842"", ""resource_project_id"": ""proyecto-2-cloud-509714"", ""resource_type"": ""gce_instance"", ""resource_zone"": ""us-central1-a"", ""vm"": ""8057035535632679842""}",0
2026-09-27T02:37:29.732020Z,"{""command"": ""kworker/u4:3-events_unbound"", ""command_line"": """", ""owner"": ""root"", ""pid"": ""234"", ""process"": ""all"", ""resource_instance_id"": ""8057035535632679842"", ""resource_project_id"": ""proyecto-2-cloud-509714"", ""resource_type"": ""gce_instance"", ""resource_zone"": ""us-central1-a"", ""vm"": ""8057035535632679842""}",0
2026-09-27T02:36:59.739183Z,"{""command"": ""kworker/u4:3-events_unbound"", ""command_line"": """", ""owner"": ""root"", ""pid"": ""234"", ""process"": ""all"", ""resource_instance_id"": ""8057035535632679842"", ""resource_project_id"": ""proyecto-2-cloud-509714"", ""resource_type"": ""gce_instance"", ""resource_zone"": ""us-central1-a"", ""vm"": ""8057035535632679842""}",0
2026-09-27T02:35:59.726960Z,"{""command"": ""kworker/u4:3-events_unbound"", ""command_line"": """", ""owner"": ""root"", ""pid"": ""234"", ""process"": ""all"", ""resource_instance_id"": ""8057035535632679842"", ""resource_project_id"": ""proyecto-2-cloud-509714"", ""resource_type"": ""gce_instance"", ""resource_zone"": ""us-central1-a"", ""vm"": ""8057035535632679842""}",0
2026-09-27T02:35:29.725540Z,"{""command"": ""kworker/u4:3-events_unbound"", ""command_line"": """", ""owner"": ""root"", ""pid"": ""234"", ""process"": ""all"", ""resource_instance_id"": ""8057035535632679842"", ""resource_project_id"": ""proyecto-2-cloud-509714"", ""resource_type"": ""gce_instance"", ""resource_zone"": ""us-central1-a"", ""vm"": ""8057035535632679842""}",0
2026-09-27T02:34:59.730635Z,"{""command"": ""kworker/u4:3-events_unbound"", ""command_line"": """", ""owner"": ""root"", ""pid"": ""234"", ""process"": ""all"", ""resource_instance_id"": ""8057035535632679842"", ""resource_project_id"": ""proyecto-2-cloud-509714"", ""resource_type"": ""gce_instance"", ""resource_zone"": ""us-central1-a"", ""vm"": ""8057035535632679842""}",0
2026-09-27T02:33:59.737095Z,"{""command"": ""kworker/u4:3-events_unbound"", ""command_line"": """", ""owner"": ""root"", ""pid"": ""234"", ""process"": ""all"", ""resource_instance_id"": ""8057035535632679842"", ""resource_project_id"": ""proyecto-2-cloud-509714"", ""resource_type"": ""gce_instance"", ""resource_zone"": ""us-central1-a"", ""vm"": ""8057035535632679842""}",0
2026-09-27T02:33:29.726299Z,"{""command"": ""kworker/u4:3-events_unbound"", ""command_line"": """", ""owner"": ""root"", ""pid"": ""234"", ""process"": ""all"", ""resource_instance_id"": ""8057035535632679842"", ""resource_project_id"": ""proyecto-2-cloud-509714"", ""resource_type"": ""gce_instance"", ""resource_zone"": ""us-central1-a"", ""vm"": ""8057035535632679842""}",0
2026-09-27T02:32:59.743567Z,"{""command"": ""kworker/u4:3-events_unbound"", ""command_line"": """", ""owner"": ""root"", ""pid"": ""234"", ""process"": ""all"", ""resource_instance_id"": ""8057035535632679842"", ""resource_project_id"": ""proyecto-2-cloud-509714"", ""resource_type"": ""gce_instance"", ""resource_zone"": ""us-central1-a"", ""vm"": ""8057035535632679842""}",0
2026-09-27T02:31:59.734999Z,"{""command"": ""kworker/u4:3-events_unbound"", ""command_line"": """", ""owner"": ""root"", ""pid"": ""234"", ""process"": ""all"", ""resource_instance_id"": ""8057035535632679842"", ""resource_project_id"": ""proyecto-2-cloud-509714"", ""resource_type"": ""gce_instance"", ""resource_zone"": ""us-central1-a"", ""vm"": ""8057035535632679842""}",0
2026-09-27T02:31:29.729346Z,"{""command"": ""kworker/u4:3-events_unbound"", ""command_line"": """", ""owner"": ""root"", ""pid"": ""234"", ""process"": ""all"", ""resource_instance_id"": ""8057035535632679842"", ""resource_project_id"": ""proyecto-2-cloud-509714"", ""resource_type"": ""gce_instance"", ""resource_zone"": ""us-central1-a"", ""vm"": ""8057035535632679842""}",0
2026-09-27T02:48:59.729950Z,"{""command"": ""kworker/u4:3-flush-8:0"", ""command_line"": """", ""owner"": ""root"", ""pid"": ""234"", ""process"": ""all"", ""resource_instance_id"": ""8057035535632679842"", ""resource_project_id"": ""proyecto-2-cloud-509714"", ""resource_type"": ""gce_instance"", ""resource_zone"": ""us-central1-a"", ""vm"": ""8057035535632679842""}",0
2026-09-27T02:48:29.736885Z,"{""command"": ""kworker/u4:3-flush-8:0"", ""command_line"": """", ""owner"": ""root"", ""pid"": ""234"", ""process"": ""all"", ""resource_instance_id"": ""8057035535632679842"", ""resource_project_id"": ""proyecto-2-cloud-509714"", ""resource_type"": ""gce_instance"", ""resource_zone"": ""us-central1-a"", ""vm"": ""8057035535632679842""}",0
2026-09-27T02:47:59.734473Z,"{""command"": ""kworker/u4:3-flush-8:0"", ""command_line"": """", ""owner"": ""root"", ""pid"": ""234"", ""process"": ""all"", ""resource_instance_id"": ""8057035535632679842"", ""resource_project_id"": ""proyecto-2-cloud-509714"", ""resource_type"": ""gce_instance"", ""resource_zone"": ""us-central1-a"", ""vm"": ""8057035535632679842""}",0
2026-09-27T02:47:29.731755Z,"{""command"": ""kworker/u4:3-flush-8:0"", ""command_line"": """", ""owner"": ""root"", ""pid"": ""234"", ""process"": ""all"", ""resource_instance_id"": ""8057035535632679842"", ""resource_project_id"": ""proyecto-2-cloud-509714"", ""resource_type"": ""gce_instance"", ""resource_zone"": ""us-central1-a"", ""vm"": ""8057035535632679842""}",0
2026-09-27T02:46:59.742337Z,"{""command"": ""kworker/u4:3-flush-8:0"", ""command_line"": """", ""owner"": ""root"", ""pid"": ""234"", ""process"": ""all"", ""resource_instance_id"": ""8057035535632679842"", ""resource_project_id"": ""proyecto-2-cloud-509714"", ""resource_type"": ""gce_instance"", ""resource_zone"": ""us-central1-a"", ""vm"": ""8057035535632679842""}",0
2026-09-27T02:46:29.736621Z,"{""command"": ""kworker/u4:3-flush-8:0"", ""command_line"": """", ""owner"": ""root"", ""pid"": ""234"", ""process"": ""all"", ""resource_instance_id"": ""8057035535632679842"", ""resource_project_id"": ""proyecto-2-cloud-509714"", ""resource_type"": ""gce_instance"", ""resource_zone"": ""us-central1-a"", ""vm"": ""8057035535632679842""}",0
2026-09-27T02:45:59.731016Z,"{""command"": ""kworker/u4:3-flush-8:0"", ""command_line"": """", ""owner"": ""root"", ""pid"": ""234"", ""process"": ""all"", ""resource_instance_id"": ""8057035535632679842"", ""resource_project_id"": ""proyecto-2-cloud-509714"", ""resource_type"": ""gce_instance"", ""resource_zone"": ""us-central1-a"", ""vm"": ""8057035535632679842""}",0
2026-09-27T02:45:29.736776Z,"{""command"": ""kworker/u4:3-flush-8:0"", ""command_line"": """", ""owner"": ""root"", ""pid"": ""234"", ""process"": ""all"", ""resource_instance_id"": ""8057035535632679842"", ""resource_project_id"": ""proyecto-2-cloud-509714"", ""resource_type"": ""gce_instance"", ""resource_zone"": ""us-central1-a"", ""vm"": ""8057035535632679842""}",0
2026-09-27T02:44:59.742200Z,"{""command"": ""kworker/u4:3-flush-8:0"", ""command_line"": """", ""owner"": ""root"", ""pid"": ""234"", ""process"": ""all"", ""resource_instance_id"": ""8057035535632679842"", ""resource_project_id"": ""proyecto-2-cloud-509714"", ""resource_type"": ""gce_instance"", ""resource_zone"": ""us-central1-a"", ""vm"": ""8057035535632679842""}",0
2026-09-27T02:44:29.739316Z,"{""command"": ""kworker/u4:3-flush-8:0"", ""command_line"": """", ""owner"": ""root"", ""pid"": ""234"", ""process"": ""all"", ""resource_instance_id"": ""8057035535632679842"", ""resource_project_id"": ""proyecto-2-cloud-509714"", ""resource_type"": ""gce_instance"", ""resource_zone"": ""us-central1-a"", ""vm"": ""8057035535632679842""}",0
2026-09-27T02:43:59.740870Z,"{""command"": ""kworker/u4:3-flush-8:0"", ""command_line"": """", ""owner"": ""root"", ""pid"": ""234"", ""process"": ""all"", ""resource_instance_id"": ""8057035535632679842"", ""resource_project_id"": ""proyecto-2-cloud-509714"", ""resource_type"": ""gce_instance"", ""resource_zone"": ""us-central1-a"", ""vm"": ""8057035535632679842""}",0
2026-09-27T02:41:29.742398Z,"{""command"": ""kworker/u4:3-flush-8:0"", ""command_line"": """", ""owner"": ""root"", ""pid"": ""234"", ""process"": ""all"", ""resource_instance_id"": ""8057035535632679842"", ""resource_project_id"": ""proyecto-2-cloud-509714"", ""resource_type"": ""gce_instance"", ""resource_zone"": ""us-central1-a"", ""vm"": ""8057035535632679842""}",0
2026-09-27T02:40:59.730007Z,"{""command"": ""kworker/u4:3-flush-8:0"", ""command_line"": """", ""owner"": ""root"", ""pid"": ""234"", ""process"": ""all"", ""resource_instance_id"": ""8057035535632679842"", ""resource_project_id"": ""proyecto-2-cloud-509714"", ""resource_type"": ""gce_instance"", ""resource_zone"": ""us-central1-a"", ""vm"": ""8057035535632679842""}",0
2026-09-27T02:40:29.728273Z,"{""command"": ""kworker/u4:3-flush-8:0"", ""command_line"": """", ""owner"": ""root"", ""pid"": ""234"", ""process"": ""all"", ""resource_instance_id"": ""8057035535632679842"", ""resource_project_id"": ""proyecto-2-cloud-509714"", ""resource_type"": ""gce_instance"", ""resource_zone"": ""us-central1-a"", ""vm"": ""8057035535632679842""}",0
2026-09-27T02:38:29.727318Z,"{""command"": ""kworker/u4:3-flush-8:0"", ""command_line"": """", ""owner"": ""root"", ""pid"": ""234"", ""process"": ""all"", ""resource_instance_id"": ""8057035535632679842"", ""resource_project_id"": ""proyecto-2-cloud-509714"", ""resource_type"": ""gce_instance"", ""resource_zone"": ""us-central1-a"", ""vm"": ""8057035535632679842""}",0
2026-09-27T02:36:29.734287Z,"{""command"": ""kworker/u4:3-flush-8:0"", ""command_line"": """", ""owner"": ""root"", ""pid"": ""234"", ""process"": ""all"", ""resource_instance_id"": ""8057035535632679842"", ""resource_project_id"": ""proyecto-2-cloud-509714"", ""resource_type"": ""gce_instance"", ""resource_zone"": ""us-central1-a"", ""vm"": ""8057035535632679842""}",0
2026-09-27T02:34:29.730047Z,"{""command"": ""kworker/u4:3-flush-8:0"", ""command_line"": """", ""owner"": ""root"", ""pid"": ""234"", ""process"": ""all"", ""resource_instance_id"": ""8057035535632679842"", ""resource_project_id"": ""proyecto-2-cloud-509714"", ""resource_type"": ""gce_instance"", ""resource_zone"": ""us-central1-a"", ""vm"": ""8057035535632679842""}",0
2026-09-27T02:32:29.735001Z,"{""command"": ""kworker/u4:3-flush-8:0"", ""command_line"": """", ""owner"": ""root"", ""pid"": ""234"", ""process"": ""all"", ""resource_instance_id"": ""8057035535632679842"", ""resource_project_id"": ""proyecto-2-cloud-509714"", ""resource_type"": ""gce_instance"", ""resource_zone"": ""us-central1-a"", ""vm"": ""8057035535632679842""}",0
2026-09-27T02:30:59.745458Z,"{""command"": ""kworker/u4:3-flush-8:0"", ""command_line"": """", ""owner"": ""root"", ""pid"": ""234"", ""process"": ""all"", ""resource_instance_id"": ""8057035535632679842"", ""resource_project_id"": ""proyecto-2-cloud-509714"", ""resource_type"": ""gce_instance"", ""resource_zone"": ""us-central1-a"", ""vm"": ""8057035535632679842""}",0
2026-09-27T02:30:29.740079Z,"{""command"": ""kworker/u4:3-flush-8:0"", ""command_line"": """", ""owner"": ""root"", ""pid"": ""234"", ""process"": ""all"", ""resource_instance_id"": ""8057035535632679842"", ""resource_project_id"": ""proyecto-2-cloud-509714"", ""resource_type"": ""gce_instance"", ""resource_zone"": ""us-central1-a"", ""vm"": ""8057035535632679842""}",0
2026-09-27T02:30:22.326496Z,"{""command"": ""kworker/u4:3-writeback"", ""command_line"": """", ""owner"": ""root"", ""pid"": ""234"", ""process"": ""all"", ""resource_instance_id"": ""8057035535632679842"", ""resource_project_id"": ""proyecto-2-cloud-509714"", ""resource_type"": ""gce_instance"", ""resource_zone"": ""us-central1-a"", ""vm"": ""8057035535632679842""}",0
2026-09-27T02:33:59.740052Z,"{""command"": ""kworker/u4:4-ext4-rsv-conversion"", ""command_line"": """", ""owner"": ""root"", ""pid"": ""6577"", ""process"": ""all"", ""resource_instance_id"": ""8057035535632679842"", ""resource_project_id"": ""proyecto-2-cloud-509714"", ""resource_type"": ""gce_instance"", ""resource_zone"": ""us-central1-a"", ""vm"": ""8057035535632679842""}",0
2026-09-27T02:33:29.728834Z,"{""command"": ""kworker/u4:4-ext4-rsv-conversion"", ""command_line"": """", ""owner"": ""root"", ""pid"": ""6577"", ""process"": ""all"", ""resource_instance_id"": ""8057035535632679842"", ""resource_project_id"": ""proyecto-2-cloud-509714"", ""resource_type"": ""gce_instance"", ""resource_zone"": ""us-central1-a"", ""vm"": ""8057035535632679842""}",0
2026-09-27T02:32:59.746476Z,"{""command"": ""kworker/u4:4-ext4-rsv-conversion"", ""command_line"": """", ""owner"": ""root"", ""pid"": ""6577"", ""process"": ""all"", ""resource_instance_id"": ""8057035535632679842"", ""resource_project_id"": ""proyecto-2-cloud-509714"", ""resource_type"": ""gce_instance"", ""resource_zone"": ""us-central1-a"", ""vm"": ""8057035535632679842""}",0
2026-09-27T02:32:29.738042Z,"{""command"": ""kworker/u4:4-ext4-rsv-conversion"", ""command_line"": """", ""owner"": ""root"", ""pid"": ""6577"", ""process"": ""all"", ""resource_instance_id"": ""8057035535632679842"", ""resource_project_id"": ""proyecto-2-cloud-509714"", ""resource_type"": ""gce_instance"", ""resource_zone"": ""us-central1-a"", ""vm"": ""8057035535632679842""}",0
2026-09-27T02:31:59.737786Z,"{""command"": ""kworker/u4:4-ext4-rsv-conversion"", ""command_line"": """", ""owner"": ""root"", ""pid"": ""6577"", ""process"": ""all"", ""resource_instance_id"": ""8057035535632679842"", ""resource_project_id"": ""proyecto-2-cloud-509714"", ""resource_type"": ""gce_instance"", ""resource_zone"": ""us-central1-a"", ""vm"": ""8057035535632679842""}",0
2026-09-27T02:31:29.732260Z,"{""command"": ""kworker/u4:4-ext4-rsv-conversion"", ""command_line"": """", ""owner"": ""root"", ""pid"": ""6577"", ""process"": ""all"", ""resource_instance_id"": ""8057035535632679842"", ""resource_project_id"": ""proyecto-2-cloud-509714"", ""resource_type"": ""gce_instance"", ""resource_zone"": ""us-central1-a"", ""vm"": ""8057035535632679842""}",0
2026-09-27T02:30:59.748945Z,"{""command"": ""kworker/u4:4-ext4-rsv-conversion"", ""command_line"": """", ""owner"": ""root"", ""pid"": ""6577"", ""process"": ""all"", ""resource_instance_id"": ""8057035535632679842"", ""resource_project_id"": ""proyecto-2-cloud-509714"", ""resource_type"": ""gce_instance"", ""resource_zone"": ""us-central1-a"", ""vm"": ""8057035535632679842""}",0
2026-09-27T02:30:29.743364Z,"{""command"": ""kworker/u4:4-ext4-rsv-conversion"", ""command_line"": """", ""owner"": ""root"", ""pid"": ""6577"", ""process"": ""all"", ""resource_instance_id"": ""8057035535632679842"", ""resource_project_id"": ""proyecto-2-cloud-509714"", ""resource_type"": ""gce_instance"", ""resource_zone"": ""us-central1-a"", ""vm"": ""8057035535632679842""}",0
2026-09-27T02:30:22.330214Z,"{""command"": ""kworker/u4:4-ext4-rsv-conversion"", ""command_line"": """", ""owner"": ""root"", ""pid"": ""6577"", ""process"": ""all"", ""resource_instance_id"": ""8057035535632679842"", ""resource_project_id"": ""proyecto-2-cloud-509714"", ""resource_type"": ""gce_instance"", ""resource_zone"": ""us-central1-a"", ""vm"": ""8057035535632679842""}",0
2026-09-27T02:33:59.738948Z,"{""command"": ""kworker/u4:5-writeback"", ""command_line"": """", ""owner"": ""root"", ""pid"": ""2919"", ""process"": ""all"", ""resource_instance_id"": ""8057035535632679842"", ""resource_project_id"": ""proyecto-2-cloud-509714"", ""resource_type"": ""gce_instance"", ""resource_zone"": ""us-central1-a"", ""vm"": ""8057035535632679842""}",0
2026-09-27T02:33:29.727891Z,"{""command"": ""kworker/u4:5-writeback"", ""command_line"": """", ""owner"": ""root"", ""pid"": ""2919"", ""process"": ""all"", ""resource_instance_id"": ""8057035535632679842"", ""resource_project_id"": ""proyecto-2-cloud-509714"", ""resource_type"": ""gce_instance"", ""resource_zone"": ""us-central1-a"", ""vm"": ""8057035535632679842""}",0
2026-09-27T02:32:59.745322Z,"{""command"": ""kworker/u4:5-writeback"", ""command_line"": """", ""owner"": ""root"", ""pid"": ""2919"", ""process"": ""all"", ""resource_instance_id"": ""8057035535632679842"", ""resource_project_id"": ""proyecto-2-cloud-509714"", ""resource_type"": ""gce_instance"", ""resource_zone"": ""us-central1-a"", ""vm"": ""8057035535632679842""}",0
2026-09-27T02:32:29.736703Z,"{""command"": ""kworker/u4:5-writeback"", ""command_line"": """", ""owner"": ""root"", ""pid"": ""2919"", ""process"": ""all"", ""resource_instance_id"": ""8057035535632679842"", ""resource_project_id"": ""proyecto-2-cloud-509714"", ""resource_type"": ""gce_instance"", ""resource_zone"": ""us-central1-a"", ""vm"": ""8057035535632679842""}",0
2026-09-27T02:31:59.736671Z,"{""command"": ""kworker/u4:5-writeback"", ""command_line"": """", ""owner"": ""root"", ""pid"": ""2919"", ""process"": ""all"", ""resource_instance_id"": ""8057035535632679842"", ""resource_project_id"": ""proyecto-2-cloud-509714"", ""resource_type"": ""gce_instance"", ""resource_zone"": ""us-central1-a"", ""vm"": ""8057035535632679842""}",0
2026-09-27T02:31:29.731066Z,"{""command"": ""kworker/u4:5-writeback"", ""command_line"": """", ""owner"": ""root"", ""pid"": ""2919"", ""process"": ""all"", ""resource_instance_id"": ""8057035535632679842"", ""resource_project_id"": ""proyecto-2-cloud-509714"", ""resource_type"": ""gce_instance"", ""resource_zone"": ""us-central1-a"", ""vm"": ""8057035535632679842""}",0
2026-09-27T02:30:59.747710Z,"{""command"": ""kworker/u4:5-writeback"", ""command_line"": """", ""owner"": ""root"", ""pid"": ""2919"", ""process"": ""all"", ""resource_instance_id"": ""8057035535632679842"", ""resource_project_id"": ""proyecto-2-cloud-509714"", ""resource_type"": ""gce_instance"", ""resource_zone"": ""us-central1-a"", ""vm"": ""8057035535632679842""}",0
2026-09-27T02:30:29.741967Z,"{""command"": ""kworker/u4:5-writeback"", ""command_line"": """", ""owner"": ""root"", ""pid"": ""2919"", ""process"": ""all"", ""resource_instance_id"": ""8057035535632679842"", ""resource_project_id"": ""proyecto-2-cloud-509714"", ""resource_type"": ""gce_instance"", ""resource_zone"": ""us-central1-a"", ""vm"": ""8057035535632679842""}",0
2026-09-27T02:30:22.328857Z,"{""command"": ""kworker/u4:5-writeback"", ""command_line"": """", ""owner"": ""root"", ""pid"": ""2919"", ""process"": ""all"", ""resource_instance_id"": ""8057035535632679842"", ""resource_project_id"": ""proyecto-2-cloud-509714"", ""resource_type"": ""gce_instance"", ""resource_zone"": ""us-central1-a"", ""vm"": ""8057035535632679842""}",0
2026-09-27T02:49:59.741630Z,"{""command"": ""kworker/u4:6-events_unbound"", ""command_line"": """", ""owner"": ""root"", ""pid"": ""2920"", ""process"": ""all"", ""resource_instance_id"": ""8057035535632679842"", ""resource_project_id"": ""proyecto-2-cloud-509714"", ""resource_type"": ""gce_instance"", ""resource_zone"": ""us-central1-a"", ""vm"": ""8057035535632679842""}",0
2026-09-27T02:49:29.736703Z,"{""command"": ""kworker/u4:6-events_unbound"", ""command_line"": """", ""owner"": ""root"", ""pid"": ""2920"", ""process"": ""all"", ""resource_instance_id"": ""8057035535632679842"", ""resource_project_id"": ""proyecto-2-cloud-509714"", ""resource_type"": ""gce_instance"", ""resource_zone"": ""us-central1-a"", ""vm"": ""8057035535632679842""}",0
2026-09-27T02:48:29.739106Z,"{""command"": ""kworker/u4:6-events_unbound"", ""command_line"": """", ""owner"": ""root"", ""pid"": ""2920"", ""process"": ""all"", ""resource_instance_id"": ""8057035535632679842"", ""resource_project_id"": ""proyecto-2-cloud-509714"", ""resource_type"": ""gce_instance"", ""resource_zone"": ""us-central1-a"", ""vm"": ""8057035535632679842""}",0
2026-09-27T02:47:29.733379Z,"{""command"": ""kworker/u4:6-events_unbound"", ""command_line"": """", ""owner"": ""root"", ""pid"": ""2920"", ""process"": ""all"", ""resource_instance_id"": ""8057035535632679842"", ""resource_project_id"": ""proyecto-2-cloud-509714"", ""resource_type"": ""gce_instance"", ""resource_zone"": ""us-central1-a"", ""vm"": ""8057035535632679842""}",0
2026-09-27T02:46:59.744164Z,"{""command"": ""kworker/u4:6-events_unbound"", ""command_line"": """", ""owner"": ""root"", ""pid"": ""2920"", ""process"": ""all"", ""resource_instance_id"": ""8057035535632679842"", ""resource_project_id"": ""proyecto-2-cloud-509714"", ""resource_type"": ""gce_instance"", ""resource_zone"": ""us-central1-a"", ""vm"": ""8057035535632679842""}",0
2026-09-27T02:46:29.740481Z,"{""command"": ""kworker/u4:6-events_unbound"", ""command_line"": """", ""owner"": ""root"", ""pid"": ""2920"", ""process"": ""all"", ""resource_instance_id"": ""8057035535632679842"", ""resource_project_id"": ""proyecto-2-cloud-509714"", ""resource_type"": ""gce_instance"", ""resource_zone"": ""us-central1-a"", ""vm"": ""8057035535632679842""}",0
2026-09-27T02:42:59.737019Z,"{""command"": ""kworker/u4:6-events_unbound"", ""command_line"": """", ""owner"": ""root"", ""pid"": ""2920"", ""process"": ""all"", ""resource_instance_id"": ""8057035535632679842"", ""resource_project_id"": ""proyecto-2-cloud-509714"", ""resource_type"": ""gce_instance"", ""resource_zone"": ""us-central1-a"", ""vm"": ""8057035535632679842""}",0
2026-09-27T02:42:29.762974Z,"{""command"": ""kworker/u4:6-events_unbound"", ""command_line"": """", ""owner"": ""root"", ""pid"": ""2920"", ""process"": ""all"", ""resource_instance_id"": ""8057035535632679842"", ""resource_project_id"": ""proyecto-2-cloud-509714"", ""resource_type"": ""gce_instance"", ""resource_zone"": ""us-central1-a"", ""vm"": ""8057035535632679842""}",0
2026-09-27T02:40:29.730011Z,"{""command"": ""kworker/u4:6-events_unbound"", ""command_line"": """", ""owner"": ""root"", ""pid"": ""2920"", ""process"": ""all"", ""resource_instance_id"": ""8057035535632679842"", ""resource_project_id"": ""proyecto-2-cloud-509714"", ""resource_type"": ""gce_instance"", ""resource_zone"": ""us-central1-a"", ""vm"": ""8057035535632679842""}",0
2026-09-27T02:39:59.739704Z,"{""command"": ""kworker/u4:6-events_unbound"", ""command_line"": """", ""owner"": ""root"", ""pid"": ""2920"", ""process"": ""all"", ""resource_instance_id"": ""8057035535632679842"", ""resource_project_id"": ""proyecto-2-cloud-509714"", ""resource_type"": ""gce_instance"", ""resource_zone"": ""us-central1-a"", ""vm"": ""8057035535632679842""}",0
2026-09-27T02:38:59.738234Z,"{""command"": ""kworker/u4:6-events_unbound"", ""command_line"": """", ""owner"": ""root"", ""pid"": ""2920"", ""process"": ""all"", ""resource_instance_id"": ""8057035535632679842"", ""resource_project_id"": ""proyecto-2-cloud-509714"", ""resource_type"": ""gce_instance"", ""resource_zone"": ""us-central1-a"", ""vm"": ""8057035535632679842""}",0
2026-09-27T02:38:29.728838Z,"{""command"": ""kworker/u4:6-events_unbound"", ""command_line"": """", ""owner"": ""root"", ""pid"": ""2920"", ""process"": ""all"", ""resource_instance_id"": ""8057035535632679842"", ""resource_project_id"": ""proyecto-2-cloud-509714"", ""resource_type"": ""gce_instance"", ""resource_zone"": ""us-central1-a"", ""vm"": ""8057035535632679842""}",0
2026-09-27T02:37:59.739495Z,"{""command"": ""kworker/u4:6-events_unbound"", ""command_line"": """", ""owner"": ""root"", ""pid"": ""2920"", ""process"": ""all"", ""resource_instance_id"": ""8057035535632679842"", ""resource_project_id"": ""proyecto-2-cloud-509714"", ""resource_type"": ""gce_instance"", ""resource_zone"": ""us-central1-a"", ""vm"": ""8057035535632679842""}",0
2026-09-27T02:30:29.742025Z,"{""command"": ""kworker/u4:6-events_unbound"", ""command_line"": """", ""owner"": ""root"", ""pid"": ""2920"", ""process"": ""all"", ""resource_instance_id"": ""8057035535632679842"", ""resource_project_id"": ""proyecto-2-cloud-509714"", ""resource_type"": ""gce_instance"", ""resource_zone"": ""us-central1-a"", ""vm"": ""8057035535632679842""}",0
2026-09-27T02:35:29.727145Z,"{""command"": ""kworker/u4:6-ext4-rsv-conversion"", ""command_line"": """", ""owner"": ""root"", ""pid"": ""2920"", ""process"": ""all"", ""resource_instance_id"": ""8057035535632679842"", ""resource_project_id"": ""proyecto-2-cloud-509714"", ""resource_type"": ""gce_instance"", ""resource_zone"": ""us-central1-a"", ""vm"": ""8057035535632679842""}",0
2026-09-27T02:34:59.733150Z,"{""command"": ""kworker/u4:6-ext4-rsv-conversion"", ""command_line"": """", ""owner"": ""root"", ""pid"": ""2920"", ""process"": ""all"", ""resource_instance_id"": ""8057035535632679842"", ""resource_project_id"": ""proyecto-2-cloud-509714"", ""resource_type"": ""gce_instance"", ""resource_zone"": ""us-central1-a"", ""vm"": ""8057035535632679842""}",0
2026-09-27T02:34:29.732931Z,"{""command"": ""kworker/u4:6-ext4-rsv-conversion"", ""command_line"": """", ""owner"": ""root"", ""pid"": ""2920"", ""process"": ""all"", ""resource_instance_id"": ""8057035535632679842"", ""resource_project_id"": ""proyecto-2-cloud-509714"", ""resource_type"": ""gce_instance"", ""resource_zone"": ""us-central1-a"", ""vm"": ""8057035535632679842""}",0
2026-09-27T02:33:59.739027Z,"{""command"": ""kworker/u4:6-ext4-rsv-conversion"", ""command_line"": """", ""owner"": ""root"", ""pid"": ""2920"", ""process"": ""all"", ""resource_instance_id"": ""8057035535632679842"", ""resource_project_id"": ""proyecto-2-cloud-509714"", ""resource_type"": ""gce_instance"", ""resource_zone"": ""us-central1-a"", ""vm"": ""8057035535632679842""}",0
2026-09-27T02:33:29.727944Z,"{""command"": ""kworker/u4:6-ext4-rsv-conversion"", ""command_line"": """", ""owner"": ""root"", ""pid"": ""2920"", ""process"": ""all"", ""resource_instance_id"": ""8057035535632679842"", ""resource_project_id"": ""proyecto-2-cloud-509714"", ""resource_type"": ""gce_instance"", ""resource_zone"": ""us-central1-a"", ""vm"": ""8057035535632679842""}",0
2026-09-27T02:32:59.745381Z,"{""command"": ""kworker/u4:6-ext4-rsv-conversion"", ""command_line"": """", ""owner"": ""root"", ""pid"": ""2920"", ""process"": ""all"", ""resource_instance_id"": ""8057035535632679842"", ""resource_project_id"": ""proyecto-2-cloud-509714"", ""resource_type"": ""gce_instance"", ""resource_zone"": ""us-central1-a"", ""vm"": ""8057035535632679842""}",0
2026-09-27T02:32:29.736761Z,"{""command"": ""kworker/u4:6-ext4-rsv-conversion"", ""command_line"": """", ""owner"": ""root"", ""pid"": ""2920"", ""process"": ""all"", ""resource_instance_id"": ""8057035535632679842"", ""resource_project_id"": ""proyecto-2-cloud-509714"", ""resource_type"": ""gce_instance"", ""resource_zone"": ""us-central1-a"", ""vm"": ""8057035535632679842""}",0
2026-09-27T02:31:59.736738Z,"{""command"": ""kworker/u4:6-ext4-rsv-conversion"", ""command_line"": """", ""owner"": ""root"", ""pid"": ""2920"", ""process"": ""all"", ""resource_instance_id"": ""8057035535632679842"", ""resource_project_id"": ""proyecto-2-cloud-509714"", ""resource_type"": ""gce_instance"", ""resource_zone"": ""us-central1-a"", ""vm"": ""8057035535632679842""}",0
2026-09-27T02:31:29.731121Z,"{""command"": ""kworker/u4:6-ext4-rsv-conversion"", ""command_line"": """", ""owner"": ""root"", ""pid"": ""2920"", ""process"": ""all"", ""resource_instance_id"": ""8057035535632679842"", ""resource_project_id"": ""proyecto-2-cloud-509714"", ""resource_type"": ""gce_instance"", ""resource_zone"": ""us-central1-a"", ""vm"": ""8057035535632679842""}",0
2026-09-27T02:30:59.747771Z,"{""command"": ""kworker/u4:6-ext4-rsv-conversion"", ""command_line"": """", ""owner"": ""root"", ""pid"": ""2920"", ""process"": ""all"", ""resource_instance_id"": ""8057035535632679842"", ""resource_project_id"": ""proyecto-2-cloud-509714"", ""resource_type"": ""gce_instance"", ""resource_zone"": ""us-central1-a"", ""vm"": ""8057035535632679842""}",0
2026-09-27T02:48:59.732819Z,"{""command"": ""kworker/u4:6-flush-8:0"", ""command_line"": """", ""owner"": ""root"", ""pid"": ""2920"", ""process"": ""all"", ""resource_instance_id"": ""8057035535632679842"", ""resource_project_id"": ""proyecto-2-cloud-509714"", ""resource_type"": ""gce_instance"", ""resource_zone"": ""us-central1-a"", ""vm"": ""8057035535632679842""}",0
2026-09-27T02:47:59.736378Z,"{""command"": ""kworker/u4:6-flush-8:0"", ""command_line"": """", ""owner"": ""root"", ""pid"": ""2920"", ""process"": ""all"", ""resource_instance_id"": ""8057035535632679842"", ""resource_project_id"": ""proyecto-2-cloud-509714"", ""resource_type"": ""gce_instance"", ""resource_zone"": ""us-central1-a"", ""vm"": ""8057035535632679842""}",0
2026-09-27T02:45:59.732394Z,"{""command"": ""kworker/u4:6-flush-8:0"", ""command_line"": """", ""owner"": ""root"", ""pid"": ""2920"", ""process"": ""all"", ""resource_instance_id"": ""8057035535632679842"", ""resource_project_id"": ""proyecto-2-cloud-509714"", ""resource_type"": ""gce_instance"", ""resource_zone"": ""us-central1-a"", ""vm"": ""8057035535632679842""}",0
2026-09-27T02:45:29.738193Z,"{""command"": ""kworker/u4:6-flush-8:0"", ""command_line"": """", ""owner"": ""root"", ""pid"": ""2920"", ""process"": ""all"", ""resource_instance_id"": ""8057035535632679842"", ""resource_project_id"": ""proyecto-2-cloud-509714"", ""resource_type"": ""gce_instance"", ""resource_zone"": ""us-central1-a"", ""vm"": ""8057035535632679842""}",0
2026-09-27T02:44:59.744016Z,"{""command"": ""kworker/u4:6-flush-8:0"", ""command_line"": """", ""owner"": ""root"", ""pid"": ""2920"", ""process"": ""all"", ""resource_instance_id"": ""8057035535632679842"", ""resource_project_id"": ""proyecto-2-cloud-509714"", ""resource_type"": ""gce_instance"", ""resource_zone"": ""us-central1-a"", ""vm"": ""8057035535632679842""}",0
2026-09-27T02:44:29.740922Z,"{""command"": ""kworker/u4:6-flush-8:0"", ""command_line"": """", ""owner"": ""root"", ""pid"": ""2920"", ""process"": ""all"", ""resource_instance_id"": ""8057035535632679842"", ""resource_project_id"": ""proyecto-2-cloud-509714"", ""resource_type"": ""gce_instance"", ""resource_zone"": ""us-central1-a"", ""vm"": ""8057035535632679842""}",0
2026-09-27T02:41:59.740696Z,"{""command"": ""kworker/u4:6-flush-8:0"", ""command_line"": """", ""owner"": ""root"", ""pid"": ""2920"", ""process"": ""all"", ""resource_instance_id"": ""8057035535632679842"", ""resource_project_id"": ""proyecto-2-cloud-509714"", ""resource_type"": ""gce_instance"", ""resource_zone"": ""us-central1-a"", ""vm"": ""8057035535632679842""}",0
2026-09-27T02:41:29.743963Z,"{""command"": ""kworker/u4:6-flush-8:0"", ""command_line"": """", ""owner"": ""root"", ""pid"": ""2920"", ""process"": ""all"", ""resource_instance_id"": ""8057035535632679842"", ""resource_project_id"": ""proyecto-2-cloud-509714"", ""resource_type"": ""gce_instance"", ""resource_zone"": ""us-central1-a"", ""vm"": ""8057035535632679842""}",0
2026-09-27T02:40:59.732496Z,"{""command"": ""kworker/u4:6-flush-8:0"", ""command_line"": """", ""owner"": ""root"", ""pid"": ""2920"", ""process"": ""all"", ""resource_instance_id"": ""8057035535632679842"", ""resource_project_id"": ""proyecto-2-cloud-509714"", ""resource_type"": ""gce_instance"", ""resource_zone"": ""us-central1-a"", ""vm"": ""8057035535632679842""}",0
2026-09-27T02:36:59.741661Z,"{""command"": ""kworker/u4:6-flush-8:0"", ""command_line"": """", ""owner"": ""root"", ""pid"": ""2920"", ""process"": ""all"", ""resource_instance_id"": ""8057035535632679842"", ""resource_project_id"": ""proyecto-2-cloud-509714"", ""resource_type"": ""gce_instance"", ""resource_zone"": ""us-central1-a"", ""vm"": ""8057035535632679842""}",0
2026-09-27T02:36:29.737137Z,"{""command"": ""kworker/u4:6-flush-8:0"", ""command_line"": """", ""owner"": ""root"", ""pid"": ""2920"", ""process"": ""all"", ""resource_instance_id"": ""8057035535632679842"", ""resource_project_id"": ""proyecto-2-cloud-509714"", ""resource_type"": ""gce_instance"", ""resource_zone"": ""us-central1-a"", ""vm"": ""8057035535632679842""}",0
2026-09-27T02:35:59.729703Z,"{""command"": ""kworker/u4:6-flush-8:0"", ""command_line"": """", ""owner"": ""root"", ""pid"": ""2920"", ""process"": ""all"", ""resource_instance_id"": ""8057035535632679842"", ""resource_project_id"": ""proyecto-2-cloud-509714"", ""resource_type"": ""gce_instance"", ""resource_zone"": ""us-central1-a"", ""vm"": ""8057035535632679842""}",0
2026-09-27T02:43:59.742790Z,"{""command"": ""kworker/u4:6-writeback"", ""command_line"": """", ""owner"": ""root"", ""pid"": ""2920"", ""process"": ""all"", ""resource_instance_id"": ""8057035535632679842"", ""resource_project_id"": ""proyecto-2-cloud-509714"", ""resource_type"": ""gce_instance"", ""resource_zone"": ""us-central1-a"", ""vm"": ""8057035535632679842""}",0
2026-09-27T02:43:29.744120Z,"{""command"": ""kworker/u4:6-writeback"", ""command_line"": """", ""owner"": ""root"", ""pid"": ""2920"", ""process"": ""all"", ""resource_instance_id"": ""8057035535632679842"", ""resource_project_id"": ""proyecto-2-cloud-509714"", ""resource_type"": ""gce_instance"", ""resource_zone"": ""us-central1-a"", ""vm"": ""8057035535632679842""}",0
2026-09-27T02:39:29.731698Z,"{""command"": ""kworker/u4:6-writeback"", ""command_line"": """", ""owner"": ""root"", ""pid"": ""2920"", ""process"": ""all"", ""resource_instance_id"": ""8057035535632679842"", ""resource_project_id"": ""proyecto-2-cloud-509714"", ""resource_type"": ""gce_instance"", ""resource_zone"": ""us-central1-a"", ""vm"": ""8057035535632679842""}",0
2026-09-27T02:37:29.733724Z,"{""command"": ""kworker/u4:6-writeback"", ""command_line"": """", ""owner"": ""root"", ""pid"": ""2920"", ""process"": ""all"", ""resource_instance_id"": ""8057035535632679842"", ""resource_project_id"": ""proyecto-2-cloud-509714"", ""resource_type"": ""gce_instance"", ""resource_zone"": ""us-central1-a"", ""vm"": ""8057035535632679842""}",0
2026-09-27T02:30:22.328930Z,"{""command"": ""kworker/u4:6-writeback"", ""command_line"": """", ""owner"": ""root"", ""pid"": ""2920"", ""process"": ""all"", ""resource_instance_id"": ""8057035535632679842"", ""resource_project_id"": ""proyecto-2-cloud-509714"", ""resource_type"": ""gce_instance"", ""resource_zone"": ""us-central1-a"", ""vm"": ""8057035535632679842""}",0
2026-09-27T02:49:59.738088Z,"{""command"": ""kworker/u5:0"", ""command_line"": """", ""owner"": ""root"", ""pid"": ""69"", ""process"": ""all"", ""resource_instance_id"": ""8057035535632679842"", ""resource_project_id"": ""proyecto-2-cloud-509714"", ""resource_type"": ""gce_instance"", ""resource_zone"": ""us-central1-a"", ""vm"": ""8057035535632679842""}",0
2026-09-27T02:49:29.734659Z,"{""command"": ""kworker/u5:0"", ""command_line"": """", ""owner"": ""root"", ""pid"": ""69"", ""process"": ""all"", ""resource_instance_id"": ""8057035535632679842"", ""resource_project_id"": ""proyecto-2-cloud-509714"", ""resource_type"": ""gce_instance"", ""resource_zone"": ""us-central1-a"", ""vm"": ""8057035535632679842""}",0
2026-09-27T02:48:59.729521Z,"{""command"": ""kworker/u5:0"", ""command_line"": """", ""owner"": ""root"", ""pid"": ""69"", ""process"": ""all"", ""resource_instance_id"": ""8057035535632679842"", ""resource_project_id"": ""proyecto-2-cloud-509714"", ""resource_type"": ""gce_instance"", ""resource_zone"": ""us-central1-a"", ""vm"": ""8057035535632679842""}",0
2026-09-27T02:48:29.736391Z,"{""command"": ""kworker/u5:0"", ""command_line"": """", ""owner"": ""root"", ""pid"": ""69"", ""process"": ""all"", ""resource_instance_id"": ""8057035535632679842"", ""resource_project_id"": ""proyecto-2-cloud-509714"", ""resource_type"": ""gce_instance"", ""resource_zone"": ""us-central1-a"", ""vm"": ""8057035535632679842""}",0
2026-09-27T02:47:59.734040Z,"{""command"": ""kworker/u5:0"", ""command_line"": """", ""owner"": ""root"", ""pid"": ""69"", ""process"": ""all"", ""resource_instance_id"": ""8057035535632679842"", ""resource_project_id"": ""proyecto-2-cloud-509714"", ""resource_type"": ""gce_instance"", ""resource_zone"": ""us-central1-a"", ""vm"": ""8057035535632679842""}",0
2026-09-27T02:47:29.731143Z,"{""command"": ""kworker/u5:0"", ""command_line"": """", ""owner"": ""root"", ""pid"": ""69"", ""process"": ""all"", ""resource_instance_id"": ""8057035535632679842"", ""resource_project_id"": ""proyecto-2-cloud-509714"", ""resource_type"": ""gce_instance"", ""resource_zone"": ""us-central1-a"", ""vm"": ""8057035535632679842""}",0
2026-09-27T02:46:59.741663Z,"{""command"": ""kworker/u5:0"", ""command_line"": """", ""owner"": ""root"", ""pid"": ""69"", ""process"": ""all"", ""resource_instance_id"": ""8057035535632679842"", ""resource_project_id"": ""proyecto-2-cloud-509714"", ""resource_type"": ""gce_instance"", ""resource_zone"": ""us-central1-a"", ""vm"": ""8057035535632679842""}",0
2026-09-27T02:46:29.735983Z,"{""command"": ""kworker/u5:0"", ""command_line"": """", ""owner"": ""root"", ""pid"": ""69"", ""process"": ""all"", ""resource_instance_id"": ""8057035535632679842"", ""resource_project_id"": ""proyecto-2-cloud-509714"", ""resource_type"": ""gce_instance"", ""resource_zone"": ""us-central1-a"", ""vm"": ""8057035535632679842""}",0
2026-09-27T02:45:59.730521Z,"{""command"": ""kworker/u5:0"", ""command_line"": """", ""owner"": ""root"", ""pid"": ""69"", ""process"": ""all"", ""resource_instance_id"": ""8057035535632679842"", ""resource_project_id"": ""proyecto-2-cloud-509714"", ""resource_type"": ""gce_instance"", ""resource_zone"": ""us-central1-a"", ""vm"": ""8057035535632679842""}",0
2026-09-27T02:45:29.736353Z,"{""command"": ""kworker/u5:0"", ""command_line"": """", ""owner"": ""root"", ""pid"": ""69"", ""process"": ""all"", ""resource_instance_id"": ""8057035535632679842"", ""resource_project_id"": ""proyecto-2-cloud-509714"", ""resource_type"": ""gce_instance"", ""resource_zone"": ""us-central1-a"", ""vm"": ""8057035535632679842""}",0
2026-09-27T02:44:59.741717Z,"{""command"": ""kworker/u5:0"", ""command_line"": """", ""owner"": ""root"", ""pid"": ""69"", ""process"": ""all"", ""resource_instance_id"": ""8057035535632679842"", ""resource_project_id"": ""proyecto-2-cloud-509714"", ""resource_type"": ""gce_instance"", ""resource_zone"": ""us-central1-a"", ""vm"": ""8057035535632679842""}",0
2026-09-27T02:44:29.738840Z,"{""command"": ""kworker/u5:0"", ""command_line"": """", ""owner"": ""root"", ""pid"": ""69"", ""process"": ""all"", ""resource_instance_id"": ""8057035535632679842"", ""resource_project_id"": ""proyecto-2-cloud-509714"", ""resource_type"": ""gce_instance"", ""resource_zone"": ""us-central1-a"", ""vm"": ""8057035535632679842""}",0
2026-09-27T02:43:59.740387Z,"{""command"": ""kworker/u5:0"", ""command_line"": """", ""owner"": ""root"", ""pid"": ""69"", ""process"": ""all"", ""resource_instance_id"": ""8057035535632679842"", ""resource_project_id"": ""proyecto-2-cloud-509714"", ""resource_type"": ""gce_instance"", ""resource_zone"": ""us-central1-a"", ""vm"": ""8057035535632679842""}",0
2026-09-27T02:43:29.741018Z,"{""command"": ""kworker/u5:0"", ""command_line"": """", ""owner"": ""root"", ""pid"": ""69"", ""process"": ""all"", ""resource_instance_id"": ""8057035535632679842"", ""resource_project_id"": ""proyecto-2-cloud-509714"", ""resource_type"": ""gce_instance"", ""resource_zone"": ""us-central1-a"", ""vm"": ""8057035535632679842""}",0
2026-09-27T02:42:59.734893Z,"{""command"": ""kworker/u5:0"", ""command_line"": """", ""owner"": ""root"", ""pid"": ""69"", ""process"": ""all"", ""resource_instance_id"": ""8057035535632679842"", ""resource_project_id"": ""proyecto-2-cloud-509714"", ""resource_type"": ""gce_instance"", ""resource_zone"": ""us-central1-a"", ""vm"": ""8057035535632679842""}",0
2026-09-27T02:42:29.760492Z,"{""command"": ""kworker/u5:0"", ""command_line"": """", ""owner"": ""root"", ""pid"": ""69"", ""process"": ""all"", ""resource_instance_id"": ""8057035535632679842"", ""resource_project_id"": ""proyecto-2-cloud-509714"", ""resource_type"": ""gce_instance"", ""resource_zone"": ""us-central1-a"", ""vm"": ""8057035535632679842""}",0
2026-09-27T02:41:59.738092Z,"{""command"": ""kworker/u5:0"", ""command_line"": """", ""owner"": ""root"", ""pid"": ""69"", ""process"": ""all"", ""resource_instance_id"": ""8057035535632679842"", ""resource_project_id"": ""proyecto-2-cloud-509714"", ""resource_type"": ""gce_instance"", ""resource_zone"": ""us-central1-a"", ""vm"": ""8057035535632679842""}",0
2026-09-27T02:41:29.741939Z,"{""command"": ""kworker/u5:0"", ""command_line"": """", ""owner"": ""root"", ""pid"": ""69"", ""process"": ""all"", ""resource_instance_id"": ""8057035535632679842"", ""resource_project_id"": ""proyecto-2-cloud-509714"", ""resource_type"": ""gce_instance"", ""resource_zone"": ""us-central1-a"", ""vm"": ""8057035535632679842""}",0
2026-09-27T02:40:59.729580Z,"{""command"": ""kworker/u5:0"", ""command_line"": """", ""owner"": ""root"", ""pid"": ""69"", ""process"": ""all"", ""resource_instance_id"": ""8057035535632679842"", ""resource_project_id"": ""proyecto-2-cloud-509714"", ""resource_type"": ""gce_instance"", ""resource_zone"": ""us-central1-a"", ""vm"": ""8057035535632679842""}",0
2026-09-27T02:40:29.727800Z,"{""command"": ""kworker/u5:0"", ""command_line"": """", ""owner"": ""root"", ""pid"": ""69"", ""process"": ""all"", ""resource_instance_id"": ""8057035535632679842"", ""resource_project_id"": ""proyecto-2-cloud-509714"", ""resource_type"": ""gce_instance"", ""resource_zone"": ""us-central1-a"", ""vm"": ""8057035535632679842""}",0
2026-09-27T02:39:59.734373Z,"{""command"": ""kworker/u5:0"", ""command_line"": """", ""owner"": ""root"", ""pid"": ""69"", ""process"": ""all"", ""resource_instance_id"": ""8057035535632679842"", ""resource_project_id"": ""proyecto-2-cloud-509714"", ""resource_type"": ""gce_instance"", ""resource_zone"": ""us-central1-a"", ""vm"": ""8057035535632679842""}",0
2026-09-27T02:39:29.729526Z,"{""command"": ""kworker/u5:0"", ""command_line"": """", ""owner"": ""root"", ""pid"": ""69"", ""process"": ""all"", ""resource_instance_id"": ""8057035535632679842"", ""resource_project_id"": ""proyecto-2-cloud-509714"", ""resource_type"": ""gce_instance"", ""resource_zone"": ""us-central1-a"", ""vm"": ""8057035535632679842""}",0
2026-09-27T02:38:59.734697Z,"{""command"": ""kworker/u5:0"", ""command_line"": """", ""owner"": ""root"", ""pid"": ""69"", ""process"": ""all"", ""resource_instance_id"": ""8057035535632679842"", ""resource_project_id"": ""proyecto-2-cloud-509714"", ""resource_type"": ""gce_instance"", ""resource_zone"": ""us-central1-a"", ""vm"": ""8057035535632679842""}",0
2026-09-27T02:38:29.726859Z,"{""command"": ""kworker/u5:0"", ""command_line"": """", ""owner"": ""root"", ""pid"": ""69"", ""process"": ""all"", ""resource_instance_id"": ""8057035535632679842"", ""resource_project_id"": ""proyecto-2-cloud-509714"", ""resource_type"": ""gce_instance"", ""resource_zone"": ""us-central1-a"", ""vm"": ""8057035535632679842""}",0
2026-09-27T02:37:59.737280Z,"{""command"": ""kworker/u5:0"", ""command_line"": """", ""owner"": ""root"", ""pid"": ""69"", ""process"": ""all"", ""resource_instance_id"": ""8057035535632679842"", ""resource_project_id"": ""proyecto-2-cloud-509714"", ""resource_type"": ""gce_instance"", ""resource_zone"": ""us-central1-a"", ""vm"": ""8057035535632679842""}",0
2026-09-27T02:37:29.731501Z,"{""command"": ""kworker/u5:0"", ""command_line"": """", ""owner"": ""root"", ""pid"": ""69"", ""process"": ""all"", ""resource_instance_id"": ""8057035535632679842"", ""resource_project_id"": ""proyecto-2-cloud-509714"", ""resource_type"": ""gce_instance"", ""resource_zone"": ""us-central1-a"", ""vm"": ""8057035535632679842""}",0
2026-09-27T02:36:59.738432Z,"{""command"": ""kworker/u5:0"", ""command_line"": """", ""owner"": ""root"", ""pid"": ""69"", ""process"": ""all"", ""resource_instance_id"": ""8057035535632679842"", ""resource_project_id"": ""proyecto-2-cloud-509714"", ""resource_type"": ""gce_instance"", ""resource_zone"": ""us-central1-a"", ""vm"": ""8057035535632679842""}",0
2026-09-27T02:36:29.733556Z,"{""command"": ""kworker/u5:0"", ""command_line"": """", ""owner"": ""root"", ""pid"": ""69"", ""process"": ""all"", ""resource_instance_id"": ""8057035535632679842"", ""resource_project_id"": ""proyecto-2-cloud-509714"", ""resource_type"": ""gce_instance"", ""resource_zone"": ""us-central1-a"", ""vm"": ""8057035535632679842""}",0
2026-09-27T02:35:59.726427Z,"{""command"": ""kworker/u5:0"", ""command_line"": """", ""owner"": ""root"", ""pid"": ""69"", ""process"": ""all"", ""resource_instance_id"": ""8057035535632679842"", ""resource_project_id"": ""proyecto-2-cloud-509714"", ""resource_type"": ""gce_instance"", ""resource_zone"": ""us-central1-a"", ""vm"": ""8057035535632679842""}",0
2026-09-27T02:35:29.725134Z,"{""command"": ""kworker/u5:0"", ""command_line"": """", ""owner"": ""root"", ""pid"": ""69"", ""process"": ""all"", ""resource_instance_id"": ""8057035535632679842"", ""resource_project_id"": ""proyecto-2-cloud-509714"", ""resource_type"": ""gce_instance"", ""resource_zone"": ""us-central1-a"", ""vm"": ""8057035535632679842""}",0
2026-09-27T02:34:59.730049Z,"{""command"": ""kworker/u5:0"", ""command_line"": """", ""owner"": ""root"", ""pid"": ""69"", ""process"": ""all"", ""resource_instance_id"": ""8057035535632679842"", ""resource_project_id"": ""proyecto-2-cloud-509714"", ""resource_type"": ""gce_instance"", ""resource_zone"": ""us-central1-a"", ""vm"": ""8057035535632679842""}",0
2026-09-27T02:34:29.729519Z,"{""command"": ""kworker/u5:0"", ""command_line"": """", ""owner"": ""root"", ""pid"": ""69"", ""process"": ""all"", ""resource_instance_id"": ""8057035535632679842"", ""resource_project_id"": ""proyecto-2-cloud-509714"", ""resource_type"": ""gce_instance"", ""resource_zone"": ""us-central1-a"", ""vm"": ""8057035535632679842""}",0
2026-09-27T02:33:59.736627Z,"{""command"": ""kworker/u5:0"", ""command_line"": """", ""owner"": ""root"", ""pid"": ""69"", ""process"": ""all"", ""resource_instance_id"": ""8057035535632679842"", ""resource_project_id"": ""proyecto-2-cloud-509714"", ""resource_type"": ""gce_instance"", ""resource_zone"": ""us-central1-a"", ""vm"": ""8057035535632679842""}",0
2026-09-27T02:33:29.725857Z,"{""command"": ""kworker/u5:0"", ""command_line"": """", ""owner"": ""root"", ""pid"": ""69"", ""process"": ""all"", ""resource_instance_id"": ""8057035535632679842"", ""resource_project_id"": ""proyecto-2-cloud-509714"", ""resource_type"": ""gce_instance"", ""resource_zone"": ""us-central1-a"", ""vm"": ""8057035535632679842""}",0
2026-09-27T02:32:59.743082Z,"{""command"": ""kworker/u5:0"", ""command_line"": """", ""owner"": ""root"", ""pid"": ""69"", ""process"": ""all"", ""resource_instance_id"": ""8057035535632679842"", ""resource_project_id"": ""proyecto-2-cloud-509714"", ""resource_type"": ""gce_instance"", ""resource_zone"": ""us-central1-a"", ""vm"": ""8057035535632679842""}",0
2026-09-27T02:32:29.734188Z,"{""command"": ""kworker/u5:0"", ""command_line"": """", ""owner"": ""root"", ""pid"": ""69"", ""process"": ""all"", ""resource_instance_id"": ""8057035535632679842"", ""resource_project_id"": ""proyecto-2-cloud-509714"", ""resource_type"": ""gce_instance"", ""resource_zone"": ""us-central1-a"", ""vm"": ""8057035535632679842""}",0
2026-09-27T02:31:59.734361Z,"{""command"": ""kworker/u5:0"", ""command_line"": """", ""owner"": ""root"", ""pid"": ""69"", ""process"": ""all"", ""resource_instance_id"": ""8057035535632679842"", ""resource_project_id"": ""proyecto-2-cloud-509714"", ""resource_type"": ""gce_instance"", ""resource_zone"": ""us-central1-a"", ""vm"": ""8057035535632679842""}",0
2026-09-27T02:31:29.728927Z,"{""command"": ""kworker/u5:0"", ""command_line"": """", ""owner"": ""root"", ""pid"": ""69"", ""process"": ""all"", ""resource_instance_id"": ""8057035535632679842"", ""resource_project_id"": ""proyecto-2-cloud-509714"", ""resource_type"": ""gce_instance"", ""resource_zone"": ""us-central1-a"", ""vm"": ""8057035535632679842""}",0
2026-09-27T02:30:59.744563Z,"{""command"": ""kworker/u5:0"", ""command_line"": """", ""owner"": ""root"", ""pid"": ""69"", ""process"": ""all"", ""resource_instance_id"": ""8057035535632679842"", ""resource_project_id"": ""proyecto-2-cloud-509714"", ""resource_type"": ""gce_instance"", ""resource_zone"": ""us-central1-a"", ""vm"": ""8057035535632679842""}",0
2026-09-27T02:30:29.739522Z,"{""command"": ""kworker/u5:0"", ""command_line"": """", ""owner"": ""root"", ""pid"": ""69"", ""process"": ""all"", ""resource_instance_id"": ""8057035535632679842"", ""resource_project_id"": ""proyecto-2-cloud-509714"", ""resource_type"": ""gce_instance"", ""resource_zone"": ""us-central1-a"", ""vm"": ""8057035535632679842""}",0
2026-09-27T02:30:22.325977Z,"{""command"": ""kworker/u5:0"", ""command_line"": """", ""owner"": ""root"", ""pid"": ""69"", ""process"": ""all"", ""resource_instance_id"": ""8057035535632679842"", ""resource_project_id"": ""proyecto-2-cloud-509714"", ""resource_type"": ""gce_instance"", ""resource_zone"": ""us-central1-a"", ""vm"": ""8057035535632679842""}",0
2026-09-27T02:49:59.735394Z,"{""command"": ""migration/0"", ""command_line"": """", ""owner"": ""root"", ""pid"": ""16"", ""process"": ""all"", ""resource_instance_id"": ""8057035535632679842"", ""resource_project_id"": ""proyecto-2-cloud-509714"", ""resource_type"": ""gce_instance"", ""resource_zone"": ""us-central1-a"", ""vm"": ""8057035535632679842""}",0
2026-09-27T02:49:29.732776Z,"{""command"": ""migration/0"", ""command_line"": """", ""owner"": ""root"", ""pid"": ""16"", ""process"": ""all"", ""resource_instance_id"": ""8057035535632679842"", ""resource_project_id"": ""proyecto-2-cloud-509714"", ""resource_type"": ""gce_instance"", ""resource_zone"": ""us-central1-a"", ""vm"": ""8057035535632679842""}",0
2026-09-27T02:48:59.727981Z,"{""command"": ""migration/0"", ""command_line"": """", ""owner"": ""root"", ""pid"": ""16"", ""process"": ""all"", ""resource_instance_id"": ""8057035535632679842"", ""resource_project_id"": ""proyecto-2-cloud-509714"", ""resource_type"": ""gce_instance"", ""resource_zone"": ""us-central1-a"", ""vm"": ""8057035535632679842""}",0
2026-09-27T02:48:29.733582Z,"{""command"": ""migration/0"", ""command_line"": """", ""owner"": ""root"", ""pid"": ""16"", ""process"": ""all"", ""resource_instance_id"": ""8057035535632679842"", ""resource_project_id"": ""proyecto-2-cloud-509714"", ""resource_type"": ""gce_instance"", ""resource_zone"": ""us-central1-a"", ""vm"": ""8057035535632679842""}",0
2026-09-27T02:47:59.732296Z,"{""command"": ""migration/0"", ""command_line"": """", ""owner"": ""root"", ""pid"": ""16"", ""process"": ""all"", ""resource_instance_id"": ""8057035535632679842"", ""resource_project_id"": ""proyecto-2-cloud-509714"", ""resource_type"": ""gce_instance"", ""resource_zone"": ""us-central1-a"", ""vm"": ""8057035535632679842""}",0
2026-09-27T02:47:29.728443Z,"{""command"": ""migration/0"", ""command_line"": """", ""owner"": ""root"", ""pid"": ""16"", ""process"": ""all"", ""resource_instance_id"": ""8057035535632679842"", ""resource_project_id"": ""proyecto-2-cloud-509714"", ""resource_type"": ""gce_instance"", ""resource_zone"": ""us-central1-a"", ""vm"": ""8057035535632679842""}",0
2026-09-27T02:46:59.739225Z,"{""command"": ""migration/0"", ""command_line"": """", ""owner"": ""root"", ""pid"": ""16"", ""process"": ""all"", ""resource_instance_id"": ""8057035535632679842"", ""resource_project_id"": ""proyecto-2-cloud-509714"", ""resource_type"": ""gce_instance"", ""resource_zone"": ""us-central1-a"", ""vm"": ""8057035535632679842""}",0
2026-09-27T02:46:29.734098Z,"{""command"": ""migration/0"", ""command_line"": """", ""owner"": ""root"", ""pid"": ""16"", ""process"": ""all"", ""resource_instance_id"": ""8057035535632679842"", ""resource_project_id"": ""proyecto-2-cloud-509714"", ""resource_type"": ""gce_instance"", ""resource_zone"": ""us-central1-a"", ""vm"": ""8057035535632679842""}",0
2026-09-27T02:45:59.728912Z,"{""command"": ""migration/0"", ""command_line"": """", ""owner"": ""root"", ""pid"": ""16"", ""process"": ""all"", ""resource_instance_id"": ""8057035535632679842"", ""resource_project_id"": ""proyecto-2-cloud-509714"", ""resource_type"": ""gce_instance"", ""resource_zone"": ""us-central1-a"", ""vm"": ""8057035535632679842""}",0
2026-09-27T02:45:29.734752Z,"{""command"": ""migration/0"", ""command_line"": """", ""owner"": ""root"", ""pid"": ""16"", ""process"": ""all"", ""resource_instance_id"": ""8057035535632679842"", ""resource_project_id"": ""proyecto-2-cloud-509714"", ""resource_type"": ""gce_instance"", ""resource_zone"": ""us-central1-a"", ""vm"": ""8057035535632679842""}",0
2026-09-27T02:44:59.739914Z,"{""command"": ""migration/0"", ""command_line"": """", ""owner"": ""root"", ""pid"": ""16"", ""process"": ""all"", ""resource_instance_id"": ""8057035535632679842"", ""resource_project_id"": ""proyecto-2-cloud-509714"", ""resource_type"": ""gce_instance"", ""resource_zone"": ""us-central1-a"", ""vm"": ""8057035535632679842""}",0
2026-09-27T02:44:29.736952Z,"{""command"": ""migration/0"", ""command_line"": """", ""owner"": ""root"", ""pid"": ""16"", ""process"": ""all"", ""resource_instance_id"": ""8057035535632679842"", ""resource_project_id"": ""proyecto-2-cloud-509714"", ""resource_type"": ""gce_instance"", ""resource_zone"": ""us-central1-a"", ""vm"": ""8057035535632679842""}",0
2026-09-27T02:43:59.738543Z,"{""command"": ""migration/0"", ""command_line"": """", ""owner"": ""root"", ""pid"": ""16"", ""process"": ""all"", ""resource_instance_id"": ""8057035535632679842"", ""resource_project_id"": ""proyecto-2-cloud-509714"", ""resource_type"": ""gce_instance"", ""resource_zone"": ""us-central1-a"", ""vm"": ""8057035535632679842""}",0
2026-09-27T02:43:29.738773Z,"{""command"": ""migration/0"", ""command_line"": """", ""owner"": ""root"", ""pid"": ""16"", ""process"": ""all"", ""resource_instance_id"": ""8057035535632679842"", ""resource_project_id"": ""proyecto-2-cloud-509714"", ""resource_type"": ""gce_instance"", ""resource_zone"": ""us-central1-a"", ""vm"": ""8057035535632679842""}",0
2026-09-27T02:42:59.732952Z,"{""command"": ""migration/0"", ""command_line"": """", ""owner"": ""root"", ""pid"": ""16"", ""process"": ""all"", ""resource_instance_id"": ""8057035535632679842"", ""resource_project_id"": ""proyecto-2-cloud-509714"", ""resource_type"": ""gce_instance"", ""resource_zone"": ""us-central1-a"", ""vm"": ""8057035535632679842""}",0
2026-09-27T02:42:29.757746Z,"{""command"": ""migration/0"", ""command_line"": """", ""owner"": ""root"", ""pid"": ""16"", ""process"": ""all"", ""resource_instance_id"": ""8057035535632679842"", ""resource_project_id"": ""proyecto-2-cloud-509714"", ""resource_type"": ""gce_instance"", ""resource_zone"": ""us-central1-a"", ""vm"": ""8057035535632679842""}",0
2026-09-27T02:41:59.735975Z,"{""command"": ""migration/0"", ""command_line"": """", ""owner"": ""root"", ""pid"": ""16"", ""process"": ""all"", ""resource_instance_id"": ""8057035535632679842"", ""resource_project_id"": ""proyecto-2-cloud-509714"", ""resource_type"": ""gce_instance"", ""resource_zone"": ""us-central1-a"", ""vm"": ""8057035535632679842""}",0
2026-09-27T02:41:29.740089Z,"{""command"": ""migration/0"", ""command_line"": """", ""owner"": ""root"", ""pid"": ""16"", ""process"": ""all"", ""resource_instance_id"": ""8057035535632679842"", ""resource_project_id"": ""proyecto-2-cloud-509714"", ""resource_type"": ""gce_instance"", ""resource_zone"": ""us-central1-a"", ""vm"": ""8057035535632679842""}",0
2026-09-27T02:40:59.727783Z,"{""command"": ""migration/0"", ""command_line"": """", ""owner"": ""root"", ""pid"": ""16"", ""process"": ""all"", ""resource_instance_id"": ""8057035535632679842"", ""resource_project_id"": ""proyecto-2-cloud-509714"", ""resource_type"": ""gce_instance"", ""resource_zone"": ""us-central1-a"", ""vm"": ""8057035535632679842""}",0
2026-09-27T02:40:29.725655Z,"{""command"": ""migration/0"", ""command_line"": """", ""owner"": ""root"", ""pid"": ""16"", ""process"": ""all"", ""resource_instance_id"": ""8057035535632679842"", ""resource_project_id"": ""proyecto-2-cloud-509714"", ""resource_type"": ""gce_instance"", ""resource_zone"": ""us-central1-a"", ""vm"": ""8057035535632679842""}",0
2026-09-27T02:39:59.730366Z,"{""command"": ""migration/0"", ""command_line"": """", ""owner"": ""root"", ""pid"": ""16"", ""process"": ""all"", ""resource_instance_id"": ""8057035535632679842"", ""resource_project_id"": ""proyecto-2-cloud-509714"", ""resource_type"": ""gce_instance"", ""resource_zone"": ""us-central1-a"", ""vm"": ""8057035535632679842""}",0
2026-09-27T02:39:29.727892Z,"{""command"": ""migration/0"", ""command_line"": """", ""owner"": ""root"", ""pid"": ""16"", ""process"": ""all"", ""resource_instance_id"": ""8057035535632679842"", ""resource_project_id"": ""proyecto-2-cloud-509714"", ""resource_type"": ""gce_instance"", ""resource_zone"": ""us-central1-a"", ""vm"": ""8057035535632679842""}",0
2026-09-27T02:38:59.731828Z,"{""command"": ""migration/0"", ""command_line"": """", ""owner"": ""root"", ""pid"": ""16"", ""process"": ""all"", ""resource_instance_id"": ""8057035535632679842"", ""resource_project_id"": ""proyecto-2-cloud-509714"", ""resource_type"": ""gce_instance"", ""resource_zone"": ""us-central1-a"", ""vm"": ""8057035535632679842""}",0
2026-09-27T02:38:29.724499Z,"{""command"": ""migration/0"", ""command_line"": """", ""owner"": ""root"", ""pid"": ""16"", ""process"": ""all"", ""resource_instance_id"": ""8057035535632679842"", ""resource_project_id"": ""proyecto-2-cloud-509714"", ""resource_type"": ""gce_instance"", ""resource_zone"": ""us-central1-a"", ""vm"": ""8057035535632679842""}",0
2026-09-27T02:37:59.735425Z,"{""command"": ""migration/0"", ""command_line"": """", ""owner"": ""root"", ""pid"": ""16"", ""process"": ""all"", ""resource_instance_id"": ""8057035535632679842"", ""resource_project_id"": ""proyecto-2-cloud-509714"", ""resource_type"": ""gce_instance"", ""resource_zone"": ""us-central1-a"", ""vm"": ""8057035535632679842""}",0
2026-09-27T02:37:29.728370Z,"{""command"": ""migration/0"", ""command_line"": """", ""owner"": ""root"", ""pid"": ""16"", ""process"": ""all"", ""resource_instance_id"": ""8057035535632679842"", ""resource_project_id"": ""proyecto-2-cloud-509714"", ""resource_type"": ""gce_instance"", ""resource_zone"": ""us-central1-a"", ""vm"": ""8057035535632679842""}",0
2026-09-27T02:36:59.735749Z,"{""command"": ""migration/0"", ""command_line"": """", ""owner"": ""root"", ""pid"": ""16"", ""process"": ""all"", ""resource_instance_id"": ""8057035535632679842"", ""resource_project_id"": ""proyecto-2-cloud-509714"", ""resource_type"": ""gce_instance"", ""resource_zone"": ""us-central1-a"", ""vm"": ""8057035535632679842""}",0
2026-09-27T02:36:29.730857Z,"{""command"": ""migration/0"", ""command_line"": """", ""owner"": ""root"", ""pid"": ""16"", ""process"": ""all"", ""resource_instance_id"": ""8057035535632679842"", ""resource_project_id"": ""proyecto-2-cloud-509714"", ""resource_type"": ""gce_instance"", ""resource_zone"": ""us-central1-a"", ""vm"": ""8057035535632679842""}",0
2026-09-27T02:35:59.724698Z,"{""command"": ""migration/0"", ""command_line"": """", ""owner"": ""root"", ""pid"": ""16"", ""process"": ""all"", ""resource_instance_id"": ""8057035535632679842"", ""resource_project_id"": ""proyecto-2-cloud-509714"", ""resource_type"": ""gce_instance"", ""resource_zone"": ""us-central1-a"", ""vm"": ""8057035535632679842""}",0
2026-09-27T02:35:29.723558Z,"{""command"": ""migration/0"", ""command_line"": """", ""owner"": ""root"", ""pid"": ""16"", ""process"": ""all"", ""resource_instance_id"": ""8057035535632679842"", ""resource_project_id"": ""proyecto-2-cloud-509714"", ""resource_type"": ""gce_instance"", ""resource_zone"": ""us-central1-a"", ""vm"": ""8057035535632679842""}",0
2026-09-27T02:34:59.728028Z,"{""command"": ""migration/0"", ""command_line"": """", ""owner"": ""root"", ""pid"": ""16"", ""process"": ""all"", ""resource_instance_id"": ""8057035535632679842"", ""resource_project_id"": ""proyecto-2-cloud-509714"", ""resource_type"": ""gce_instance"", ""resource_zone"": ""us-central1-a"", ""vm"": ""8057035535632679842""}",0
2026-09-27T02:34:29.727695Z,"{""command"": ""migration/0"", ""command_line"": """", ""owner"": ""root"", ""pid"": ""16"", ""process"": ""all"", ""resource_instance_id"": ""8057035535632679842"", ""resource_project_id"": ""proyecto-2-cloud-509714"", ""resource_type"": ""gce_instance"", ""resource_zone"": ""us-central1-a"", ""vm"": ""8057035535632679842""}",0
2026-09-27T02:33:59.734767Z,"{""command"": ""migration/0"", ""command_line"": """", ""owner"": ""root"", ""pid"": ""16"", ""process"": ""all"", ""resource_instance_id"": ""8057035535632679842"", ""resource_project_id"": ""proyecto-2-cloud-509714"", ""resource_type"": ""gce_instance"", ""resource_zone"": ""us-central1-a"", ""vm"": ""8057035535632679842""}",0
2026-09-27T02:33:29.724221Z,"{""command"": ""migration/0"", ""command_line"": """", ""owner"": ""root"", ""pid"": ""16"", ""process"": ""all"", ""resource_instance_id"": ""8057035535632679842"", ""resource_project_id"": ""proyecto-2-cloud-509714"", ""resource_type"": ""gce_instance"", ""resource_zone"": ""us-central1-a"", ""vm"": ""8057035535632679842""}",0
2026-09-27T02:32:59.741212Z,"{""command"": ""migration/0"", ""command_line"": """", ""owner"": ""root"", ""pid"": ""16"", ""process"": ""all"", ""resource_instance_id"": ""8057035535632679842"", ""resource_project_id"": ""proyecto-2-cloud-509714"", ""resource_type"": ""gce_instance"", ""resource_zone"": ""us-central1-a"", ""vm"": ""8057035535632679842""}",0
2026-09-27T02:32:29.732366Z,"{""command"": ""migration/0"", ""command_line"": """", ""owner"": ""root"", ""pid"": ""16"", ""process"": ""all"", ""resource_instance_id"": ""8057035535632679842"", ""resource_project_id"": ""proyecto-2-cloud-509714"", ""resource_type"": ""gce_instance"", ""resource_zone"": ""us-central1-a"", ""vm"": ""8057035535632679842""}",0
2026-09-27T02:31:59.732707Z,"{""command"": ""migration/0"", ""command_line"": """", ""owner"": ""root"", ""pid"": ""16"", ""process"": ""all"", ""resource_instance_id"": ""8057035535632679842"", ""resource_project_id"": ""proyecto-2-cloud-509714"", ""resource_type"": ""gce_instance"", ""resource_zone"": ""us-central1-a"", ""vm"": ""8057035535632679842""}",0
2026-09-27T02:31:29.727207Z,"{""command"": ""migration/0"", ""command_line"": """", ""owner"": ""root"", ""pid"": ""16"", ""process"": ""all"", ""resource_instance_id"": ""8057035535632679842"", ""resource_project_id"": ""proyecto-2-cloud-509714"", ""resource_type"": ""gce_instance"", ""resource_zone"": ""us-central1-a"", ""vm"": ""8057035535632679842""}",0
2026-09-27T02:30:59.741347Z,"{""command"": ""migration/0"", ""command_line"": """", ""owner"": ""root"", ""pid"": ""16"", ""process"": ""all"", ""resource_instance_id"": ""8057035535632679842"", ""resource_project_id"": ""proyecto-2-cloud-509714"", ""resource_type"": ""gce_instance"", ""resource_zone"": ""us-central1-a"", ""vm"": ""8057035535632679842""}",0
2026-09-27T02:30:29.737449Z,"{""command"": ""migration/0"", ""command_line"": """", ""owner"": ""root"", ""pid"": ""16"", ""process"": ""all"", ""resource_instance_id"": ""8057035535632679842"", ""resource_project_id"": ""proyecto-2-cloud-509714"", ""resource_type"": ""gce_instance"", ""resource_zone"": ""us-central1-a"", ""vm"": ""8057035535632679842""}",0
2026-09-27T02:30:22.323825Z,"{""command"": ""migration/0"", ""command_line"": """", ""owner"": ""root"", ""pid"": ""16"", ""process"": ""all"", ""resource_instance_id"": ""8057035535632679842"", ""resource_project_id"": ""proyecto-2-cloud-509714"", ""resource_type"": ""gce_instance"", ""resource_zone"": ""us-central1-a"", ""vm"": ""8057035535632679842""}",0
2026-09-27T02:49:59.735672Z,"{""command"": ""migration/1"", ""command_line"": """", ""owner"": ""root"", ""pid"": ""20"", ""process"": ""all"", ""resource_instance_id"": ""8057035535632679842"", ""resource_project_id"": ""proyecto-2-cloud-509714"", ""resource_type"": ""gce_instance"", ""resource_zone"": ""us-central1-a"", ""vm"": ""8057035535632679842""}",0
2026-09-27T02:49:29.732954Z,"{""command"": ""migration/1"", ""command_line"": """", ""owner"": ""root"", ""pid"": ""20"", ""process"": ""all"", ""resource_instance_id"": ""8057035535632679842"", ""resource_project_id"": ""proyecto-2-cloud-509714"", ""resource_type"": ""gce_instance"", ""resource_zone"": ""us-central1-a"", ""vm"": ""8057035535632679842""}",0
2026-09-27T02:48:59.728130Z,"{""command"": ""migration/1"", ""command_line"": """", ""owner"": ""root"", ""pid"": ""20"", ""process"": ""all"", ""resource_instance_id"": ""8057035535632679842"", ""resource_project_id"": ""proyecto-2-cloud-509714"", ""resource_type"": ""gce_instance"", ""resource_zone"": ""us-central1-a"", ""vm"": ""8057035535632679842""}",0
2026-09-27T02:48:29.733790Z,"{""command"": ""migration/1"", ""command_line"": """", ""owner"": ""root"", ""pid"": ""20"", ""process"": ""all"", ""resource_instance_id"": ""8057035535632679842"", ""resource_project_id"": ""proyecto-2-cloud-509714"", ""resource_type"": ""gce_instance"", ""resource_zone"": ""us-central1-a"", ""vm"": ""8057035535632679842""}",0
2026-09-27T02:47:59.732452Z,"{""command"": ""migration/1"", ""command_line"": """", ""owner"": ""root"", ""pid"": ""20"", ""process"": ""all"", ""resource_instance_id"": ""8057035535632679842"", ""resource_project_id"": ""proyecto-2-cloud-509714"", ""resource_type"": ""gce_instance"", ""resource_zone"": ""us-central1-a"", ""vm"": ""8057035535632679842""}",0
2026-09-27T02:47:29.728701Z,"{""command"": ""migration/1"", ""command_line"": """", ""owner"": ""root"", ""pid"": ""20"", ""process"": ""all"", ""resource_instance_id"": ""8057035535632679842"", ""resource_project_id"": ""proyecto-2-cloud-509714"", ""resource_type"": ""gce_instance"", ""resource_zone"": ""us-central1-a"", ""vm"": ""8057035535632679842""}",0
2026-09-27T02:46:59.739464Z,"{""command"": ""migration/1"", ""command_line"": """", ""owner"": ""root"", ""pid"": ""20"", ""process"": ""all"", ""resource_instance_id"": ""8057035535632679842"", ""resource_project_id"": ""proyecto-2-cloud-509714"", ""resource_type"": ""gce_instance"", ""resource_zone"": ""us-central1-a"", ""vm"": ""8057035535632679842""}",0
2026-09-27T02:46:29.734261Z,"{""command"": ""migration/1"", ""command_line"": """", ""owner"": ""root"", ""pid"": ""20"", ""process"": ""all"", ""resource_instance_id"": ""8057035535632679842"", ""resource_project_id"": ""proyecto-2-cloud-509714"", ""resource_type"": ""gce_instance"", ""resource_zone"": ""us-central1-a"", ""vm"": ""8057035535632679842""}",0
2026-09-27T02:45:59.729070Z,"{""command"": ""migration/1"", ""command_line"": """", ""owner"": ""root"", ""pid"": ""20"", ""process"": ""all"", ""resource_instance_id"": ""8057035535632679842"", ""resource_project_id"": ""proyecto-2-cloud-509714"", ""resource_type"": ""gce_instance"", ""resource_zone"": ""us-central1-a"", ""vm"": ""8057035535632679842""}",0
2026-09-27T02:45:29.734918Z,"{""command"": ""migration/1"", ""command_line"": """", ""owner"": ""root"", ""pid"": ""20"", ""process"": ""all"", ""resource_instance_id"": ""8057035535632679842"", ""resource_project_id"": ""proyecto-2-cloud-509714"", ""resource_type"": ""gce_instance"", ""resource_zone"": ""us-central1-a"", ""vm"": ""8057035535632679842""}",0
2026-09-27T02:44:59.740085Z,"{""command"": ""migration/1"", ""command_line"": """", ""owner"": ""root"", ""pid"": ""20"", ""process"": ""all"", ""resource_instance_id"": ""8057035535632679842"", ""resource_project_id"": ""proyecto-2-cloud-509714"", ""resource_type"": ""gce_instance"", ""resource_zone"": ""us-central1-a"", ""vm"": ""8057035535632679842""}",0
2026-09-27T02:44:29.737130Z,"{""command"": ""migration/1"", ""command_line"": """", ""owner"": ""root"", ""pid"": ""20"", ""process"": ""all"", ""resource_instance_id"": ""8057035535632679842"", ""resource_project_id"": ""proyecto-2-cloud-509714"", ""resource_type"": ""gce_instance"", ""resource_zone"": ""us-central1-a"", ""vm"": ""8057035535632679842""}",0
2026-09-27T02:43:59.738763Z,"{""command"": ""migration/1"", ""command_line"": """", ""owner"": ""root"", ""pid"": ""20"", ""process"": ""all"", ""resource_instance_id"": ""8057035535632679842"", ""resource_project_id"": ""proyecto-2-cloud-509714"", ""resource_type"": ""gce_instance"", ""resource_zone"": ""us-central1-a"", ""vm"": ""8057035535632679842""}",0
2026-09-27T02:43:29.739017Z,"{""command"": ""migration/1"", ""command_line"": """", ""owner"": ""root"", ""pid"": ""20"", ""process"": ""all"", ""resource_instance_id"": ""8057035535632679842"", ""resource_project_id"": ""proyecto-2-cloud-509714"", ""resource_type"": ""gce_instance"", ""resource_zone"": ""us-central1-a"", ""vm"": ""8057035535632679842""}",0
2026-09-27T02:42:59.733140Z,"{""command"": ""migration/1"", ""command_line"": """", ""owner"": ""root"", ""pid"": ""20"", ""process"": ""all"", ""resource_instance_id"": ""8057035535632679842"", ""resource_project_id"": ""proyecto-2-cloud-509714"", ""resource_type"": ""gce_instance"", ""resource_zone"": ""us-central1-a"", ""vm"": ""8057035535632679842""}",0
2026-09-27T02:42:29.757952Z,"{""command"": ""migration/1"", ""command_line"": """", ""owner"": ""root"", ""pid"": ""20"", ""process"": ""all"", ""resource_instance_id"": ""8057035535632679842"", ""resource_project_id"": ""proyecto-2-cloud-509714"", ""resource_type"": ""gce_instance"", ""resource_zone"": ""us-central1-a"", ""vm"": ""8057035535632679842""}",0
2026-09-27T02:41:59.736177Z,"{""command"": ""migration/1"", ""command_line"": """", ""owner"": ""root"", ""pid"": ""20"", ""process"": ""all"", ""resource_instance_id"": ""8057035535632679842"", ""resource_project_id"": ""proyecto-2-cloud-509714"", ""resource_type"": ""gce_instance"", ""resource_zone"": ""us-central1-a"", ""vm"": ""8057035535632679842""}",0
2026-09-27T02:41:29.740323Z,"{""command"": ""migration/1"", ""command_line"": """", ""owner"": ""root"", ""pid"": ""20"", ""process"": ""all"", ""resource_instance_id"": ""8057035535632679842"", ""resource_project_id"": ""proyecto-2-cloud-509714"", ""resource_type"": ""gce_instance"", ""resource_zone"": ""us-central1-a"", ""vm"": ""8057035535632679842""}",0
2026-09-27T02:40:59.728020Z,"{""command"": ""migration/1"", ""command_line"": """", ""owner"": ""root"", ""pid"": ""20"", ""process"": ""all"", ""resource_instance_id"": ""8057035535632679842"", ""resource_project_id"": ""proyecto-2-cloud-509714"", ""resource_type"": ""gce_instance"", ""resource_zone"": ""us-central1-a"", ""vm"": ""8057035535632679842""}",0
2026-09-27T02:40:29.725819Z,"{""command"": ""migration/1"", ""command_line"": """", ""owner"": ""root"", ""pid"": ""20"", ""process"": ""all"", ""resource_instance_id"": ""8057035535632679842"", ""resource_project_id"": ""proyecto-2-cloud-509714"", ""resource_type"": ""gce_instance"", ""resource_zone"": ""us-central1-a"", ""vm"": ""8057035535632679842""}",0
2026-09-27T02:39:59.731037Z,"{""command"": ""migration/1"", ""command_line"": """", ""owner"": ""root"", ""pid"": ""20"", ""process"": ""all"", ""resource_instance_id"": ""8057035535632679842"", ""resource_project_id"": ""proyecto-2-cloud-509714"", ""resource_type"": ""gce_instance"", ""resource_zone"": ""us-central1-a"", ""vm"": ""8057035535632679842""}",0
2026-09-27T02:39:29.728065Z,"{""command"": ""migration/1"", ""command_line"": """", ""owner"": ""root"", ""pid"": ""20"", ""process"": ""all"", ""resource_instance_id"": ""8057035535632679842"", ""resource_project_id"": ""proyecto-2-cloud-509714"", ""resource_type"": ""gce_instance"", ""resource_zone"": ""us-central1-a"", ""vm"": ""8057035535632679842""}",0
2026-09-27T02:38:59.732106Z,"{""command"": ""migration/1"", ""command_line"": """", ""owner"": ""root"", ""pid"": ""20"", ""process"": ""all"", ""resource_instance_id"": ""8057035535632679842"", ""resource_project_id"": ""proyecto-2-cloud-509714"", ""resource_type"": ""gce_instance"", ""resource_zone"": ""us-central1-a"", ""vm"": ""8057035535632679842""}",0
2026-09-27T02:38:29.724725Z,"{""command"": ""migration/1"", ""command_line"": """", ""owner"": ""root"", ""pid"": ""20"", ""process"": ""all"", ""resource_instance_id"": ""8057035535632679842"", ""resource_project_id"": ""proyecto-2-cloud-509714"", ""resource_type"": ""gce_instance"", ""resource_zone"": ""us-central1-a"", ""vm"": ""8057035535632679842""}",0
2026-09-27T02:37:59.735606Z,"{""command"": ""migration/1"", ""command_line"": """", ""owner"": ""root"", ""pid"": ""20"", ""process"": ""all"", ""resource_instance_id"": ""8057035535632679842"", ""resource_project_id"": ""proyecto-2-cloud-509714"", ""resource_type"": ""gce_instance"", ""resource_zone"": ""us-central1-a"", ""vm"": ""8057035535632679842""}",0
2026-09-27T02:37:29.728635Z,"{""command"": ""migration/1"", ""command_line"": """", ""owner"": ""root"", ""pid"": ""20"", ""process"": ""all"", ""resource_instance_id"": ""8057035535632679842"", ""resource_project_id"": ""proyecto-2-cloud-509714"", ""resource_type"": ""gce_instance"", ""resource_zone"": ""us-central1-a"", ""vm"": ""8057035535632679842""}",0
2026-09-27T02:36:59.736022Z,"{""command"": ""migration/1"", ""command_line"": """", ""owner"": ""root"", ""pid"": ""20"", ""process"": ""all"", ""resource_instance_id"": ""8057035535632679842"", ""resource_project_id"": ""proyecto-2-cloud-509714"", ""resource_type"": ""gce_instance"", ""resource_zone"": ""us-central1-a"", ""vm"": ""8057035535632679842""}",0
2026-09-27T02:36:29.731126Z,"{""command"": ""migration/1"", ""command_line"": """", ""owner"": ""root"", ""pid"": ""20"", ""process"": ""all"", ""resource_instance_id"": ""8057035535632679842"", ""resource_project_id"": ""proyecto-2-cloud-509714"", ""resource_type"": ""gce_instance"", ""resource_zone"": ""us-central1-a"", ""vm"": ""8057035535632679842""}",0
2026-09-27T02:35:59.724874Z,"{""command"": ""migration/1"", ""command_line"": """", ""owner"": ""root"", ""pid"": ""20"", ""process"": ""all"", ""resource_instance_id"": ""8057035535632679842"", ""resource_project_id"": ""proyecto-2-cloud-509714"", ""resource_type"": ""gce_instance"", ""resource_zone"": ""us-central1-a"", ""vm"": ""8057035535632679842""}",0
2026-09-27T02:35:29.723747Z,"{""command"": ""migration/1"", ""command_line"": """", ""owner"": ""root"", ""pid"": ""20"", ""process"": ""all"", ""resource_instance_id"": ""8057035535632679842"", ""resource_project_id"": ""proyecto-2-cloud-509714"", ""resource_type"": ""gce_instance"", ""resource_zone"": ""us-central1-a"", ""vm"": ""8057035535632679842""}",0
2026-09-27T02:34:59.728223Z,"{""command"": ""migration/1"", ""command_line"": """", ""owner"": ""root"", ""pid"": ""20"", ""process"": ""all"", ""resource_instance_id"": ""8057035535632679842"", ""resource_project_id"": ""proyecto-2-cloud-509714"", ""resource_type"": ""gce_instance"", ""resource_zone"": ""us-central1-a"", ""vm"": ""8057035535632679842""}",0
2026-09-27T02:34:29.727874Z,"{""command"": ""migration/1"", ""command_line"": """", ""owner"": ""root"", ""pid"": ""20"", ""process"": ""all"", ""resource_instance_id"": ""8057035535632679842"", ""resource_project_id"": ""proyecto-2-cloud-509714"", ""resource_type"": ""gce_instance"", ""resource_zone"": ""us-central1-a"", ""vm"": ""8057035535632679842""}",0
2026-09-27T02:33:59.734939Z,"{""command"": ""migration/1"", ""command_line"": """", ""owner"": ""root"", ""pid"": ""20"", ""process"": ""all"", ""resource_instance_id"": ""8057035535632679842"", ""resource_project_id"": ""proyecto-2-cloud-509714"", ""resource_type"": ""gce_instance"", ""resource_zone"": ""us-central1-a"", ""vm"": ""8057035535632679842""}",0
2026-09-27T02:33:29.724378Z,"{""command"": ""migration/1"", ""command_line"": """", ""owner"": ""root"", ""pid"": ""20"", ""process"": ""all"", ""resource_instance_id"": ""8057035535632679842"", ""resource_project_id"": ""proyecto-2-cloud-509714"", ""resource_type"": ""gce_instance"", ""resource_zone"": ""us-central1-a"", ""vm"": ""8057035535632679842""}",0
2026-09-27T02:32:59.741398Z,"{""command"": ""migration/1"", ""command_line"": """", ""owner"": ""root"", ""pid"": ""20"", ""process"": ""all"", ""resource_instance_id"": ""8057035535632679842"", ""resource_project_id"": ""proyecto-2-cloud-509714"", ""resource_type"": ""gce_instance"", ""resource_zone"": ""us-central1-a"", ""vm"": ""8057035535632679842""}",0
2026-09-27T02:32:29.732549Z,"{""command"": ""migration/1"", ""command_line"": """", ""owner"": ""root"", ""pid"": ""20"", ""process"": ""all"", ""resource_instance_id"": ""8057035535632679842"", ""resource_project_id"": ""proyecto-2-cloud-509714"", ""resource_type"": ""gce_instance"", ""resource_zone"": ""us-central1-a"", ""vm"": ""8057035535632679842""}",0
2026-09-27T02:31:59.732872Z,"{""command"": ""migration/1"", ""command_line"": """", ""owner"": ""root"", ""pid"": ""20"", ""process"": ""all"", ""resource_instance_id"": ""8057035535632679842"", ""resource_project_id"": ""proyecto-2-cloud-509714"", ""resource_type"": ""gce_instance"", ""resource_zone"": ""us-central1-a"", ""vm"": ""8057035535632679842""}",0
2026-09-27T02:31:29.727398Z,"{""command"": ""migration/1"", ""command_line"": """", ""owner"": ""root"", ""pid"": ""20"", ""process"": ""all"", ""resource_instance_id"": ""8057035535632679842"", ""resource_project_id"": ""proyecto-2-cloud-509714"", ""resource_type"": ""gce_instance"", ""resource_zone"": ""us-central1-a"", ""vm"": ""8057035535632679842""}",0
2026-09-27T02:30:59.741956Z,"{""command"": ""migration/1"", ""command_line"": """", ""owner"": ""root"", ""pid"": ""20"", ""process"": ""all"", ""resource_instance_id"": ""8057035535632679842"", ""resource_project_id"": ""proyecto-2-cloud-509714"", ""resource_type"": ""gce_instance"", ""resource_zone"": ""us-central1-a"", ""vm"": ""8057035535632679842""}",0
2026-09-27T02:30:29.737631Z,"{""command"": ""migration/1"", ""command_line"": """", ""owner"": ""root"", ""pid"": ""20"", ""process"": ""all"", ""resource_instance_id"": ""8057035535632679842"", ""resource_project_id"": ""proyecto-2-cloud-509714"", ""resource_type"": ""gce_instance"", ""resource_zone"": ""us-central1-a"", ""vm"": ""8057035535632679842""}",0
2026-09-27T02:30:22.324089Z,"{""command"": ""migration/1"", ""command_line"": """", ""owner"": ""root"", ""pid"": ""20"", ""process"": ""all"", ""resource_instance_id"": ""8057035535632679842"", ""resource_project_id"": ""proyecto-2-cloud-509714"", ""resource_type"": ""gce_instance"", ""resource_zone"": ""us-central1-a"", ""vm"": ""8057035535632679842""}",0
2026-09-27T02:49:59.737825Z,"{""command"": ""mld"", ""command_line"": """", ""owner"": ""root"", ""pid"": ""59"", ""process"": ""all"", ""resource_instance_id"": ""8057035535632679842"", ""resource_project_id"": ""proyecto-2-cloud-509714"", ""resource_type"": ""gce_instance"", ""resource_zone"": ""us-central1-a"", ""vm"": ""8057035535632679842""}",0
2026-09-27T02:49:29.734442Z,"{""command"": ""mld"", ""command_line"": """", ""owner"": ""root"", ""pid"": ""59"", ""process"": ""all"", ""resource_instance_id"": ""8057035535632679842"", ""resource_project_id"": ""proyecto-2-cloud-509714"", ""resource_type"": ""gce_instance"", ""resource_zone"": ""us-central1-a"", ""vm"": ""8057035535632679842""}",0
2026-09-27T02:48:59.729369Z,"{""command"": ""mld"", ""command_line"": """", ""owner"": ""root"", ""pid"": ""59"", ""process"": ""all"", ""resource_instance_id"": ""8057035535632679842"", ""resource_project_id"": ""proyecto-2-cloud-509714"", ""resource_type"": ""gce_instance"", ""resource_zone"": ""us-central1-a"", ""vm"": ""8057035535632679842""}",0
2026-09-27T02:48:29.736207Z,"{""command"": ""mld"", ""command_line"": """", ""owner"": ""root"", ""pid"": ""59"", ""process"": ""all"", ""resource_instance_id"": ""8057035535632679842"", ""resource_project_id"": ""proyecto-2-cloud-509714"", ""resource_type"": ""gce_instance"", ""resource_zone"": ""us-central1-a"", ""vm"": ""8057035535632679842""}",0
2026-09-27T02:47:59.733885Z,"{""command"": ""mld"", ""command_line"": """", ""owner"": ""root"", ""pid"": ""59"", ""process"": ""all"", ""resource_instance_id"": ""8057035535632679842"", ""resource_project_id"": ""proyecto-2-cloud-509714"", ""resource_type"": ""gce_instance"", ""resource_zone"": ""us-central1-a"", ""vm"": ""8057035535632679842""}",0
2026-09-27T02:47:29.730883Z,"{""command"": ""mld"", ""command_line"": """", ""owner"": ""root"", ""pid"": ""59"", ""process"": ""all"", ""resource_instance_id"": ""8057035535632679842"", ""resource_project_id"": ""proyecto-2-cloud-509714"", ""resource_type"": ""gce_instance"", ""resource_zone"": ""us-central1-a"", ""vm"": ""8057035535632679842""}",0
2026-09-27T02:46:59.741402Z,"{""command"": ""mld"", ""command_line"": """", ""owner"": ""root"", ""pid"": ""59"", ""process"": ""all"", ""resource_instance_id"": ""8057035535632679842"", ""resource_project_id"": ""proyecto-2-cloud-509714"", ""resource_type"": ""gce_instance"", ""resource_zone"": ""us-central1-a"", ""vm"": ""8057035535632679842""}",0
2026-09-27T02:46:29.735828Z,"{""command"": ""mld"", ""command_line"": """", ""owner"": ""root"", ""pid"": ""59"", ""process"": ""all"", ""resource_instance_id"": ""8057035535632679842"", ""resource_project_id"": ""proyecto-2-cloud-509714"", ""resource_type"": ""gce_instance"", ""resource_zone"": ""us-central1-a"", ""vm"": ""8057035535632679842""}",0
2026-09-27T02:45:59.730365Z,"{""command"": ""mld"", ""command_line"": """", ""owner"": ""root"", ""pid"": ""59"", ""process"": ""all"", ""resource_instance_id"": ""8057035535632679842"", ""resource_project_id"": ""proyecto-2-cloud-509714"", ""resource_type"": ""gce_instance"", ""resource_zone"": ""us-central1-a"", ""vm"": ""8057035535632679842""}",0
2026-09-27T02:45:29.736196Z,"{""command"": ""mld"", ""command_line"": """", ""owner"": ""root"", ""pid"": ""59"", ""process"": ""all"", ""resource_instance_id"": ""8057035535632679842"", ""resource_project_id"": ""proyecto-2-cloud-509714"", ""resource_type"": ""gce_instance"", ""resource_zone"": ""us-central1-a"", ""vm"": ""8057035535632679842""}",0
2026-09-27T02:44:59.741499Z,"{""command"": ""mld"", ""command_line"": """", ""owner"": ""root"", ""pid"": ""59"", ""process"": ""all"", ""resource_instance_id"": ""8057035535632679842"", ""resource_project_id"": ""proyecto-2-cloud-509714"", ""resource_type"": ""gce_instance"", ""resource_zone"": ""us-central1-a"", ""vm"": ""8057035535632679842""}",0
2026-09-27T02:44:29.738651Z,"{""command"": ""mld"", ""command_line"": """", ""owner"": ""root"", ""pid"": ""59"", ""process"": ""all"", ""resource_instance_id"": ""8057035535632679842"", ""resource_project_id"": ""proyecto-2-cloud-509714"", ""resource_type"": ""gce_instance"", ""resource_zone"": ""us-central1-a"", ""vm"": ""8057035535632679842""}",0
2026-09-27T02:43:59.740212Z,"{""command"": ""mld"", ""command_line"": """", ""owner"": ""root"", ""pid"": ""59"", ""process"": ""all"", ""resource_instance_id"": ""8057035535632679842"", ""resource_project_id"": ""proyecto-2-cloud-509714"", ""resource_type"": ""gce_instance"", ""resource_zone"": ""us-central1-a"", ""vm"": ""8057035535632679842""}",0
2026-09-27T02:43:29.740836Z,"{""command"": ""mld"", ""command_line"": """", ""owner"": ""root"", ""pid"": ""59"", ""process"": ""all"", ""resource_instance_id"": ""8057035535632679842"", ""resource_project_id"": ""proyecto-2-cloud-509714"", ""resource_type"": ""gce_instance"", ""resource_zone"": ""us-central1-a"", ""vm"": ""8057035535632679842""}",0
2026-09-27T02:42:59.734666Z,"{""command"": ""mld"", ""command_line"": """", ""owner"": ""root"", ""pid"": ""59"", ""process"": ""all"", ""resource_instance_id"": ""8057035535632679842"", ""resource_project_id"": ""proyecto-2-cloud-509714"", ""resource_type"": ""gce_instance"", ""resource_zone"": ""us-central1-a"", ""vm"": ""8057035535632679842""}",0
2026-09-27T02:42:29.759613Z,"{""command"": ""mld"", ""command_line"": """", ""owner"": ""root"", ""pid"": ""59"", ""process"": ""all"", ""resource_instance_id"": ""8057035535632679842"", ""resource_project_id"": ""proyecto-2-cloud-509714"", ""resource_type"": ""gce_instance"", ""resource_zone"": ""us-central1-a"", ""vm"": ""8057035535632679842""}",0
2026-09-27T02:41:59.737901Z,"{""command"": ""mld"", ""command_line"": """", ""owner"": ""root"", ""pid"": ""59"", ""process"": ""all"", ""resource_instance_id"": ""8057035535632679842"", ""resource_project_id"": ""proyecto-2-cloud-509714"", ""resource_type"": ""gce_instance"", ""resource_zone"": ""us-central1-a"", ""vm"": ""8057035535632679842""}",0
2026-09-27T02:41:29.741677Z,"{""command"": ""mld"", ""command_line"": """", ""owner"": ""root"", ""pid"": ""59"", ""process"": ""all"", ""resource_instance_id"": ""8057035535632679842"", ""resource_project_id"": ""proyecto-2-cloud-509714"", ""resource_type"": ""gce_instance"", ""resource_zone"": ""us-central1-a"", ""vm"": ""8057035535632679842""}",0
2026-09-27T02:40:59.729424Z,"{""command"": ""mld"", ""command_line"": """", ""owner"": ""root"", ""pid"": ""59"", ""process"": ""all"", ""resource_instance_id"": ""8057035535632679842"", ""resource_project_id"": ""proyecto-2-cloud-509714"", ""resource_type"": ""gce_instance"", ""resource_zone"": ""us-central1-a"", ""vm"": ""8057035535632679842""}",0
2026-09-27T02:40:29.727641Z,"{""command"": ""mld"", ""command_line"": """", ""owner"": ""root"", ""pid"": ""59"", ""process"": ""all"", ""resource_instance_id"": ""8057035535632679842"", ""resource_project_id"": ""proyecto-2-cloud-509714"", ""resource_type"": ""gce_instance"", ""resource_zone"": ""us-central1-a"", ""vm"": ""8057035535632679842""}",0
2026-09-27T02:39:59.734079Z,"{""command"": ""mld"", ""command_line"": """", ""owner"": ""root"", ""pid"": ""59"", ""process"": ""all"", ""resource_instance_id"": ""8057035535632679842"", ""resource_project_id"": ""proyecto-2-cloud-509714"", ""resource_type"": ""gce_instance"", ""resource_zone"": ""us-central1-a"", ""vm"": ""8057035535632679842""}",0
2026-09-27T02:39:29.729362Z,"{""command"": ""mld"", ""command_line"": """", ""owner"": ""root"", ""pid"": ""59"", ""process"": ""all"", ""resource_instance_id"": ""8057035535632679842"", ""resource_project_id"": ""proyecto-2-cloud-509714"", ""resource_type"": ""gce_instance"", ""resource_zone"": ""us-central1-a"", ""vm"": ""8057035535632679842""}",0
2026-09-27T02:38:59.734307Z,"{""command"": ""mld"", ""command_line"": """", ""owner"": ""root"", ""pid"": ""59"", ""process"": ""all"", ""resource_instance_id"": ""8057035535632679842"", ""resource_project_id"": ""proyecto-2-cloud-509714"", ""resource_type"": ""gce_instance"", ""resource_zone"": ""us-central1-a"", ""vm"": ""8057035535632679842""}",0
2026-09-27T02:38:29.726657Z,"{""command"": ""mld"", ""command_line"": """", ""owner"": ""root"", ""pid"": ""59"", ""process"": ""all"", ""resource_instance_id"": ""8057035535632679842"", ""resource_project_id"": ""proyecto-2-cloud-509714"", ""resource_type"": ""gce_instance"", ""resource_zone"": ""us-central1-a"", ""vm"": ""8057035535632679842""}",0
2026-09-27T02:37:59.737117Z,"{""command"": ""mld"", ""command_line"": """", ""owner"": ""root"", ""pid"": ""59"", ""process"": ""all"", ""resource_instance_id"": ""8057035535632679842"", ""resource_project_id"": ""proyecto-2-cloud-509714"", ""resource_type"": ""gce_instance"", ""resource_zone"": ""us-central1-a"", ""vm"": ""8057035535632679842""}",0
2026-09-27T02:37:29.731306Z,"{""command"": ""mld"", ""command_line"": """", ""owner"": ""root"", ""pid"": ""59"", ""process"": ""all"", ""resource_instance_id"": ""8057035535632679842"", ""resource_project_id"": ""proyecto-2-cloud-509714"", ""resource_type"": ""gce_instance"", ""resource_zone"": ""us-central1-a"", ""vm"": ""8057035535632679842""}",0
2026-09-27T02:36:59.738183Z,"{""command"": ""mld"", ""command_line"": """", ""owner"": ""root"", ""pid"": ""59"", ""process"": ""all"", ""resource_instance_id"": ""8057035535632679842"", ""resource_project_id"": ""proyecto-2-cloud-509714"", ""resource_type"": ""gce_instance"", ""resource_zone"": ""us-central1-a"", ""vm"": ""8057035535632679842""}",0
2026-09-27T02:36:29.733295Z,"{""command"": ""mld"", ""command_line"": """", ""owner"": ""root"", ""pid"": ""59"", ""process"": ""all"", ""resource_instance_id"": ""8057035535632679842"", ""resource_project_id"": ""proyecto-2-cloud-509714"", ""resource_type"": ""gce_instance"", ""resource_zone"": ""us-central1-a"", ""vm"": ""8057035535632679842""}",0
2026-09-27T02:35:59.726263Z,"{""command"": ""mld"", ""command_line"": """", ""owner"": ""root"", ""pid"": ""59"", ""process"": ""all"", ""resource_instance_id"": ""8057035535632679842"", ""resource_project_id"": ""proyecto-2-cloud-509714"", ""resource_type"": ""gce_instance"", ""resource_zone"": ""us-central1-a"", ""vm"": ""8057035535632679842""}",0
2026-09-27T02:35:29.724981Z,"{""command"": ""mld"", ""command_line"": """", ""owner"": ""root"", ""pid"": ""59"", ""process"": ""all"", ""resource_instance_id"": ""8057035535632679842"", ""resource_project_id"": ""proyecto-2-cloud-509714"", ""resource_type"": ""gce_instance"", ""resource_zone"": ""us-central1-a"", ""vm"": ""8057035535632679842""}",0
2026-09-27T02:34:59.729853Z,"{""command"": ""mld"", ""command_line"": """", ""owner"": ""root"", ""pid"": ""59"", ""process"": ""all"", ""resource_instance_id"": ""8057035535632679842"", ""resource_project_id"": ""proyecto-2-cloud-509714"", ""resource_type"": ""gce_instance"", ""resource_zone"": ""us-central1-a"", ""vm"": ""8057035535632679842""}",0
2026-09-27T02:34:29.729335Z,"{""command"": ""mld"", ""command_line"": """", ""owner"": ""root"", ""pid"": ""59"", ""process"": ""all"", ""resource_instance_id"": ""8057035535632679842"", ""resource_project_id"": ""proyecto-2-cloud-509714"", ""resource_type"": ""gce_instance"", ""resource_zone"": ""us-central1-a"", ""vm"": ""8057035535632679842""}",0
2026-09-27T02:33:59.736450Z,"{""command"": ""mld"", ""command_line"": """", ""owner"": ""root"", ""pid"": ""59"", ""process"": ""all"", ""resource_instance_id"": ""8057035535632679842"", ""resource_project_id"": ""proyecto-2-cloud-509714"", ""resource_type"": ""gce_instance"", ""resource_zone"": ""us-central1-a"", ""vm"": ""8057035535632679842""}",0
2026-09-27T02:33:29.725700Z,"{""command"": ""mld"", ""command_line"": """", ""owner"": ""root"", ""pid"": ""59"", ""process"": ""all"", ""resource_instance_id"": ""8057035535632679842"", ""resource_project_id"": ""proyecto-2-cloud-509714"", ""resource_type"": ""gce_instance"", ""resource_zone"": ""us-central1-a"", ""vm"": ""8057035535632679842""}",0
2026-09-27T02:32:59.742909Z,"{""command"": ""mld"", ""command_line"": """", ""owner"": ""root"", ""pid"": ""59"", ""process"": ""all"", ""resource_instance_id"": ""8057035535632679842"", ""resource_project_id"": ""proyecto-2-cloud-509714"", ""resource_type"": ""gce_instance"", ""resource_zone"": ""us-central1-a"", ""vm"": ""8057035535632679842""}",0
2026-09-27T02:32:29.734008Z,"{""command"": ""mld"", ""command_line"": """", ""owner"": ""root"", ""pid"": ""59"", ""process"": ""all"", ""resource_instance_id"": ""8057035535632679842"", ""resource_project_id"": ""proyecto-2-cloud-509714"", ""resource_type"": ""gce_instance"", ""resource_zone"": ""us-central1-a"", ""vm"": ""8057035535632679842""}",0
2026-09-27T02:31:59.734209Z,"{""command"": ""mld"", ""command_line"": """", ""owner"": ""root"", ""pid"": ""59"", ""process"": ""all"", ""resource_instance_id"": ""8057035535632679842"", ""resource_project_id"": ""proyecto-2-cloud-509714"", ""resource_type"": ""gce_instance"", ""resource_zone"": ""us-central1-a"", ""vm"": ""8057035535632679842""}",0
2026-09-27T02:31:29.728771Z,"{""command"": ""mld"", ""command_line"": """", ""owner"": ""root"", ""pid"": ""59"", ""process"": ""all"", ""resource_instance_id"": ""8057035535632679842"", ""resource_project_id"": ""proyecto-2-cloud-509714"", ""resource_type"": ""gce_instance"", ""resource_zone"": ""us-central1-a"", ""vm"": ""8057035535632679842""}",0
2026-09-27T02:30:59.744321Z,"{""command"": ""mld"", ""command_line"": """", ""owner"": ""root"", ""pid"": ""59"", ""process"": ""all"", ""resource_instance_id"": ""8057035535632679842"", ""resource_project_id"": ""proyecto-2-cloud-509714"", ""resource_type"": ""gce_instance"", ""resource_zone"": ""us-central1-a"", ""vm"": ""8057035535632679842""}",0
2026-09-27T02:30:29.739343Z,"{""command"": ""mld"", ""command_line"": """", ""owner"": ""root"", ""pid"": ""59"", ""process"": ""all"", ""resource_instance_id"": ""8057035535632679842"", ""resource_project_id"": ""proyecto-2-cloud-509714"", ""resource_type"": ""gce_instance"", ""resource_zone"": ""us-central1-a"", ""vm"": ""8057035535632679842""}",0
2026-09-27T02:30:22.325757Z,"{""command"": ""mld"", ""command_line"": """", ""owner"": ""root"", ""pid"": ""59"", ""process"": ""all"", ""resource_instance_id"": ""8057035535632679842"", ""resource_project_id"": ""proyecto-2-cloud-509714"", ""resource_type"": ""gce_instance"", ""resource_zone"": ""us-central1-a"", ""vm"": ""8057035535632679842""}",0
2026-09-27T02:49:59.734442Z,"{""command"": ""mm_percpu_wq"", ""command_line"": """", ""owner"": ""root"", ""pid"": ""10"", ""process"": ""all"", ""resource_instance_id"": ""8057035535632679842"", ""resource_project_id"": ""proyecto-2-cloud-509714"", ""resource_type"": ""gce_instance"", ""resource_zone"": ""us-central1-a"", ""vm"": ""8057035535632679842""}",0
2026-09-27T02:49:29.732426Z,"{""command"": ""mm_percpu_wq"", ""command_line"": """", ""owner"": ""root"", ""pid"": ""10"", ""process"": ""all"", ""resource_instance_id"": ""8057035535632679842"", ""resource_project_id"": ""proyecto-2-cloud-509714"", ""resource_type"": ""gce_instance"", ""resource_zone"": ""us-central1-a"", ""vm"": ""8057035535632679842""}",0
2026-09-27T02:48:59.727677Z,"{""command"": ""mm_percpu_wq"", ""command_line"": """", ""owner"": ""root"", ""pid"": ""10"", ""process"": ""all"", ""resource_instance_id"": ""8057035535632679842"", ""resource_project_id"": ""proyecto-2-cloud-509714"", ""resource_type"": ""gce_instance"", ""resource_zone"": ""us-central1-a"", ""vm"": ""8057035535632679842""}",0
2026-09-27T02:48:29.733224Z,"{""command"": ""mm_percpu_wq"", ""command_line"": """", ""owner"": ""root"", ""pid"": ""10"", ""process"": ""all"", ""resource_instance_id"": ""8057035535632679842"", ""resource_project_id"": ""proyecto-2-cloud-509714"", ""resource_type"": ""gce_instance"", ""resource_zone"": ""us-central1-a"", ""vm"": ""8057035535632679842""}",0
2026-09-27T02:47:59.731979Z,"{""command"": ""mm_percpu_wq"", ""command_line"": """", ""owner"": ""root"", ""pid"": ""10"", ""process"": ""all"", ""resource_instance_id"": ""8057035535632679842"", ""resource_project_id"": ""proyecto-2-cloud-509714"", ""resource_type"": ""gce_instance"", ""resource_zone"": ""us-central1-a"", ""vm"": ""8057035535632679842""}",0
2026-09-27T02:47:29.727610Z,"{""command"": ""mm_percpu_wq"", ""command_line"": """", ""owner"": ""root"", ""pid"": ""10"", ""process"": ""all"", ""resource_instance_id"": ""8057035535632679842"", ""resource_project_id"": ""proyecto-2-cloud-509714"", ""resource_type"": ""gce_instance"", ""resource_zone"": ""us-central1-a"", ""vm"": ""8057035535632679842""}",0
2026-09-27T02:46:59.738745Z,"{""command"": ""mm_percpu_wq"", ""command_line"": """", ""owner"": ""root"", ""pid"": ""10"", ""process"": ""all"", ""resource_instance_id"": ""8057035535632679842"", ""resource_project_id"": ""proyecto-2-cloud-509714"", ""resource_type"": ""gce_instance"", ""resource_zone"": ""us-central1-a"", ""vm"": ""8057035535632679842""}",0
2026-09-27T02:46:29.733722Z,"{""command"": ""mm_percpu_wq"", ""command_line"": """", ""owner"": ""root"", ""pid"": ""10"", ""process"": ""all"", ""resource_instance_id"": ""8057035535632679842"", ""resource_project_id"": ""proyecto-2-cloud-509714"", ""resource_type"": ""gce_instance"", ""resource_zone"": ""us-central1-a"", ""vm"": ""8057035535632679842""}",0
2026-09-27T02:45:59.728562Z,"{""command"": ""mm_percpu_wq"", ""command_line"": """", ""owner"": ""root"", ""pid"": ""10"", ""process"": ""all"", ""resource_instance_id"": ""8057035535632679842"", ""resource_project_id"": ""proyecto-2-cloud-509714"", ""resource_type"": ""gce_instance"", ""resource_zone"": ""us-central1-a"", ""vm"": ""8057035535632679842""}",0
2026-09-27T02:45:29.734349Z,"{""command"": ""mm_percpu_wq"", ""command_line"": """", ""owner"": ""root"", ""pid"": ""10"", ""process"": ""all"", ""resource_instance_id"": ""8057035535632679842"", ""resource_project_id"": ""proyecto-2-cloud-509714"", ""resource_type"": ""gce_instance"", ""resource_zone"": ""us-central1-a"", ""vm"": ""8057035535632679842""}",0
2026-09-27T02:44:59.739537Z,"{""command"": ""mm_percpu_wq"", ""command_line"": """", ""owner"": ""root"", ""pid"": ""10"", ""process"": ""all"", ""resource_instance_id"": ""8057035535632679842"", ""resource_project_id"": ""proyecto-2-cloud-509714"", ""resource_type"": ""gce_instance"", ""resource_zone"": ""us-central1-a"", ""vm"": ""8057035535632679842""}",0
2026-09-27T02:44:29.736585Z,"{""command"": ""mm_percpu_wq"", ""command_line"": """", ""owner"": ""root"", ""pid"": ""10"", ""process"": ""all"", ""resource_instance_id"": ""8057035535632679842"", ""resource_project_id"": ""proyecto-2-cloud-509714"", ""resource_type"": ""gce_instance"", ""resource_zone"": ""us-central1-a"", ""vm"": ""8057035535632679842""}",0
2026-09-27T02:43:59.738134Z,"{""command"": ""mm_percpu_wq"", ""command_line"": """", ""owner"": ""root"", ""pid"": ""10"", ""process"": ""all"", ""resource_instance_id"": ""8057035535632679842"", ""resource_project_id"": ""proyecto-2-cloud-509714"", ""resource_type"": ""gce_instance"", ""resource_zone"": ""us-central1-a"", ""vm"": ""8057035535632679842""}",0
2026-09-27T02:43:29.737202Z,"{""command"": ""mm_percpu_wq"", ""command_line"": """", ""owner"": ""root"", ""pid"": ""10"", ""process"": ""all"", ""resource_instance_id"": ""8057035535632679842"", ""resource_project_id"": ""proyecto-2-cloud-509714"", ""resource_type"": ""gce_instance"", ""resource_zone"": ""us-central1-a"", ""vm"": ""8057035535632679842""}",0
2026-09-27T02:42:59.732575Z,"{""command"": ""mm_percpu_wq"", ""command_line"": """", ""owner"": ""root"", ""pid"": ""10"", ""process"": ""all"", ""resource_instance_id"": ""8057035535632679842"", ""resource_project_id"": ""proyecto-2-cloud-509714"", ""resource_type"": ""gce_instance"", ""resource_zone"": ""us-central1-a"", ""vm"": ""8057035535632679842""}",0
2026-09-27T02:42:29.757417Z,"{""command"": ""mm_percpu_wq"", ""command_line"": """", ""owner"": ""root"", ""pid"": ""10"", ""process"": ""all"", ""resource_instance_id"": ""8057035535632679842"", ""resource_project_id"": ""proyecto-2-cloud-509714"", ""resource_type"": ""gce_instance"", ""resource_zone"": ""us-central1-a"", ""vm"": ""8057035535632679842""}",0
2026-09-27T02:41:59.735480Z,"{""command"": ""mm_percpu_wq"", ""command_line"": """", ""owner"": ""root"", ""pid"": ""10"", ""process"": ""all"", ""resource_instance_id"": ""8057035535632679842"", ""resource_project_id"": ""proyecto-2-cloud-509714"", ""resource_type"": ""gce_instance"", ""resource_zone"": ""us-central1-a"", ""vm"": ""8057035535632679842""}",0
2026-09-27T02:41:29.739622Z,"{""command"": ""mm_percpu_wq"", ""command_line"": """", ""owner"": ""root"", ""pid"": ""10"", ""process"": ""all"", ""resource_instance_id"": ""8057035535632679842"", ""resource_project_id"": ""proyecto-2-cloud-509714"", ""resource_type"": ""gce_instance"", ""resource_zone"": ""us-central1-a"", ""vm"": ""8057035535632679842""}",0
2026-09-27T02:40:59.727467Z,"{""command"": ""mm_percpu_wq"", ""command_line"": """", ""owner"": ""root"", ""pid"": ""10"", ""process"": ""all"", ""resource_instance_id"": ""8057035535632679842"", ""resource_project_id"": ""proyecto-2-cloud-509714"", ""resource_type"": ""gce_instance"", ""resource_zone"": ""us-central1-a"", ""vm"": ""8057035535632679842""}",0
2026-09-27T02:40:29.725330Z,"{""command"": ""mm_percpu_wq"", ""command_line"": """", ""owner"": ""root"", ""pid"": ""10"", ""process"": ""all"", ""resource_instance_id"": ""8057035535632679842"", ""resource_project_id"": ""proyecto-2-cloud-509714"", ""resource_type"": ""gce_instance"", ""resource_zone"": ""us-central1-a"", ""vm"": ""8057035535632679842""}",0
2026-09-27T02:39:59.729583Z,"{""command"": ""mm_percpu_wq"", ""command_line"": """", ""owner"": ""root"", ""pid"": ""10"", ""process"": ""all"", ""resource_instance_id"": ""8057035535632679842"", ""resource_project_id"": ""proyecto-2-cloud-509714"", ""resource_type"": ""gce_instance"", ""resource_zone"": ""us-central1-a"", ""vm"": ""8057035535632679842""}",0
2026-09-27T02:39:29.727584Z,"{""command"": ""mm_percpu_wq"", ""command_line"": """", ""owner"": ""root"", ""pid"": ""10"", ""process"": ""all"", ""resource_instance_id"": ""8057035535632679842"", ""resource_project_id"": ""proyecto-2-cloud-509714"", ""resource_type"": ""gce_instance"", ""resource_zone"": ""us-central1-a"", ""vm"": ""8057035535632679842""}",0
2026-09-27T02:38:59.731265Z,"{""command"": ""mm_percpu_wq"", ""command_line"": """", ""owner"": ""root"", ""pid"": ""10"", ""process"": ""all"", ""resource_instance_id"": ""8057035535632679842"", ""resource_project_id"": ""proyecto-2-cloud-509714"", ""resource_type"": ""gce_instance"", ""resource_zone"": ""us-central1-a"", ""vm"": ""8057035535632679842""}",0
2026-09-27T02:38:29.724045Z,"{""command"": ""mm_percpu_wq"", ""command_line"": """", ""owner"": ""root"", ""pid"": ""10"", ""process"": ""all"", ""resource_instance_id"": ""8057035535632679842"", ""resource_project_id"": ""proyecto-2-cloud-509714"", ""resource_type"": ""gce_instance"", ""resource_zone"": ""us-central1-a"", ""vm"": ""8057035535632679842""}",0
2026-09-27T02:37:59.735071Z,"{""command"": ""mm_percpu_wq"", ""command_line"": """", ""owner"": ""root"", ""pid"": ""10"", ""process"": ""all"", ""resource_instance_id"": ""8057035535632679842"", ""resource_project_id"": ""proyecto-2-cloud-509714"", ""resource_type"": ""gce_instance"", ""resource_zone"": ""us-central1-a"", ""vm"": ""8057035535632679842""}",0
2026-09-27T02:37:29.727858Z,"{""command"": ""mm_percpu_wq"", ""command_line"": """", ""owner"": ""root"", ""pid"": ""10"", ""process"": ""all"", ""resource_instance_id"": ""8057035535632679842"", ""resource_project_id"": ""proyecto-2-cloud-509714"", ""resource_type"": ""gce_instance"", ""resource_zone"": ""us-central1-a"", ""vm"": ""8057035535632679842""}",0
2026-09-27T02:36:59.735363Z,"{""command"": ""mm_percpu_wq"", ""command_line"": """", ""owner"": ""root"", ""pid"": ""10"", ""process"": ""all"", ""resource_instance_id"": ""8057035535632679842"", ""resource_project_id"": ""proyecto-2-cloud-509714"", ""resource_type"": ""gce_instance"", ""resource_zone"": ""us-central1-a"", ""vm"": ""8057035535632679842""}",0
2026-09-27T02:36:29.730269Z,"{""command"": ""mm_percpu_wq"", ""command_line"": """", ""owner"": ""root"", ""pid"": ""10"", ""process"": ""all"", ""resource_instance_id"": ""8057035535632679842"", ""resource_project_id"": ""proyecto-2-cloud-509714"", ""resource_type"": ""gce_instance"", ""resource_zone"": ""us-central1-a"", ""vm"": ""8057035535632679842""}",0
2026-09-27T02:35:59.724357Z,"{""command"": ""mm_percpu_wq"", ""command_line"": """", ""owner"": ""root"", ""pid"": ""10"", ""process"": ""all"", ""resource_instance_id"": ""8057035535632679842"", ""resource_project_id"": ""proyecto-2-cloud-509714"", ""resource_type"": ""gce_instance"", ""resource_zone"": ""us-central1-a"", ""vm"": ""8057035535632679842""}",0
2026-09-27T02:35:29.723262Z,"{""command"": ""mm_percpu_wq"", ""command_line"": """", ""owner"": ""root"", ""pid"": ""10"", ""process"": ""all"", ""resource_instance_id"": ""8057035535632679842"", ""resource_project_id"": ""proyecto-2-cloud-509714"", ""resource_type"": ""gce_instance"", ""resource_zone"": ""us-central1-a"", ""vm"": ""8057035535632679842""}",0
2026-09-27T02:34:59.727632Z,"{""command"": ""mm_percpu_wq"", ""command_line"": """", ""owner"": ""root"", ""pid"": ""10"", ""process"": ""all"", ""resource_instance_id"": ""8057035535632679842"", ""resource_project_id"": ""proyecto-2-cloud-509714"", ""resource_type"": ""gce_instance"", ""resource_zone"": ""us-central1-a"", ""vm"": ""8057035535632679842""}",0
2026-09-27T02:34:29.727320Z,"{""command"": ""mm_percpu_wq"", ""command_line"": """", ""owner"": ""root"", ""pid"": ""10"", ""process"": ""all"", ""resource_instance_id"": ""8057035535632679842"", ""resource_project_id"": ""proyecto-2-cloud-509714"", ""resource_type"": ""gce_instance"", ""resource_zone"": ""us-central1-a"", ""vm"": ""8057035535632679842""}",0
2026-09-27T02:33:59.734339Z,"{""command"": ""mm_percpu_wq"", ""command_line"": """", ""owner"": ""root"", ""pid"": ""10"", ""process"": ""all"", ""resource_instance_id"": ""8057035535632679842"", ""resource_project_id"": ""proyecto-2-cloud-509714"", ""resource_type"": ""gce_instance"", ""resource_zone"": ""us-central1-a"", ""vm"": ""8057035535632679842""}",0
2026-09-27T02:33:29.723915Z,"{""command"": ""mm_percpu_wq"", ""command_line"": """", ""owner"": ""root"", ""pid"": ""10"", ""process"": ""all"", ""resource_instance_id"": ""8057035535632679842"", ""resource_project_id"": ""proyecto-2-cloud-509714"", ""resource_type"": ""gce_instance"", ""resource_zone"": ""us-central1-a"", ""vm"": ""8057035535632679842""}",0
2026-09-27T02:32:59.740862Z,"{""command"": ""mm_percpu_wq"", ""command_line"": """", ""owner"": ""root"", ""pid"": ""10"", ""process"": ""all"", ""resource_instance_id"": ""8057035535632679842"", ""resource_project_id"": ""proyecto-2-cloud-509714"", ""resource_type"": ""gce_instance"", ""resource_zone"": ""us-central1-a"", ""vm"": ""8057035535632679842""}",0
2026-09-27T02:32:29.731997Z,"{""command"": ""mm_percpu_wq"", ""command_line"": """", ""owner"": ""root"", ""pid"": ""10"", ""process"": ""all"", ""resource_instance_id"": ""8057035535632679842"", ""resource_project_id"": ""proyecto-2-cloud-509714"", ""resource_type"": ""gce_instance"", ""resource_zone"": ""us-central1-a"", ""vm"": ""8057035535632679842""}",0
2026-09-27T02:31:59.732354Z,"{""command"": ""mm_percpu_wq"", ""command_line"": """", ""owner"": ""root"", ""pid"": ""10"", ""process"": ""all"", ""resource_instance_id"": ""8057035535632679842"", ""resource_project_id"": ""proyecto-2-cloud-509714"", ""resource_type"": ""gce_instance"", ""resource_zone"": ""us-central1-a"", ""vm"": ""8057035535632679842""}",0
2026-09-27T02:31:29.726870Z,"{""command"": ""mm_percpu_wq"", ""command_line"": """", ""owner"": ""root"", ""pid"": ""10"", ""process"": ""all"", ""resource_instance_id"": ""8057035535632679842"", ""resource_project_id"": ""proyecto-2-cloud-509714"", ""resource_type"": ""gce_instance"", ""resource_zone"": ""us-central1-a"", ""vm"": ""8057035535632679842""}",0
2026-09-27T02:30:59.740919Z,"{""command"": ""mm_percpu_wq"", ""command_line"": """", ""owner"": ""root"", ""pid"": ""10"", ""process"": ""all"", ""resource_instance_id"": ""8057035535632679842"", ""resource_project_id"": ""proyecto-2-cloud-509714"", ""resource_type"": ""gce_instance"", ""resource_zone"": ""us-central1-a"", ""vm"": ""8057035535632679842""}",0
2026-09-27T02:30:29.737075Z,"{""command"": ""mm_percpu_wq"", ""command_line"": """", ""owner"": ""root"", ""pid"": ""10"", ""process"": ""all"", ""resource_instance_id"": ""8057035535632679842"", ""resource_project_id"": ""proyecto-2-cloud-509714"", ""resource_type"": ""gce_instance"", ""resource_zone"": ""us-central1-a"", ""vm"": ""8057035535632679842""}",0
2026-09-27T02:30:22.323456Z,"{""command"": ""mm_percpu_wq"", ""command_line"": """", ""owner"": ""root"", ""pid"": ""10"", ""process"": ""all"", ""resource_instance_id"": ""8057035535632679842"", ""resource_project_id"": ""proyecto-2-cloud-509714"", ""resource_type"": ""gce_instance"", ""resource_zone"": ""us-central1-a"", ""vm"": ""8057035535632679842""}",0
2026-09-27T02:49:59.734257Z,"{""command"": ""netns"", ""command_line"": """", ""owner"": ""root"", ""pid"": ""6"", ""process"": ""all"", ""resource_instance_id"": ""8057035535632679842"", ""resource_project_id"": ""proyecto-2-cloud-509714"", ""resource_type"": ""gce_instance"", ""resource_zone"": ""us-central1-a"", ""vm"": ""8057035535632679842""}",0
2026-09-27T02:49:29.732303Z,"{""command"": ""netns"", ""command_line"": """", ""owner"": ""root"", ""pid"": ""6"", ""process"": ""all"", ""resource_instance_id"": ""8057035535632679842"", ""resource_project_id"": ""proyecto-2-cloud-509714"", ""resource_type"": ""gce_instance"", ""resource_zone"": ""us-central1-a"", ""vm"": ""8057035535632679842""}",0
2026-09-27T02:48:59.727560Z,"{""command"": ""netns"", ""command_line"": """", ""owner"": ""root"", ""pid"": ""6"", ""process"": ""all"", ""resource_instance_id"": ""8057035535632679842"", ""resource_project_id"": ""proyecto-2-cloud-509714"", ""resource_type"": ""gce_instance"", ""resource_zone"": ""us-central1-a"", ""vm"": ""8057035535632679842""}",0
2026-09-27T02:48:29.733104Z,"{""command"": ""netns"", ""command_line"": """", ""owner"": ""root"", ""pid"": ""6"", ""process"": ""all"", ""resource_instance_id"": ""8057035535632679842"", ""resource_project_id"": ""proyecto-2-cloud-509714"", ""resource_type"": ""gce_instance"", ""resource_zone"": ""us-central1-a"", ""vm"": ""8057035535632679842""}",0
2026-09-27T02:47:59.731872Z,"{""command"": ""netns"", ""command_line"": """", ""owner"": ""root"", ""pid"": ""6"", ""process"": ""all"", ""resource_instance_id"": ""8057035535632679842"", ""resource_project_id"": ""proyecto-2-cloud-509714"", ""resource_type"": ""gce_instance"", ""resource_zone"": ""us-central1-a"", ""vm"": ""8057035535632679842""}",0
2026-09-27T02:47:29.727453Z,"{""command"": ""netns"", ""command_line"": """", ""owner"": ""root"", ""pid"": ""6"", ""process"": ""all"", ""resource_instance_id"": ""8057035535632679842"", ""resource_project_id"": ""proyecto-2-cloud-509714"", ""resource_type"": ""gce_instance"", ""resource_zone"": ""us-central1-a"", ""vm"": ""8057035535632679842""}",0
2026-09-27T02:46:59.738545Z,"{""command"": ""netns"", ""command_line"": """", ""owner"": ""root"", ""pid"": ""6"", ""process"": ""all"", ""resource_instance_id"": ""8057035535632679842"", ""resource_project_id"": ""proyecto-2-cloud-509714"", ""resource_type"": ""gce_instance"", ""resource_zone"": ""us-central1-a"", ""vm"": ""8057035535632679842""}",0
2026-09-27T02:46:29.733590Z,"{""command"": ""netns"", ""command_line"": """", ""owner"": ""root"", ""pid"": ""6"", ""process"": ""all"", ""resource_instance_id"": ""8057035535632679842"", ""resource_project_id"": ""proyecto-2-cloud-509714"", ""resource_type"": ""gce_instance"", ""resource_zone"": ""us-central1-a"", ""vm"": ""8057035535632679842""}",0
2026-09-27T02:45:59.728454Z,"{""command"": ""netns"", ""command_line"": """", ""owner"": ""root"", ""pid"": ""6"", ""process"": ""all"", ""resource_instance_id"": ""8057035535632679842"", ""resource_project_id"": ""proyecto-2-cloud-509714"", ""resource_type"": ""gce_instance"", ""resource_zone"": ""us-central1-a"", ""vm"": ""8057035535632679842""}",0
2026-09-27T02:45:29.734246Z,"{""command"": ""netns"", ""command_line"": """", ""owner"": ""root"", ""pid"": ""6"", ""process"": ""all"", ""resource_instance_id"": ""8057035535632679842"", ""resource_project_id"": ""proyecto-2-cloud-509714"", ""resource_type"": ""gce_instance"", ""resource_zone"": ""us-central1-a"", ""vm"": ""8057035535632679842""}",0
2026-09-27T02:44:59.739422Z,"{""command"": ""netns"", ""command_line"": """", ""owner"": ""root"", ""pid"": ""6"", ""process"": ""all"", ""resource_instance_id"": ""8057035535632679842"", ""resource_project_id"": ""proyecto-2-cloud-509714"", ""resource_type"": ""gce_instance"", ""resource_zone"": ""us-central1-a"", ""vm"": ""8057035535632679842""}",0
2026-09-27T02:44:29.736437Z,"{""command"": ""netns"", ""command_line"": """", ""owner"": ""root"", ""pid"": ""6"", ""process"": ""all"", ""resource_instance_id"": ""8057035535632679842"", ""resource_project_id"": ""proyecto-2-cloud-509714"", ""resource_type"": ""gce_instance"", ""resource_zone"": ""us-central1-a"", ""vm"": ""8057035535632679842""}",0
2026-09-27T02:43:59.738001Z,"{""command"": ""netns"", ""command_line"": """", ""owner"": ""root"", ""pid"": ""6"", ""process"": ""all"", ""resource_instance_id"": ""8057035535632679842"", ""resource_project_id"": ""proyecto-2-cloud-509714"", ""resource_type"": ""gce_instance"", ""resource_zone"": ""us-central1-a"", ""vm"": ""8057035535632679842""}",0
2026-09-27T02:43:29.736894Z,"{""command"": ""netns"", ""command_line"": """", ""owner"": ""root"", ""pid"": ""6"", ""process"": ""all"", ""resource_instance_id"": ""8057035535632679842"", ""resource_project_id"": ""proyecto-2-cloud-509714"", ""resource_type"": ""gce_instance"", ""resource_zone"": ""us-central1-a"", ""vm"": ""8057035535632679842""}",0
2026-09-27T02:42:59.732446Z,"{""command"": ""netns"", ""command_line"": """", ""owner"": ""root"", ""pid"": ""6"", ""process"": ""all"", ""resource_instance_id"": ""8057035535632679842"", ""resource_project_id"": ""proyecto-2-cloud-509714"", ""resource_type"": ""gce_instance"", ""resource_zone"": ""us-central1-a"", ""vm"": ""8057035535632679842""}",0
2026-09-27T02:42:29.757263Z,"{""command"": ""netns"", ""command_line"": """", ""owner"": ""root"", ""pid"": ""6"", ""process"": ""all"", ""resource_instance_id"": ""8057035535632679842"", ""resource_project_id"": ""proyecto-2-cloud-509714"", ""resource_type"": ""gce_instance"", ""resource_zone"": ""us-central1-a"", ""vm"": ""8057035535632679842""}",0
2026-09-27T02:41:59.735343Z,"{""command"": ""netns"", ""command_line"": """", ""owner"": ""root"", ""pid"": ""6"", ""process"": ""all"", ""resource_instance_id"": ""8057035535632679842"", ""resource_project_id"": ""proyecto-2-cloud-509714"", ""resource_type"": ""gce_instance"", ""resource_zone"": ""us-central1-a"", ""vm"": ""8057035535632679842""}",0
2026-09-27T02:41:29.739503Z,"{""command"": ""netns"", ""command_line"": """", ""owner"": ""root"", ""pid"": ""6"", ""process"": ""all"", ""resource_instance_id"": ""8057035535632679842"", ""resource_project_id"": ""proyecto-2-cloud-509714"", ""resource_type"": ""gce_instance"", ""resource_zone"": ""us-central1-a"", ""vm"": ""8057035535632679842""}",0
2026-09-27T02:40:59.727366Z,"{""command"": ""netns"", ""command_line"": """", ""owner"": ""root"", ""pid"": ""6"", ""process"": ""all"", ""resource_instance_id"": ""8057035535632679842"", ""resource_project_id"": ""proyecto-2-cloud-509714"", ""resource_type"": ""gce_instance"", ""resource_zone"": ""us-central1-a"", ""vm"": ""8057035535632679842""}",0
2026-09-27T02:40:29.725225Z,"{""command"": ""netns"", ""command_line"": """", ""owner"": ""root"", ""pid"": ""6"", ""process"": ""all"", ""resource_instance_id"": ""8057035535632679842"", ""resource_project_id"": ""proyecto-2-cloud-509714"", ""resource_type"": ""gce_instance"", ""resource_zone"": ""us-central1-a"", ""vm"": ""8057035535632679842""}",0
2026-09-27T02:39:59.729440Z,"{""command"": ""netns"", ""command_line"": """", ""owner"": ""root"", ""pid"": ""6"", ""process"": ""all"", ""resource_instance_id"": ""8057035535632679842"", ""resource_project_id"": ""proyecto-2-cloud-509714"", ""resource_type"": ""gce_instance"", ""resource_zone"": ""us-central1-a"", ""vm"": ""8057035535632679842""}",0
2026-09-27T02:39:29.727479Z,"{""command"": ""netns"", ""command_line"": """", ""owner"": ""root"", ""pid"": ""6"", ""process"": ""all"", ""resource_instance_id"": ""8057035535632679842"", ""resource_project_id"": ""proyecto-2-cloud-509714"", ""resource_type"": ""gce_instance"", ""resource_zone"": ""us-central1-a"", ""vm"": ""8057035535632679842""}",0
2026-09-27T02:38:59.731071Z,"{""command"": ""netns"", ""command_line"": """", ""owner"": ""root"", ""pid"": ""6"", ""process"": ""all"", ""resource_instance_id"": ""8057035535632679842"", ""resource_project_id"": ""proyecto-2-cloud-509714"", ""resource_type"": ""gce_instance"", ""resource_zone"": ""us-central1-a"", ""vm"": ""8057035535632679842""}",0
2026-09-27T02:38:29.723892Z,"{""command"": ""netns"", ""command_line"": """", ""owner"": ""root"", ""pid"": ""6"", ""process"": ""all"", ""resource_instance_id"": ""8057035535632679842"", ""resource_project_id"": ""proyecto-2-cloud-509714"", ""resource_type"": ""gce_instance"", ""resource_zone"": ""us-central1-a"", ""vm"": ""8057035535632679842""}",0
2026-09-27T02:37:59.734961Z,"{""command"": ""netns"", ""command_line"": """", ""owner"": ""root"", ""pid"": ""6"", ""process"": ""all"", ""resource_instance_id"": ""8057035535632679842"", ""resource_project_id"": ""proyecto-2-cloud-509714"", ""resource_type"": ""gce_instance"", ""resource_zone"": ""us-central1-a"", ""vm"": ""8057035535632679842""}",0
2026-09-27T02:37:29.727691Z,"{""command"": ""netns"", ""command_line"": """", ""owner"": ""root"", ""pid"": ""6"", ""process"": ""all"", ""resource_instance_id"": ""8057035535632679842"", ""resource_project_id"": ""proyecto-2-cloud-509714"", ""resource_type"": ""gce_instance"", ""resource_zone"": ""us-central1-a"", ""vm"": ""8057035535632679842""}",0
2026-09-27T02:36:59.735231Z,"{""command"": ""netns"", ""command_line"": """", ""owner"": ""root"", ""pid"": ""6"", ""process"": ""all"", ""resource_instance_id"": ""8057035535632679842"", ""resource_project_id"": ""proyecto-2-cloud-509714"", ""resource_type"": ""gce_instance"", ""resource_zone"": ""us-central1-a"", ""vm"": ""8057035535632679842""}",0
2026-09-27T02:36:29.730088Z,"{""command"": ""netns"", ""command_line"": """", ""owner"": ""root"", ""pid"": ""6"", ""process"": ""all"", ""resource_instance_id"": ""8057035535632679842"", ""resource_project_id"": ""proyecto-2-cloud-509714"", ""resource_type"": ""gce_instance"", ""resource_zone"": ""us-central1-a"", ""vm"": ""8057035535632679842""}",0
2026-09-27T02:35:59.724248Z,"{""command"": ""netns"", ""command_line"": """", ""owner"": ""root"", ""pid"": ""6"", ""process"": ""all"", ""resource_instance_id"": ""8057035535632679842"", ""resource_project_id"": ""proyecto-2-cloud-509714"", ""resource_type"": ""gce_instance"", ""resource_zone"": ""us-central1-a"", ""vm"": ""8057035535632679842""}",0
2026-09-27T02:35:29.723112Z,"{""command"": ""netns"", ""command_line"": """", ""owner"": ""root"", ""pid"": ""6"", ""process"": ""all"", ""resource_instance_id"": ""8057035535632679842"", ""resource_project_id"": ""proyecto-2-cloud-509714"", ""resource_type"": ""gce_instance"", ""resource_zone"": ""us-central1-a"", ""vm"": ""8057035535632679842""}",0
2026-09-27T02:34:59.727446Z,"{""command"": ""netns"", ""command_line"": """", ""owner"": ""root"", ""pid"": ""6"", ""process"": ""all"", ""resource_instance_id"": ""8057035535632679842"", ""resource_project_id"": ""proyecto-2-cloud-509714"", ""resource_type"": ""gce_instance"", ""resource_zone"": ""us-central1-a"", ""vm"": ""8057035535632679842""}",0
2026-09-27T02:34:29.727144Z,"{""command"": ""netns"", ""command_line"": """", ""owner"": ""root"", ""pid"": ""6"", ""process"": ""all"", ""resource_instance_id"": ""8057035535632679842"", ""resource_project_id"": ""proyecto-2-cloud-509714"", ""resource_type"": ""gce_instance"", ""resource_zone"": ""us-central1-a"", ""vm"": ""8057035535632679842""}",0
2026-09-27T02:33:59.734153Z,"{""command"": ""netns"", ""command_line"": """", ""owner"": ""root"", ""pid"": ""6"", ""process"": ""all"", ""resource_instance_id"": ""8057035535632679842"", ""resource_project_id"": ""proyecto-2-cloud-509714"", ""resource_type"": ""gce_instance"", ""resource_zone"": ""us-central1-a"", ""vm"": ""8057035535632679842""}",0
2026-09-27T02:33:29.723762Z,"{""command"": ""netns"", ""command_line"": """", ""owner"": ""root"", ""pid"": ""6"", ""process"": ""all"", ""resource_instance_id"": ""8057035535632679842"", ""resource_project_id"": ""proyecto-2-cloud-509714"", ""resource_type"": ""gce_instance"", ""resource_zone"": ""us-central1-a"", ""vm"": ""8057035535632679842""}",0
2026-09-27T02:32:59.740691Z,"{""command"": ""netns"", ""command_line"": """", ""owner"": ""root"", ""pid"": ""6"", ""process"": ""all"", ""resource_instance_id"": ""8057035535632679842"", ""resource_project_id"": ""proyecto-2-cloud-509714"", ""resource_type"": ""gce_instance"", ""resource_zone"": ""us-central1-a"", ""vm"": ""8057035535632679842""}",0
2026-09-27T02:32:29.731829Z,"{""command"": ""netns"", ""command_line"": """", ""owner"": ""root"", ""pid"": ""6"", ""process"": ""all"", ""resource_instance_id"": ""8057035535632679842"", ""resource_project_id"": ""proyecto-2-cloud-509714"", ""resource_type"": ""gce_instance"", ""resource_zone"": ""us-central1-a"", ""vm"": ""8057035535632679842""}",0
2026-09-27T02:31:59.732188Z,"{""command"": ""netns"", ""command_line"": """", ""owner"": ""root"", ""pid"": ""6"", ""process"": ""all"", ""resource_instance_id"": ""8057035535632679842"", ""resource_project_id"": ""proyecto-2-cloud-509714"", ""resource_type"": ""gce_instance"", ""resource_zone"": ""us-central1-a"", ""vm"": ""8057035535632679842""}",0
2026-09-27T02:31:29.726546Z,"{""command"": ""netns"", ""command_line"": """", ""owner"": ""root"", ""pid"": ""6"", ""process"": ""all"", ""resource_instance_id"": ""8057035535632679842"", ""resource_project_id"": ""proyecto-2-cloud-509714"", ""resource_type"": ""gce_instance"", ""resource_zone"": ""us-central1-a"", ""vm"": ""8057035535632679842""}",0
2026-09-27T02:30:59.740718Z,"{""command"": ""netns"", ""command_line"": """", ""owner"": ""root"", ""pid"": ""6"", ""process"": ""all"", ""resource_instance_id"": ""8057035535632679842"", ""resource_project_id"": ""proyecto-2-cloud-509714"", ""resource_type"": ""gce_instance"", ""resource_zone"": ""us-central1-a"", ""vm"": ""8057035535632679842""}",0
2026-09-27T02:30:29.736815Z,"{""command"": ""netns"", ""command_line"": """", ""owner"": ""root"", ""pid"": ""6"", ""process"": ""all"", ""resource_instance_id"": ""8057035535632679842"", ""resource_project_id"": ""proyecto-2-cloud-509714"", ""resource_type"": ""gce_instance"", ""resource_zone"": ""us-central1-a"", ""vm"": ""8057035535632679842""}",0
2026-09-27T02:30:22.323272Z,"{""command"": ""netns"", ""command_line"": """", ""owner"": ""root"", ""pid"": ""6"", ""process"": ""all"", ""resource_instance_id"": ""8057035535632679842"", ""resource_project_id"": ""proyecto-2-cloud-509714"", ""resource_type"": ""gce_instance"", ""resource_zone"": ""us-central1-a"", ""vm"": ""8057035535632679842""}",0
2026-09-27T02:49:59.739939Z,"{""command"": ""networkd-dispat"", ""command_line"": ""/usr/bin/python3 /usr/bin/networkd-dispatcher --run-startup-triggers"", ""owner"": ""root"", ""pid"": ""396"", ""process"": ""all"", ""resource_instance_id"": ""8057035535632679842"", ""resource_project_id"": ""proyecto-2-cloud-509714"", ""resource_type"": ""gce_instance"", ""resource_zone"": ""us-central1-a"", ""vm"": ""8057035535632679842""}",31735808
2026-09-27T02:49:29.735676Z,"{""command"": ""networkd-dispat"", ""command_line"": ""/usr/bin/python3 /usr/bin/networkd-dispatcher --run-startup-triggers"", ""owner"": ""root"", ""pid"": ""396"", ""process"": ""all"", ""resource_instance_id"": ""8057035535632679842"", ""resource_project_id"": ""proyecto-2-cloud-509714"", ""resource_type"": ""gce_instance"", ""resource_zone"": ""us-central1-a"", ""vm"": ""8057035535632679842""}",31735808
2026-09-27T02:48:59.731079Z,"{""command"": ""networkd-dispat"", ""command_line"": ""/usr/bin/python3 /usr/bin/networkd-dispatcher --run-startup-triggers"", ""owner"": ""root"", ""pid"": ""396"", ""process"": ""all"", ""resource_instance_id"": ""8057035535632679842"", ""resource_project_id"": ""proyecto-2-cloud-509714"", ""resource_type"": ""gce_instance"", ""resource_zone"": ""us-central1-a"", ""vm"": ""8057035535632679842""}",31735808
2026-09-27T02:48:29.737532Z,"{""command"": ""networkd-dispat"", ""command_line"": ""/usr/bin/python3 /usr/bin/networkd-dispatcher --run-startup-triggers"", ""owner"": ""root"", ""pid"": ""396"", ""process"": ""all"", ""resource_instance_id"": ""8057035535632679842"", ""resource_project_id"": ""proyecto-2-cloud-509714"", ""resource_type"": ""gce_instance"", ""resource_zone"": ""us-central1-a"", ""vm"": ""8057035535632679842""}",31735808
2026-09-27T02:47:59.735226Z,"{""command"": ""networkd-dispat"", ""command_line"": ""/usr/bin/python3 /usr/bin/networkd-dispatcher --run-startup-triggers"", ""owner"": ""root"", ""pid"": ""396"", ""process"": ""all"", ""resource_instance_id"": ""8057035535632679842"", ""resource_project_id"": ""proyecto-2-cloud-509714"", ""resource_type"": ""gce_instance"", ""resource_zone"": ""us-central1-a"", ""vm"": ""8057035535632679842""}",31735808
2026-09-27T02:47:29.732362Z,"{""command"": ""networkd-dispat"", ""command_line"": ""/usr/bin/python3 /usr/bin/networkd-dispatcher --run-startup-triggers"", ""owner"": ""root"", ""pid"": ""396"", ""process"": ""all"", ""resource_instance_id"": ""8057035535632679842"", ""resource_project_id"": ""proyecto-2-cloud-509714"", ""resource_type"": ""gce_instance"", ""resource_zone"": ""us-central1-a"", ""vm"": ""8057035535632679842""}",31735808
2026-09-27T02:46:59.743077Z,"{""command"": ""networkd-dispat"", ""command_line"": ""/usr/bin/python3 /usr/bin/networkd-dispatcher --run-startup-triggers"", ""owner"": ""root"", ""pid"": ""396"", ""process"": ""all"", ""resource_instance_id"": ""8057035535632679842"", ""resource_project_id"": ""proyecto-2-cloud-509714"", ""resource_type"": ""gce_instance"", ""resource_zone"": ""us-central1-a"", ""vm"": ""8057035535632679842""}",31735808
2026-09-27T02:46:29.738269Z,"{""command"": ""networkd-dispat"", ""command_line"": ""/usr/bin/python3 /usr/bin/networkd-dispatcher --run-startup-triggers"", ""owner"": ""root"", ""pid"": ""396"", ""process"": ""all"", ""resource_instance_id"": ""8057035535632679842"", ""resource_project_id"": ""proyecto-2-cloud-509714"", ""resource_type"": ""gce_instance"", ""resource_zone"": ""us-central1-a"", ""vm"": ""8057035535632679842""}",31735808
2026-09-27T02:45:59.731500Z,"{""command"": ""networkd-dispat"", ""command_line"": ""/usr/bin/python3 /usr/bin/networkd-dispatcher --run-startup-triggers"", ""owner"": ""root"", ""pid"": ""396"", ""process"": ""all"", ""resource_instance_id"": ""8057035535632679842"", ""resource_project_id"": ""proyecto-2-cloud-509714"", ""resource_type"": ""gce_instance"", ""resource_zone"": ""us-central1-a"", ""vm"": ""8057035535632679842""}",31735808
2026-09-27T02:45:29.737283Z,"{""command"": ""networkd-dispat"", ""command_line"": ""/usr/bin/python3 /usr/bin/networkd-dispatcher --run-startup-triggers"", ""owner"": ""root"", ""pid"": ""396"", ""process"": ""all"", ""resource_instance_id"": ""8057035535632679842"", ""resource_project_id"": ""proyecto-2-cloud-509714"", ""resource_type"": ""gce_instance"", ""resource_zone"": ""us-central1-a"", ""vm"": ""8057035535632679842""}",31735808
2026-09-27T02:44:59.743011Z,"{""command"": ""networkd-dispat"", ""command_line"": ""/usr/bin/python3 /usr/bin/networkd-dispatcher --run-startup-triggers"", ""owner"": ""root"", ""pid"": ""396"", ""process"": ""all"", ""resource_instance_id"": ""8057035535632679842"", ""resource_project_id"": ""proyecto-2-cloud-509714"", ""resource_type"": ""gce_instance"", ""resource_zone"": ""us-central1-a"", ""vm"": ""8057035535632679842""}",31735808
2026-09-27T02:44:29.739872Z,"{""command"": ""networkd-dispat"", ""command_line"": ""/usr/bin/python3 /usr/bin/networkd-dispatcher --run-startup-triggers"", ""owner"": ""root"", ""pid"": ""396"", ""process"": ""all"", ""resource_instance_id"": ""8057035535632679842"", ""resource_project_id"": ""proyecto-2-cloud-509714"", ""resource_type"": ""gce_instance"", ""resource_zone"": ""us-central1-a"", ""vm"": ""8057035535632679842""}",31735808
2026-09-27T02:43:59.741541Z,"{""command"": ""networkd-dispat"", ""command_line"": ""/usr/bin/python3 /usr/bin/networkd-dispatcher --run-startup-triggers"", ""owner"": ""root"", ""pid"": ""396"", ""process"": ""all"", ""resource_instance_id"": ""8057035535632679842"", ""resource_project_id"": ""proyecto-2-cloud-509714"", ""resource_type"": ""gce_instance"", ""resource_zone"": ""us-central1-a"", ""vm"": ""8057035535632679842""}",31735808
2026-09-27T02:43:29.742160Z,"{""command"": ""networkd-dispat"", ""command_line"": ""/usr/bin/python3 /usr/bin/networkd-dispatcher --run-startup-triggers"", ""owner"": ""root"", ""pid"": ""396"", ""process"": ""all"", ""resource_instance_id"": ""8057035535632679842"", ""resource_project_id"": ""proyecto-2-cloud-509714"", ""resource_type"": ""gce_instance"", ""resource_zone"": ""us-central1-a"", ""vm"": ""8057035535632679842""}",31735808
2026-09-27T02:42:59.735999Z,"{""command"": ""networkd-dispat"", ""command_line"": ""/usr/bin/python3 /usr/bin/networkd-dispatcher --run-startup-triggers"", ""owner"": ""root"", ""pid"": ""396"", ""process"": ""all"", ""resource_instance_id"": ""8057035535632679842"", ""resource_project_id"": ""proyecto-2-cloud-509714"", ""resource_type"": ""gce_instance"", ""resource_zone"": ""us-central1-a"", ""vm"": ""8057035535632679842""}",31735808
2026-09-27T02:42:29.761917Z,"{""command"": ""networkd-dispat"", ""command_line"": ""/usr/bin/python3 /usr/bin/networkd-dispatcher --run-startup-triggers"", ""owner"": ""root"", ""pid"": ""396"", ""process"": ""all"", ""resource_instance_id"": ""8057035535632679842"", ""resource_project_id"": ""proyecto-2-cloud-509714"", ""resource_type"": ""gce_instance"", ""resource_zone"": ""us-central1-a"", ""vm"": ""8057035535632679842""}",31735808
2026-09-27T02:41:59.739461Z,"{""command"": ""networkd-dispat"", ""command_line"": ""/usr/bin/python3 /usr/bin/networkd-dispatcher --run-startup-triggers"", ""owner"": ""root"", ""pid"": ""396"", ""process"": ""all"", ""resource_instance_id"": ""8057035535632679842"", ""resource_project_id"": ""proyecto-2-cloud-509714"", ""resource_type"": ""gce_instance"", ""resource_zone"": ""us-central1-a"", ""vm"": ""8057035535632679842""}",31735808
2026-09-27T02:41:29.743013Z,"{""command"": ""networkd-dispat"", ""command_line"": ""/usr/bin/python3 /usr/bin/networkd-dispatcher --run-startup-triggers"", ""owner"": ""root"", ""pid"": ""396"", ""process"": ""all"", ""resource_instance_id"": ""8057035535632679842"", ""resource_project_id"": ""proyecto-2-cloud-509714"", ""resource_type"": ""gce_instance"", ""resource_zone"": ""us-central1-a"", ""vm"": ""8057035535632679842""}",31735808
2026-09-27T02:40:59.730553Z,"{""command"": ""networkd-dispat"", ""command_line"": ""/usr/bin/python3 /usr/bin/networkd-dispatcher --run-startup-triggers"", ""owner"": ""root"", ""pid"": ""396"", ""process"": ""all"", ""resource_instance_id"": ""8057035535632679842"", ""resource_project_id"": ""proyecto-2-cloud-509714"", ""resource_type"": ""gce_instance"", ""resource_zone"": ""us-central1-a"", ""vm"": ""8057035535632679842""}",31735808
2026-09-27T02:40:29.729027Z,"{""command"": ""networkd-dispat"", ""command_line"": ""/usr/bin/python3 /usr/bin/networkd-dispatcher --run-startup-triggers"", ""owner"": ""root"", ""pid"": ""396"", ""process"": ""all"", ""resource_instance_id"": ""8057035535632679842"", ""resource_project_id"": ""proyecto-2-cloud-509714"", ""resource_type"": ""gce_instance"", ""resource_zone"": ""us-central1-a"", ""vm"": ""8057035535632679842""}",31735808
2026-09-27T02:39:59.736392Z,"{""command"": ""networkd-dispat"", ""command_line"": ""/usr/bin/python3 /usr/bin/networkd-dispatcher --run-startup-triggers"", ""owner"": ""root"", ""pid"": ""396"", ""process"": ""all"", ""resource_instance_id"": ""8057035535632679842"", ""resource_project_id"": ""proyecto-2-cloud-509714"", ""resource_type"": ""gce_instance"", ""resource_zone"": ""us-central1-a"", ""vm"": ""8057035535632679842""}",31735808
2026-09-27T02:39:29.730553Z,"{""command"": ""networkd-dispat"", ""command_line"": ""/usr/bin/python3 /usr/bin/networkd-dispatcher --run-startup-triggers"", ""owner"": ""root"", ""pid"": ""396"", ""process"": ""all"", ""resource_instance_id"": ""8057035535632679842"", ""resource_project_id"": ""proyecto-2-cloud-509714"", ""resource_type"": ""gce_instance"", ""resource_zone"": ""us-central1-a"", ""vm"": ""8057035535632679842""}",31735808
2026-09-27T02:38:59.736463Z,"{""command"": ""networkd-dispat"", ""command_line"": ""/usr/bin/python3 /usr/bin/networkd-dispatcher --run-startup-triggers"", ""owner"": ""root"", ""pid"": ""396"", ""process"": ""all"", ""resource_instance_id"": ""8057035535632679842"", ""resource_project_id"": ""proyecto-2-cloud-509714"", ""resource_type"": ""gce_instance"", ""resource_zone"": ""us-central1-a"", ""vm"": ""8057035535632679842""}",31735808
2026-09-27T02:38:29.727958Z,"{""command"": ""networkd-dispat"", ""command_line"": ""/usr/bin/python3 /usr/bin/networkd-dispatcher --run-startup-triggers"", ""owner"": ""root"", ""pid"": ""396"", ""process"": ""all"", ""resource_instance_id"": ""8057035535632679842"", ""resource_project_id"": ""proyecto-2-cloud-509714"", ""resource_type"": ""gce_instance"", ""resource_zone"": ""us-central1-a"", ""vm"": ""8057035535632679842""}",31735808
2026-09-27T02:37:59.738424Z,"{""command"": ""networkd-dispat"", ""command_line"": ""/usr/bin/python3 /usr/bin/networkd-dispatcher --run-startup-triggers"", ""owner"": ""root"", ""pid"": ""396"", ""process"": ""all"", ""resource_instance_id"": ""8057035535632679842"", ""resource_project_id"": ""proyecto-2-cloud-509714"", ""resource_type"": ""gce_instance"", ""resource_zone"": ""us-central1-a"", ""vm"": ""8057035535632679842""}",31735808
2026-09-27T02:37:29.732718Z,"{""command"": ""networkd-dispat"", ""command_line"": ""/usr/bin/python3 /usr/bin/networkd-dispatcher --run-startup-triggers"", ""owner"": ""root"", ""pid"": ""396"", ""process"": ""all"", ""resource_instance_id"": ""8057035535632679842"", ""resource_project_id"": ""proyecto-2-cloud-509714"", ""resource_type"": ""gce_instance"", ""resource_zone"": ""us-central1-a"", ""vm"": ""8057035535632679842""}",31735808
2026-09-27T02:36:59.740162Z,"{""command"": ""networkd-dispat"", ""command_line"": ""/usr/bin/python3 /usr/bin/networkd-dispatcher --run-startup-triggers"", ""owner"": ""root"", ""pid"": ""396"", ""process"": ""all"", ""resource_instance_id"": ""8057035535632679842"", ""resource_project_id"": ""proyecto-2-cloud-509714"", ""resource_type"": ""gce_instance"", ""resource_zone"": ""us-central1-a"", ""vm"": ""8057035535632679842""}",31735808
2026-09-27T02:36:29.735394Z,"{""command"": ""networkd-dispat"", ""command_line"": ""/usr/bin/python3 /usr/bin/networkd-dispatcher --run-startup-triggers"", ""owner"": ""root"", ""pid"": ""396"", ""process"": ""all"", ""resource_instance_id"": ""8057035535632679842"", ""resource_project_id"": ""proyecto-2-cloud-509714"", ""resource_type"": ""gce_instance"", ""resource_zone"": ""us-central1-a"", ""vm"": ""8057035535632679842""}",31735808
2026-09-27T02:35:59.727875Z,"{""command"": ""networkd-dispat"", ""command_line"": ""/usr/bin/python3 /usr/bin/networkd-dispatcher --run-startup-triggers"", ""owner"": ""root"", ""pid"": ""396"", ""process"": ""all"", ""resource_instance_id"": ""8057035535632679842"", ""resource_project_id"": ""proyecto-2-cloud-509714"", ""resource_type"": ""gce_instance"", ""resource_zone"": ""us-central1-a"", ""vm"": ""8057035535632679842""}",31735808
2026-09-27T02:35:29.726188Z,"{""command"": ""networkd-dispat"", ""command_line"": ""/usr/bin/python3 /usr/bin/networkd-dispatcher --run-startup-triggers"", ""owner"": ""root"", ""pid"": ""396"", ""process"": ""all"", ""resource_instance_id"": ""8057035535632679842"", ""resource_project_id"": ""proyecto-2-cloud-509714"", ""resource_type"": ""gce_instance"", ""resource_zone"": ""us-central1-a"", ""vm"": ""8057035535632679842""}",31735808
2026-09-27T02:34:59.731409Z,"{""command"": ""networkd-dispat"", ""command_line"": ""/usr/bin/python3 /usr/bin/networkd-dispatcher --run-startup-triggers"", ""owner"": ""root"", ""pid"": ""396"", ""process"": ""all"", ""resource_instance_id"": ""8057035535632679842"", ""resource_project_id"": ""proyecto-2-cloud-509714"", ""resource_type"": ""gce_instance"", ""resource_zone"": ""us-central1-a"", ""vm"": ""8057035535632679842""}",31735808
2026-09-27T02:34:29.731251Z,"{""command"": ""networkd-dispat"", ""command_line"": ""/usr/bin/python3 /usr/bin/networkd-dispatcher --run-startup-triggers"", ""owner"": ""root"", ""pid"": ""396"", ""process"": ""all"", ""resource_instance_id"": ""8057035535632679842"", ""resource_project_id"": ""proyecto-2-cloud-509714"", ""resource_type"": ""gce_instance"", ""resource_zone"": ""us-central1-a"", ""vm"": ""8057035535632679842""}",31735808
2026-09-27T02:33:59.737758Z,"{""command"": ""networkd-dispat"", ""command_line"": ""/usr/bin/python3 /usr/bin/networkd-dispatcher --run-startup-triggers"", ""owner"": ""root"", ""pid"": ""396"", ""process"": ""all"", ""resource_instance_id"": ""8057035535632679842"", ""resource_project_id"": ""proyecto-2-cloud-509714"", ""resource_type"": ""gce_instance"", ""resource_zone"": ""us-central1-a"", ""vm"": ""8057035535632679842""}",31735808
2026-09-27T02:33:29.726961Z,"{""command"": ""networkd-dispat"", ""command_line"": ""/usr/bin/python3 /usr/bin/networkd-dispatcher --run-startup-triggers"", ""owner"": ""root"", ""pid"": ""396"", ""process"": ""all"", ""resource_instance_id"": ""8057035535632679842"", ""resource_project_id"": ""proyecto-2-cloud-509714"", ""resource_type"": ""gce_instance"", ""resource_zone"": ""us-central1-a"", ""vm"": ""8057035535632679842""}",31735808
2026-09-27T02:32:59.744283Z,"{""command"": ""networkd-dispat"", ""command_line"": ""/usr/bin/python3 /usr/bin/networkd-dispatcher --run-startup-triggers"", ""owner"": ""root"", ""pid"": ""396"", ""process"": ""all"", ""resource_instance_id"": ""8057035535632679842"", ""resource_project_id"": ""proyecto-2-cloud-509714"", ""resource_type"": ""gce_instance"", ""resource_zone"": ""us-central1-a"", ""vm"": ""8057035535632679842""}",31735808
2026-09-27T02:32:29.735692Z,"{""command"": ""networkd-dispat"", ""command_line"": ""/usr/bin/python3 /usr/bin/networkd-dispatcher --run-startup-triggers"", ""owner"": ""root"", ""pid"": ""396"", ""process"": ""all"", ""resource_instance_id"": ""8057035535632679842"", ""resource_project_id"": ""proyecto-2-cloud-509714"", ""resource_type"": ""gce_instance"", ""resource_zone"": ""us-central1-a"", ""vm"": ""8057035535632679842""}",31735808
2026-09-27T02:31:59.735637Z,"{""command"": ""networkd-dispat"", ""command_line"": ""/usr/bin/python3 /usr/bin/networkd-dispatcher --run-startup-triggers"", ""owner"": ""root"", ""pid"": ""396"", ""process"": ""all"", ""resource_instance_id"": ""8057035535632679842"", ""resource_project_id"": ""proyecto-2-cloud-509714"", ""resource_type"": ""gce_instance"", ""resource_zone"": ""us-central1-a"", ""vm"": ""8057035535632679842""}",31735808
2026-09-27T02:31:29.729947Z,"{""command"": ""networkd-dispat"", ""command_line"": ""/usr/bin/python3 /usr/bin/networkd-dispatcher --run-startup-triggers"", ""owner"": ""root"", ""pid"": ""396"", ""process"": ""all"", ""resource_instance_id"": ""8057035535632679842"", ""resource_project_id"": ""proyecto-2-cloud-509714"", ""resource_type"": ""gce_instance"", ""resource_zone"": ""us-central1-a"", ""vm"": ""8057035535632679842""}",31735808
2026-09-27T02:30:59.746486Z,"{""command"": ""networkd-dispat"", ""command_line"": ""/usr/bin/python3 /usr/bin/networkd-dispatcher --run-startup-triggers"", ""owner"": ""root"", ""pid"": ""396"", ""process"": ""all"", ""resource_instance_id"": ""8057035535632679842"", ""resource_project_id"": ""proyecto-2-cloud-509714"", ""resource_type"": ""gce_instance"", ""resource_zone"": ""us-central1-a"", ""vm"": ""8057035535632679842""}",31735808
2026-09-27T02:30:29.740779Z,"{""command"": ""networkd-dispat"", ""command_line"": ""/usr/bin/python3 /usr/bin/networkd-dispatcher --run-startup-triggers"", ""owner"": ""root"", ""pid"": ""396"", ""process"": ""all"", ""resource_instance_id"": ""8057035535632679842"", ""resource_project_id"": ""proyecto-2-cloud-509714"", ""resource_type"": ""gce_instance"", ""resource_zone"": ""us-central1-a"", ""vm"": ""8057035535632679842""}",31735808
2026-09-27T02:30:22.327382Z,"{""command"": ""networkd-dispat"", ""command_line"": ""/usr/bin/python3 /usr/bin/networkd-dispatcher --run-startup-triggers"", ""owner"": ""root"", ""pid"": ""396"", ""process"": ""all"", ""resource_instance_id"": ""8057035535632679842"", ""resource_project_id"": ""proyecto-2-cloud-509714"", ""resource_type"": ""gce_instance"", ""resource_zone"": ""us-central1-a"", ""vm"": ""8057035535632679842""}",31735808
2026-09-27T02:49:59.737735Z,"{""command"": ""nvme-delete-wq"", ""command_line"": """", ""owner"": ""root"", ""pid"": ""57"", ""process"": ""all"", ""resource_instance_id"": ""8057035535632679842"", ""resource_project_id"": ""proyecto-2-cloud-509714"", ""resource_type"": ""gce_instance"", ""resource_zone"": ""us-central1-a"", ""vm"": ""8057035535632679842""}",0
2026-09-27T02:49:29.734388Z,"{""command"": ""nvme-delete-wq"", ""command_line"": """", ""owner"": ""root"", ""pid"": ""57"", ""process"": ""all"", ""resource_instance_id"": ""8057035535632679842"", ""resource_project_id"": ""proyecto-2-cloud-509714"", ""resource_type"": ""gce_instance"", ""resource_zone"": ""us-central1-a"", ""vm"": ""8057035535632679842""}",0
2026-09-27T02:48:59.729320Z,"{""command"": ""nvme-delete-wq"", ""command_line"": """", ""owner"": ""root"", ""pid"": ""57"", ""process"": ""all"", ""resource_instance_id"": ""8057035535632679842"", ""resource_project_id"": ""proyecto-2-cloud-509714"", ""resource_type"": ""gce_instance"", ""resource_zone"": ""us-central1-a"", ""vm"": ""8057035535632679842""}",0
2026-09-27T02:48:29.736126Z,"{""command"": ""nvme-delete-wq"", ""command_line"": """", ""owner"": ""root"", ""pid"": ""57"", ""process"": ""all"", ""resource_instance_id"": ""8057035535632679842"", ""resource_project_id"": ""proyecto-2-cloud-509714"", ""resource_type"": ""gce_instance"", ""resource_zone"": ""us-central1-a"", ""vm"": ""8057035535632679842""}",0
2026-09-27T02:47:59.733833Z,"{""command"": ""nvme-delete-wq"", ""command_line"": """", ""owner"": ""root"", ""pid"": ""57"", ""process"": ""all"", ""resource_instance_id"": ""8057035535632679842"", ""resource_project_id"": ""proyecto-2-cloud-509714"", ""resource_type"": ""gce_instance"", ""resource_zone"": ""us-central1-a"", ""vm"": ""8057035535632679842""}",0
2026-09-27T02:47:29.730806Z,"{""command"": ""nvme-delete-wq"", ""command_line"": """", ""owner"": ""root"", ""pid"": ""57"", ""process"": ""all"", ""resource_instance_id"": ""8057035535632679842"", ""resource_project_id"": ""proyecto-2-cloud-509714"", ""resource_type"": ""gce_instance"", ""resource_zone"": ""us-central1-a"", ""vm"": ""8057035535632679842""}",0
2026-09-27T02:46:59.741317Z,"{""command"": ""nvme-delete-wq"", ""command_line"": """", ""owner"": ""root"", ""pid"": ""57"", ""process"": ""all"", ""resource_instance_id"": ""8057035535632679842"", ""resource_project_id"": ""proyecto-2-cloud-509714"", ""resource_type"": ""gce_instance"", ""resource_zone"": ""us-central1-a"", ""vm"": ""8057035535632679842""}",0
2026-09-27T02:46:29.735775Z,"{""command"": ""nvme-delete-wq"", ""command_line"": """", ""owner"": ""root"", ""pid"": ""57"", ""process"": ""all"", ""resource_instance_id"": ""8057035535632679842"", ""resource_project_id"": ""proyecto-2-cloud-509714"", ""resource_type"": ""gce_instance"", ""resource_zone"": ""us-central1-a"", ""vm"": ""8057035535632679842""}",0
2026-09-27T02:45:59.730314Z,"{""command"": ""nvme-delete-wq"", ""command_line"": """", ""owner"": ""root"", ""pid"": ""57"", ""process"": ""all"", ""resource_instance_id"": ""8057035535632679842"", ""resource_project_id"": ""proyecto-2-cloud-509714"", ""resource_type"": ""gce_instance"", ""resource_zone"": ""us-central1-a"", ""vm"": ""8057035535632679842""}",0
2026-09-27T02:45:29.736140Z,"{""command"": ""nvme-delete-wq"", ""command_line"": """", ""owner"": ""root"", ""pid"": ""57"", ""process"": ""all"", ""resource_instance_id"": ""8057035535632679842"", ""resource_project_id"": ""proyecto-2-cloud-509714"", ""resource_type"": ""gce_instance"", ""resource_zone"": ""us-central1-a"", ""vm"": ""8057035535632679842""}",0
2026-09-27T02:44:59.741445Z,"{""command"": ""nvme-delete-wq"", ""command_line"": """", ""owner"": ""root"", ""pid"": ""57"", ""process"": ""all"", ""resource_instance_id"": ""8057035535632679842"", ""resource_project_id"": ""proyecto-2-cloud-509714"", ""resource_type"": ""gce_instance"", ""resource_zone"": ""us-central1-a"", ""vm"": ""8057035535632679842""}",0
2026-09-27T02:44:29.738537Z,"{""command"": ""nvme-delete-wq"", ""command_line"": """", ""owner"": ""root"", ""pid"": ""57"", ""process"": ""all"", ""resource_instance_id"": ""8057035535632679842"", ""resource_project_id"": ""proyecto-2-cloud-509714"", ""resource_type"": ""gce_instance"", ""resource_zone"": ""us-central1-a"", ""vm"": ""8057035535632679842""}",0
2026-09-27T02:43:59.740155Z,"{""command"": ""nvme-delete-wq"", ""command_line"": """", ""owner"": ""root"", ""pid"": ""57"", ""process"": ""all"", ""resource_instance_id"": ""8057035535632679842"", ""resource_project_id"": ""proyecto-2-cloud-509714"", ""resource_type"": ""gce_instance"", ""resource_zone"": ""us-central1-a"", ""vm"": ""8057035535632679842""}",0
2026-09-27T02:43:29.740778Z,"{""command"": ""nvme-delete-wq"", ""command_line"": """", ""owner"": ""root"", ""pid"": ""57"", ""process"": ""all"", ""resource_instance_id"": ""8057035535632679842"", ""resource_project_id"": ""proyecto-2-cloud-509714"", ""resource_type"": ""gce_instance"", ""resource_zone"": ""us-central1-a"", ""vm"": ""8057035535632679842""}",0
2026-09-27T02:42:59.734519Z,"{""command"": ""nvme-delete-wq"", ""command_line"": """", ""owner"": ""root"", ""pid"": ""57"", ""process"": ""all"", ""resource_instance_id"": ""8057035535632679842"", ""resource_project_id"": ""proyecto-2-cloud-509714"", ""resource_type"": ""gce_instance"", ""resource_zone"": ""us-central1-a"", ""vm"": ""8057035535632679842""}",0
2026-09-27T02:42:29.759520Z,"{""command"": ""nvme-delete-wq"", ""command_line"": """", ""owner"": ""root"", ""pid"": ""57"", ""process"": ""all"", ""resource_instance_id"": ""8057035535632679842"", ""resource_project_id"": ""proyecto-2-cloud-509714"", ""resource_type"": ""gce_instance"", ""resource_zone"": ""us-central1-a"", ""vm"": ""8057035535632679842""}",0
2026-09-27T02:41:59.737840Z,"{""command"": ""nvme-delete-wq"", ""command_line"": """", ""owner"": ""root"", ""pid"": ""57"", ""process"": ""all"", ""resource_instance_id"": ""8057035535632679842"", ""resource_project_id"": ""proyecto-2-cloud-509714"", ""resource_type"": ""gce_instance"", ""resource_zone"": ""us-central1-a"", ""vm"": ""8057035535632679842""}",0
2026-09-27T02:41:29.741621Z,"{""command"": ""nvme-delete-wq"", ""command_line"": """", ""owner"": ""root"", ""pid"": ""57"", ""process"": ""all"", ""resource_instance_id"": ""8057035535632679842"", ""resource_project_id"": ""proyecto-2-cloud-509714"", ""resource_type"": ""gce_instance"", ""resource_zone"": ""us-central1-a"", ""vm"": ""8057035535632679842""}",0
2026-09-27T02:40:59.729372Z,"{""command"": ""nvme-delete-wq"", ""command_line"": """", ""owner"": ""root"", ""pid"": ""57"", ""process"": ""all"", ""resource_instance_id"": ""8057035535632679842"", ""resource_project_id"": ""proyecto-2-cloud-509714"", ""resource_type"": ""gce_instance"", ""resource_zone"": ""us-central1-a"", ""vm"": ""8057035535632679842""}",0
2026-09-27T02:40:29.727586Z,"{""command"": ""nvme-delete-wq"", ""command_line"": """", ""owner"": ""root"", ""pid"": ""57"", ""process"": ""all"", ""resource_instance_id"": ""8057035535632679842"", ""resource_project_id"": ""proyecto-2-cloud-509714"", ""resource_type"": ""gce_instance"", ""resource_zone"": ""us-central1-a"", ""vm"": ""8057035535632679842""}",0
2026-09-27T02:39:59.733951Z,"{""command"": ""nvme-delete-wq"", ""command_line"": """", ""owner"": ""root"", ""pid"": ""57"", ""process"": ""all"", ""resource_instance_id"": ""8057035535632679842"", ""resource_project_id"": ""proyecto-2-cloud-509714"", ""resource_type"": ""gce_instance"", ""resource_zone"": ""us-central1-a"", ""vm"": ""8057035535632679842""}",0
2026-09-27T02:39:29.729313Z,"{""command"": ""nvme-delete-wq"", ""command_line"": """", ""owner"": ""root"", ""pid"": ""57"", ""process"": ""all"", ""resource_instance_id"": ""8057035535632679842"", ""resource_project_id"": ""proyecto-2-cloud-509714"", ""resource_type"": ""gce_instance"", ""resource_zone"": ""us-central1-a"", ""vm"": ""8057035535632679842""}",0
2026-09-27T02:38:59.734219Z,"{""command"": ""nvme-delete-wq"", ""command_line"": """", ""owner"": ""root"", ""pid"": ""57"", ""process"": ""all"", ""resource_instance_id"": ""8057035535632679842"", ""resource_project_id"": ""proyecto-2-cloud-509714"", ""resource_type"": ""gce_instance"", ""resource_zone"": ""us-central1-a"", ""vm"": ""8057035535632679842""}",0
2026-09-27T02:38:29.726561Z,"{""command"": ""nvme-delete-wq"", ""command_line"": """", ""owner"": ""root"", ""pid"": ""57"", ""process"": ""all"", ""resource_instance_id"": ""8057035535632679842"", ""resource_project_id"": ""proyecto-2-cloud-509714"", ""resource_type"": ""gce_instance"", ""resource_zone"": ""us-central1-a"", ""vm"": ""8057035535632679842""}",0
2026-09-27T02:37:59.737061Z,"{""command"": ""nvme-delete-wq"", ""command_line"": """", ""owner"": ""root"", ""pid"": ""57"", ""process"": ""all"", ""resource_instance_id"": ""8057035535632679842"", ""resource_project_id"": ""proyecto-2-cloud-509714"", ""resource_type"": ""gce_instance"", ""resource_zone"": ""us-central1-a"", ""vm"": ""8057035535632679842""}",0
2026-09-27T02:37:29.731218Z,"{""command"": ""nvme-delete-wq"", ""command_line"": """", ""owner"": ""root"", ""pid"": ""57"", ""process"": ""all"", ""resource_instance_id"": ""8057035535632679842"", ""resource_project_id"": ""proyecto-2-cloud-509714"", ""resource_type"": ""gce_instance"", ""resource_zone"": ""us-central1-a"", ""vm"": ""8057035535632679842""}",0
2026-09-27T02:36:59.738097Z,"{""command"": ""nvme-delete-wq"", ""command_line"": """", ""owner"": ""root"", ""pid"": ""57"", ""process"": ""all"", ""resource_instance_id"": ""8057035535632679842"", ""resource_project_id"": ""proyecto-2-cloud-509714"", ""resource_type"": ""gce_instance"", ""resource_zone"": ""us-central1-a"", ""vm"": ""8057035535632679842""}",0
2026-09-27T02:36:29.733209Z,"{""command"": ""nvme-delete-wq"", ""command_line"": """", ""owner"": ""root"", ""pid"": ""57"", ""process"": ""all"", ""resource_instance_id"": ""8057035535632679842"", ""resource_project_id"": ""proyecto-2-cloud-509714"", ""resource_type"": ""gce_instance"", ""resource_zone"": ""us-central1-a"", ""vm"": ""8057035535632679842""}",0
2026-09-27T02:35:59.726202Z,"{""command"": ""nvme-delete-wq"", ""command_line"": """", ""owner"": ""root"", ""pid"": ""57"", ""process"": ""all"", ""resource_instance_id"": ""8057035535632679842"", ""resource_project_id"": ""proyecto-2-cloud-509714"", ""resource_type"": ""gce_instance"", ""resource_zone"": ""us-central1-a"", ""vm"": ""8057035535632679842""}",0
2026-09-27T02:35:29.724930Z,"{""command"": ""nvme-delete-wq"", ""command_line"": """", ""owner"": ""root"", ""pid"": ""57"", ""process"": ""all"", ""resource_instance_id"": ""8057035535632679842"", ""resource_project_id"": ""proyecto-2-cloud-509714"", ""resource_type"": ""gce_instance"", ""resource_zone"": ""us-central1-a"", ""vm"": ""8057035535632679842""}",0
2026-09-27T02:34:59.729799Z,"{""command"": ""nvme-delete-wq"", ""command_line"": """", ""owner"": ""root"", ""pid"": ""57"", ""process"": ""all"", ""resource_instance_id"": ""8057035535632679842"", ""resource_project_id"": ""proyecto-2-cloud-509714"", ""resource_type"": ""gce_instance"", ""resource_zone"": ""us-central1-a"", ""vm"": ""8057035535632679842""}",0
2026-09-27T02:34:29.729281Z,"{""command"": ""nvme-delete-wq"", ""command_line"": """", ""owner"": ""root"", ""pid"": ""57"", ""process"": ""all"", ""resource_instance_id"": ""8057035535632679842"", ""resource_project_id"": ""proyecto-2-cloud-509714"", ""resource_type"": ""gce_instance"", ""resource_zone"": ""us-central1-a"", ""vm"": ""8057035535632679842""}",0
2026-09-27T02:33:59.736389Z,"{""command"": ""nvme-delete-wq"", ""command_line"": """", ""owner"": ""root"", ""pid"": ""57"", ""process"": ""all"", ""resource_instance_id"": ""8057035535632679842"", ""resource_project_id"": ""proyecto-2-cloud-509714"", ""resource_type"": ""gce_instance"", ""resource_zone"": ""us-central1-a"", ""vm"": ""8057035535632679842""}",0
2026-09-27T02:33:29.725651Z,"{""command"": ""nvme-delete-wq"", ""command_line"": """", ""owner"": ""root"", ""pid"": ""57"", ""process"": ""all"", ""resource_instance_id"": ""8057035535632679842"", ""resource_project_id"": ""proyecto-2-cloud-509714"", ""resource_type"": ""gce_instance"", ""resource_zone"": ""us-central1-a"", ""vm"": ""8057035535632679842""}",0
2026-09-27T02:32:59.742854Z,"{""command"": ""nvme-delete-wq"", ""command_line"": """", ""owner"": ""root"", ""pid"": ""57"", ""process"": ""all"", ""resource_instance_id"": ""8057035535632679842"", ""resource_project_id"": ""proyecto-2-cloud-509714"", ""resource_type"": ""gce_instance"", ""resource_zone"": ""us-central1-a"", ""vm"": ""8057035535632679842""}",0
2026-09-27T02:32:29.733952Z,"{""command"": ""nvme-delete-wq"", ""command_line"": """", ""owner"": ""root"", ""pid"": ""57"", ""process"": ""all"", ""resource_instance_id"": ""8057035535632679842"", ""resource_project_id"": ""proyecto-2-cloud-509714"", ""resource_type"": ""gce_instance"", ""resource_zone"": ""us-central1-a"", ""vm"": ""8057035535632679842""}",0
2026-09-27T02:31:59.734157Z,"{""command"": ""nvme-delete-wq"", ""command_line"": """", ""owner"": ""root"", ""pid"": ""57"", ""process"": ""all"", ""resource_instance_id"": ""8057035535632679842"", ""resource_project_id"": ""proyecto-2-cloud-509714"", ""resource_type"": ""gce_instance"", ""resource_zone"": ""us-central1-a"", ""vm"": ""8057035535632679842""}",0
2026-09-27T02:31:29.728720Z,"{""command"": ""nvme-delete-wq"", ""command_line"": """", ""owner"": ""root"", ""pid"": ""57"", ""process"": ""all"", ""resource_instance_id"": ""8057035535632679842"", ""resource_project_id"": ""proyecto-2-cloud-509714"", ""resource_type"": ""gce_instance"", ""resource_zone"": ""us-central1-a"", ""vm"": ""8057035535632679842""}",0
2026-09-27T02:30:59.744229Z,"{""command"": ""nvme-delete-wq"", ""command_line"": """", ""owner"": ""root"", ""pid"": ""57"", ""process"": ""all"", ""resource_instance_id"": ""8057035535632679842"", ""resource_project_id"": ""proyecto-2-cloud-509714"", ""resource_type"": ""gce_instance"", ""resource_zone"": ""us-central1-a"", ""vm"": ""8057035535632679842""}",0
2026-09-27T02:30:29.739271Z,"{""command"": ""nvme-delete-wq"", ""command_line"": """", ""owner"": ""root"", ""pid"": ""57"", ""process"": ""all"", ""resource_instance_id"": ""8057035535632679842"", ""resource_project_id"": ""proyecto-2-cloud-509714"", ""resource_type"": ""gce_instance"", ""resource_zone"": ""us-central1-a"", ""vm"": ""8057035535632679842""}",0
2026-09-27T02:30:22.325691Z,"{""command"": ""nvme-delete-wq"", ""command_line"": """", ""owner"": ""root"", ""pid"": ""57"", ""process"": ""all"", ""resource_instance_id"": ""8057035535632679842"", ""resource_project_id"": ""proyecto-2-cloud-509714"", ""resource_type"": ""gce_instance"", ""resource_zone"": ""us-central1-a"", ""vm"": ""8057035535632679842""}",0
2026-09-27T02:49:59.737641Z,"{""command"": ""nvme-reset-wq"", ""command_line"": """", ""owner"": ""root"", ""pid"": ""56"", ""process"": ""all"", ""resource_instance_id"": ""8057035535632679842"", ""resource_project_id"": ""proyecto-2-cloud-509714"", ""resource_type"": ""gce_instance"", ""resource_zone"": ""us-central1-a"", ""vm"": ""8057035535632679842""}",0
2026-09-27T02:49:29.734333Z,"{""command"": ""nvme-reset-wq"", ""command_line"": """", ""owner"": ""root"", ""pid"": ""56"", ""process"": ""all"", ""resource_instance_id"": ""8057035535632679842"", ""resource_project_id"": ""proyecto-2-cloud-509714"", ""resource_type"": ""gce_instance"", ""resource_zone"": ""us-central1-a"", ""vm"": ""8057035535632679842""}",0
2026-09-27T02:48:59.729272Z,"{""command"": ""nvme-reset-wq"", ""command_line"": """", ""owner"": ""root"", ""pid"": ""56"", ""process"": ""all"", ""resource_instance_id"": ""8057035535632679842"", ""resource_project_id"": ""proyecto-2-cloud-509714"", ""resource_type"": ""gce_instance"", ""resource_zone"": ""us-central1-a"", ""vm"": ""8057035535632679842""}",0
2026-09-27T02:48:29.735931Z,"{""command"": ""nvme-reset-wq"", ""command_line"": """", ""owner"": ""root"", ""pid"": ""56"", ""process"": ""all"", ""resource_instance_id"": ""8057035535632679842"", ""resource_project_id"": ""proyecto-2-cloud-509714"", ""resource_type"": ""gce_instance"", ""resource_zone"": ""us-central1-a"", ""vm"": ""8057035535632679842""}",0
2026-09-27T02:47:59.733779Z,"{""command"": ""nvme-reset-wq"", ""command_line"": """", ""owner"": ""root"", ""pid"": ""56"", ""process"": ""all"", ""resource_instance_id"": ""8057035535632679842"", ""resource_project_id"": ""proyecto-2-cloud-509714"", ""resource_type"": ""gce_instance"", ""resource_zone"": ""us-central1-a"", ""vm"": ""8057035535632679842""}",0
2026-09-27T02:47:29.730734Z,"{""command"": ""nvme-reset-wq"", ""command_line"": """", ""owner"": ""root"", ""pid"": ""56"", ""process"": ""all"", ""resource_instance_id"": ""8057035535632679842"", ""resource_project_id"": ""proyecto-2-cloud-509714"", ""resource_type"": ""gce_instance"", ""resource_zone"": ""us-central1-a"", ""vm"": ""8057035535632679842""}",0
2026-09-27T02:46:59.741230Z,"{""command"": ""nvme-reset-wq"", ""command_line"": """", ""owner"": ""root"", ""pid"": ""56"", ""process"": ""all"", ""resource_instance_id"": ""8057035535632679842"", ""resource_project_id"": ""proyecto-2-cloud-509714"", ""resource_type"": ""gce_instance"", ""resource_zone"": ""us-central1-a"", ""vm"": ""8057035535632679842""}",0
2026-09-27T02:46:29.735724Z,"{""command"": ""nvme-reset-wq"", ""command_line"": """", ""owner"": ""root"", ""pid"": ""56"", ""process"": ""all"", ""resource_instance_id"": ""8057035535632679842"", ""resource_project_id"": ""proyecto-2-cloud-509714"", ""resource_type"": ""gce_instance"", ""resource_zone"": ""us-central1-a"", ""vm"": ""8057035535632679842""}",0
2026-09-27T02:45:59.730261Z,"{""command"": ""nvme-reset-wq"", ""command_line"": """", ""owner"": ""root"", ""pid"": ""56"", ""process"": ""all"", ""resource_instance_id"": ""8057035535632679842"", ""resource_project_id"": ""proyecto-2-cloud-509714"", ""resource_type"": ""gce_instance"", ""resource_zone"": ""us-central1-a"", ""vm"": ""8057035535632679842""}",0
2026-09-27T02:45:29.736089Z,"{""command"": ""nvme-reset-wq"", ""command_line"": """", ""owner"": ""root"", ""pid"": ""56"", ""process"": ""all"", ""resource_instance_id"": ""8057035535632679842"", ""resource_project_id"": ""proyecto-2-cloud-509714"", ""resource_type"": ""gce_instance"", ""resource_zone"": ""us-central1-a"", ""vm"": ""8057035535632679842""}",0
2026-09-27T02:44:59.741389Z,"{""command"": ""nvme-reset-wq"", ""command_line"": """", ""owner"": ""root"", ""pid"": ""56"", ""process"": ""all"", ""resource_instance_id"": ""8057035535632679842"", ""resource_project_id"": ""proyecto-2-cloud-509714"", ""resource_type"": ""gce_instance"", ""resource_zone"": ""us-central1-a"", ""vm"": ""8057035535632679842""}",0
2026-09-27T02:44:29.738475Z,"{""command"": ""nvme-reset-wq"", ""command_line"": """", ""owner"": ""root"", ""pid"": ""56"", ""process"": ""all"", ""resource_instance_id"": ""8057035535632679842"", ""resource_project_id"": ""proyecto-2-cloud-509714"", ""resource_type"": ""gce_instance"", ""resource_zone"": ""us-central1-a"", ""vm"": ""8057035535632679842""}",0
2026-09-27T02:43:59.740095Z,"{""command"": ""nvme-reset-wq"", ""command_line"": """", ""owner"": ""root"", ""pid"": ""56"", ""process"": ""all"", ""resource_instance_id"": ""8057035535632679842"", ""resource_project_id"": ""proyecto-2-cloud-509714"", ""resource_type"": ""gce_instance"", ""resource_zone"": ""us-central1-a"", ""vm"": ""8057035535632679842""}",0
2026-09-27T02:43:29.740722Z,"{""command"": ""nvme-reset-wq"", ""command_line"": """", ""owner"": ""root"", ""pid"": ""56"", ""process"": ""all"", ""resource_instance_id"": ""8057035535632679842"", ""resource_project_id"": ""proyecto-2-cloud-509714"", ""resource_type"": ""gce_instance"", ""resource_zone"": ""us-central1-a"", ""vm"": ""8057035535632679842""}",0
2026-09-27T02:42:59.734457Z,"{""command"": ""nvme-reset-wq"", ""command_line"": """", ""owner"": ""root"", ""pid"": ""56"", ""process"": ""all"", ""resource_instance_id"": ""8057035535632679842"", ""resource_project_id"": ""proyecto-2-cloud-509714"", ""resource_type"": ""gce_instance"", ""resource_zone"": ""us-central1-a"", ""vm"": ""8057035535632679842""}",0
2026-09-27T02:42:29.759408Z,"{""command"": ""nvme-reset-wq"", ""command_line"": """", ""owner"": ""root"", ""pid"": ""56"", ""process"": ""all"", ""resource_instance_id"": ""8057035535632679842"", ""resource_project_id"": ""proyecto-2-cloud-509714"", ""resource_type"": ""gce_instance"", ""resource_zone"": ""us-central1-a"", ""vm"": ""8057035535632679842""}",0
2026-09-27T02:41:59.737782Z,"{""command"": ""nvme-reset-wq"", ""command_line"": """", ""owner"": ""root"", ""pid"": ""56"", ""process"": ""all"", ""resource_instance_id"": ""8057035535632679842"", ""resource_project_id"": ""proyecto-2-cloud-509714"", ""resource_type"": ""gce_instance"", ""resource_zone"": ""us-central1-a"", ""vm"": ""8057035535632679842""}",0
2026-09-27T02:41:29.741565Z,"{""command"": ""nvme-reset-wq"", ""command_line"": """", ""owner"": ""root"", ""pid"": ""56"", ""process"": ""all"", ""resource_instance_id"": ""8057035535632679842"", ""resource_project_id"": ""proyecto-2-cloud-509714"", ""resource_type"": ""gce_instance"", ""resource_zone"": ""us-central1-a"", ""vm"": ""8057035535632679842""}",0
2026-09-27T02:40:59.729318Z,"{""command"": ""nvme-reset-wq"", ""command_line"": """", ""owner"": ""root"", ""pid"": ""56"", ""process"": ""all"", ""resource_instance_id"": ""8057035535632679842"", ""resource_project_id"": ""proyecto-2-cloud-509714"", ""resource_type"": ""gce_instance"", ""resource_zone"": ""us-central1-a"", ""vm"": ""8057035535632679842""}",0
2026-09-27T02:40:29.727530Z,"{""command"": ""nvme-reset-wq"", ""command_line"": """", ""owner"": ""root"", ""pid"": ""56"", ""process"": ""all"", ""resource_instance_id"": ""8057035535632679842"", ""resource_project_id"": ""proyecto-2-cloud-509714"", ""resource_type"": ""gce_instance"", ""resource_zone"": ""us-central1-a"", ""vm"": ""8057035535632679842""}",0
2026-09-27T02:39:59.733855Z,"{""command"": ""nvme-reset-wq"", ""command_line"": """", ""owner"": ""root"", ""pid"": ""56"", ""process"": ""all"", ""resource_instance_id"": ""8057035535632679842"", ""resource_project_id"": ""proyecto-2-cloud-509714"", ""resource_type"": ""gce_instance"", ""resource_zone"": ""us-central1-a"", ""vm"": ""8057035535632679842""}",0
2026-09-27T02:39:29.729262Z,"{""command"": ""nvme-reset-wq"", ""command_line"": """", ""owner"": ""root"", ""pid"": ""56"", ""process"": ""all"", ""resource_instance_id"": ""8057035535632679842"", ""resource_project_id"": ""proyecto-2-cloud-509714"", ""resource_type"": ""gce_instance"", ""resource_zone"": ""us-central1-a"", ""vm"": ""8057035535632679842""}",0
2026-09-27T02:38:59.734135Z,"{""command"": ""nvme-reset-wq"", ""command_line"": """", ""owner"": ""root"", ""pid"": ""56"", ""process"": ""all"", ""resource_instance_id"": ""8057035535632679842"", ""resource_project_id"": ""proyecto-2-cloud-509714"", ""resource_type"": ""gce_instance"", ""resource_zone"": ""us-central1-a"", ""vm"": ""8057035535632679842""}",0
2026-09-27T02:38:29.726502Z,"{""command"": ""nvme-reset-wq"", ""command_line"": """", ""owner"": ""root"", ""pid"": ""56"", ""process"": ""all"", ""resource_instance_id"": ""8057035535632679842"", ""resource_project_id"": ""proyecto-2-cloud-509714"", ""resource_type"": ""gce_instance"", ""resource_zone"": ""us-central1-a"", ""vm"": ""8057035535632679842""}",0
2026-09-27T02:37:59.737006Z,"{""command"": ""nvme-reset-wq"", ""command_line"": """", ""owner"": ""root"", ""pid"": ""56"", ""process"": ""all"", ""resource_instance_id"": ""8057035535632679842"", ""resource_project_id"": ""proyecto-2-cloud-509714"", ""resource_type"": ""gce_instance"", ""resource_zone"": ""us-central1-a"", ""vm"": ""8057035535632679842""}",0
2026-09-27T02:37:29.731159Z,"{""command"": ""nvme-reset-wq"", ""command_line"": """", ""owner"": ""root"", ""pid"": ""56"", ""process"": ""all"", ""resource_instance_id"": ""8057035535632679842"", ""resource_project_id"": ""proyecto-2-cloud-509714"", ""resource_type"": ""gce_instance"", ""resource_zone"": ""us-central1-a"", ""vm"": ""8057035535632679842""}",0
2026-09-27T02:36:59.738016Z,"{""command"": ""nvme-reset-wq"", ""command_line"": """", ""owner"": ""root"", ""pid"": ""56"", ""process"": ""all"", ""resource_instance_id"": ""8057035535632679842"", ""resource_project_id"": ""proyecto-2-cloud-509714"", ""resource_type"": ""gce_instance"", ""resource_zone"": ""us-central1-a"", ""vm"": ""8057035535632679842""}",0
2026-09-27T02:36:29.733121Z,"{""command"": ""nvme-reset-wq"", ""command_line"": """", ""owner"": ""root"", ""pid"": ""56"", ""process"": ""all"", ""resource_instance_id"": ""8057035535632679842"", ""resource_project_id"": ""proyecto-2-cloud-509714"", ""resource_type"": ""gce_instance"", ""resource_zone"": ""us-central1-a"", ""vm"": ""8057035535632679842""}",0
2026-09-27T02:35:59.726145Z,"{""command"": ""nvme-reset-wq"", ""command_line"": """", ""owner"": ""root"", ""pid"": ""56"", ""process"": ""all"", ""resource_instance_id"": ""8057035535632679842"", ""resource_project_id"": ""proyecto-2-cloud-509714"", ""resource_type"": ""gce_instance"", ""resource_zone"": ""us-central1-a"", ""vm"": ""8057035535632679842""}",0
2026-09-27T02:35:29.724881Z,"{""command"": ""nvme-reset-wq"", ""command_line"": """", ""owner"": ""root"", ""pid"": ""56"", ""process"": ""all"", ""resource_instance_id"": ""8057035535632679842"", ""resource_project_id"": ""proyecto-2-cloud-509714"", ""resource_type"": ""gce_instance"", ""resource_zone"": ""us-central1-a"", ""vm"": ""8057035535632679842""}",0
2026-09-27T02:34:59.729728Z,"{""command"": ""nvme-reset-wq"", ""command_line"": """", ""owner"": ""root"", ""pid"": ""56"", ""process"": ""all"", ""resource_instance_id"": ""8057035535632679842"", ""resource_project_id"": ""proyecto-2-cloud-509714"", ""resource_type"": ""gce_instance"", ""resource_zone"": ""us-central1-a"", ""vm"": ""8057035535632679842""}",0
2026-09-27T02:34:29.729226Z,"{""command"": ""nvme-reset-wq"", ""command_line"": """", ""owner"": ""root"", ""pid"": ""56"", ""process"": ""all"", ""resource_instance_id"": ""8057035535632679842"", ""resource_project_id"": ""proyecto-2-cloud-509714"", ""resource_type"": ""gce_instance"", ""resource_zone"": ""us-central1-a"", ""vm"": ""8057035535632679842""}",0
2026-09-27T02:33:59.736294Z,"{""command"": ""nvme-reset-wq"", ""command_line"": """", ""owner"": ""root"", ""pid"": ""56"", ""process"": ""all"", ""resource_instance_id"": ""8057035535632679842"", ""resource_project_id"": ""proyecto-2-cloud-509714"", ""resource_type"": ""gce_instance"", ""resource_zone"": ""us-central1-a"", ""vm"": ""8057035535632679842""}",0
2026-09-27T02:33:29.725589Z,"{""command"": ""nvme-reset-wq"", ""command_line"": """", ""owner"": ""root"", ""pid"": ""56"", ""process"": ""all"", ""resource_instance_id"": ""8057035535632679842"", ""resource_project_id"": ""proyecto-2-cloud-509714"", ""resource_type"": ""gce_instance"", ""resource_zone"": ""us-central1-a"", ""vm"": ""8057035535632679842""}",0
2026-09-27T02:32:59.742798Z,"{""command"": ""nvme-reset-wq"", ""command_line"": """", ""owner"": ""root"", ""pid"": ""56"", ""process"": ""all"", ""resource_instance_id"": ""8057035535632679842"", ""resource_project_id"": ""proyecto-2-cloud-509714"", ""resource_type"": ""gce_instance"", ""resource_zone"": ""us-central1-a"", ""vm"": ""8057035535632679842""}",0
2026-09-27T02:32:29.733893Z,"{""command"": ""nvme-reset-wq"", ""command_line"": """", ""owner"": ""root"", ""pid"": ""56"", ""process"": ""all"", ""resource_instance_id"": ""8057035535632679842"", ""resource_project_id"": ""proyecto-2-cloud-509714"", ""resource_type"": ""gce_instance"", ""resource_zone"": ""us-central1-a"", ""vm"": ""8057035535632679842""}",0
2026-09-27T02:31:59.734104Z,"{""command"": ""nvme-reset-wq"", ""command_line"": """", ""owner"": ""root"", ""pid"": ""56"", ""process"": ""all"", ""resource_instance_id"": ""8057035535632679842"", ""resource_project_id"": ""proyecto-2-cloud-509714"", ""resource_type"": ""gce_instance"", ""resource_zone"": ""us-central1-a"", ""vm"": ""8057035535632679842""}",0
2026-09-27T02:31:29.728672Z,"{""command"": ""nvme-reset-wq"", ""command_line"": """", ""owner"": ""root"", ""pid"": ""56"", ""process"": ""all"", ""resource_instance_id"": ""8057035535632679842"", ""resource_project_id"": ""proyecto-2-cloud-509714"", ""resource_type"": ""gce_instance"", ""resource_zone"": ""us-central1-a"", ""vm"": ""8057035535632679842""}",0
2026-09-27T02:30:59.744147Z,"{""command"": ""nvme-reset-wq"", ""command_line"": """", ""owner"": ""root"", ""pid"": ""56"", ""process"": ""all"", ""resource_instance_id"": ""8057035535632679842"", ""resource_project_id"": ""proyecto-2-cloud-509714"", ""resource_type"": ""gce_instance"", ""resource_zone"": ""us-central1-a"", ""vm"": ""8057035535632679842""}",0
2026-09-27T02:30:29.739217Z,"{""command"": ""nvme-reset-wq"", ""command_line"": """", ""owner"": ""root"", ""pid"": ""56"", ""process"": ""all"", ""resource_instance_id"": ""8057035535632679842"", ""resource_project_id"": ""proyecto-2-cloud-509714"", ""resource_type"": ""gce_instance"", ""resource_zone"": ""us-central1-a"", ""vm"": ""8057035535632679842""}",0
2026-09-27T02:30:22.325633Z,"{""command"": ""nvme-reset-wq"", ""command_line"": """", ""owner"": ""root"", ""pid"": ""56"", ""process"": ""all"", ""resource_instance_id"": ""8057035535632679842"", ""resource_project_id"": ""proyecto-2-cloud-509714"", ""resource_type"": ""gce_instance"", ""resource_zone"": ""us-central1-a"", ""vm"": ""8057035535632679842""}",0
2026-09-27T02:49:59.737557Z,"{""command"": ""nvme-wq"", ""command_line"": """", ""owner"": ""root"", ""pid"": ""55"", ""process"": ""all"", ""resource_instance_id"": ""8057035535632679842"", ""resource_project_id"": ""proyecto-2-cloud-509714"", ""resource_type"": ""gce_instance"", ""resource_zone"": ""us-central1-a"", ""vm"": ""8057035535632679842""}",0
2026-09-27T02:49:29.734258Z,"{""command"": ""nvme-wq"", ""command_line"": """", ""owner"": ""root"", ""pid"": ""55"", ""process"": ""all"", ""resource_instance_id"": ""8057035535632679842"", ""resource_project_id"": ""proyecto-2-cloud-509714"", ""resource_type"": ""gce_instance"", ""resource_zone"": ""us-central1-a"", ""vm"": ""8057035535632679842""}",0
2026-09-27T02:48:59.729223Z,"{""command"": ""nvme-wq"", ""command_line"": """", ""owner"": ""root"", ""pid"": ""55"", ""process"": ""all"", ""resource_instance_id"": ""8057035535632679842"", ""resource_project_id"": ""proyecto-2-cloud-509714"", ""resource_type"": ""gce_instance"", ""resource_zone"": ""us-central1-a"", ""vm"": ""8057035535632679842""}",0
2026-09-27T02:48:29.735874Z,"{""command"": ""nvme-wq"", ""command_line"": """", ""owner"": ""root"", ""pid"": ""55"", ""process"": ""all"", ""resource_instance_id"": ""8057035535632679842"", ""resource_project_id"": ""proyecto-2-cloud-509714"", ""resource_type"": ""gce_instance"", ""resource_zone"": ""us-central1-a"", ""vm"": ""8057035535632679842""}",0
2026-09-27T02:47:59.733724Z,"{""command"": ""nvme-wq"", ""command_line"": """", ""owner"": ""root"", ""pid"": ""55"", ""process"": ""all"", ""resource_instance_id"": ""8057035535632679842"", ""resource_project_id"": ""proyecto-2-cloud-509714"", ""resource_type"": ""gce_instance"", ""resource_zone"": ""us-central1-a"", ""vm"": ""8057035535632679842""}",0
2026-09-27T02:47:29.730654Z,"{""command"": ""nvme-wq"", ""command_line"": """", ""owner"": ""root"", ""pid"": ""55"", ""process"": ""all"", ""resource_instance_id"": ""8057035535632679842"", ""resource_project_id"": ""proyecto-2-cloud-509714"", ""resource_type"": ""gce_instance"", ""resource_zone"": ""us-central1-a"", ""vm"": ""8057035535632679842""}",0
2026-09-27T02:46:59.741149Z,"{""command"": ""nvme-wq"", ""command_line"": """", ""owner"": ""root"", ""pid"": ""55"", ""process"": ""all"", ""resource_instance_id"": ""8057035535632679842"", ""resource_project_id"": ""proyecto-2-cloud-509714"", ""resource_type"": ""gce_instance"", ""resource_zone"": ""us-central1-a"", ""vm"": ""8057035535632679842""}",0
2026-09-27T02:46:29.735660Z,"{""command"": ""nvme-wq"", ""command_line"": """", ""owner"": ""root"", ""pid"": ""55"", ""process"": ""all"", ""resource_instance_id"": ""8057035535632679842"", ""resource_project_id"": ""proyecto-2-cloud-509714"", ""resource_type"": ""gce_instance"", ""resource_zone"": ""us-central1-a"", ""vm"": ""8057035535632679842""}",0
2026-09-27T02:45:59.730209Z,"{""command"": ""nvme-wq"", ""command_line"": """", ""owner"": ""root"", ""pid"": ""55"", ""process"": ""all"", ""resource_instance_id"": ""8057035535632679842"", ""resource_project_id"": ""proyecto-2-cloud-509714"", ""resource_type"": ""gce_instance"", ""resource_zone"": ""us-central1-a"", ""vm"": ""8057035535632679842""}",0
2026-09-27T02:45:29.736035Z,"{""command"": ""nvme-wq"", ""command_line"": """", ""owner"": ""root"", ""pid"": ""55"", ""process"": ""all"", ""resource_instance_id"": ""8057035535632679842"", ""resource_project_id"": ""proyecto-2-cloud-509714"", ""resource_type"": ""gce_instance"", ""resource_zone"": ""us-central1-a"", ""vm"": ""8057035535632679842""}",0
2026-09-27T02:44:59.741330Z,"{""command"": ""nvme-wq"", ""command_line"": """", ""owner"": ""root"", ""pid"": ""55"", ""process"": ""all"", ""resource_instance_id"": ""8057035535632679842"", ""resource_project_id"": ""proyecto-2-cloud-509714"", ""resource_type"": ""gce_instance"", ""resource_zone"": ""us-central1-a"", ""vm"": ""8057035535632679842""}",0
2026-09-27T02:44:29.738418Z,"{""command"": ""nvme-wq"", ""command_line"": """", ""owner"": ""root"", ""pid"": ""55"", ""process"": ""all"", ""resource_instance_id"": ""8057035535632679842"", ""resource_project_id"": ""proyecto-2-cloud-509714"", ""resource_type"": ""gce_instance"", ""resource_zone"": ""us-central1-a"", ""vm"": ""8057035535632679842""}",0
2026-09-27T02:43:59.740032Z,"{""command"": ""nvme-wq"", ""command_line"": """", ""owner"": ""root"", ""pid"": ""55"", ""process"": ""all"", ""resource_instance_id"": ""8057035535632679842"", ""resource_project_id"": ""proyecto-2-cloud-509714"", ""resource_type"": ""gce_instance"", ""resource_zone"": ""us-central1-a"", ""vm"": ""8057035535632679842""}",0
2026-09-27T02:43:29.740661Z,"{""command"": ""nvme-wq"", ""command_line"": """", ""owner"": ""root"", ""pid"": ""55"", ""process"": ""all"", ""resource_instance_id"": ""8057035535632679842"", ""resource_project_id"": ""proyecto-2-cloud-509714"", ""resource_type"": ""gce_instance"", ""resource_zone"": ""us-central1-a"", ""vm"": ""8057035535632679842""}",0
2026-09-27T02:42:59.734401Z,"{""command"": ""nvme-wq"", ""command_line"": """", ""owner"": ""root"", ""pid"": ""55"", ""process"": ""all"", ""resource_instance_id"": ""8057035535632679842"", ""resource_project_id"": ""proyecto-2-cloud-509714"", ""resource_type"": ""gce_instance"", ""resource_zone"": ""us-central1-a"", ""vm"": ""8057035535632679842""}",0
2026-09-27T02:42:29.759325Z,"{""command"": ""nvme-wq"", ""command_line"": """", ""owner"": ""root"", ""pid"": ""55"", ""process"": ""all"", ""resource_instance_id"": ""8057035535632679842"", ""resource_project_id"": ""proyecto-2-cloud-509714"", ""resource_type"": ""gce_instance"", ""resource_zone"": ""us-central1-a"", ""vm"": ""8057035535632679842""}",0
2026-09-27T02:41:59.737721Z,"{""command"": ""nvme-wq"", ""command_line"": """", ""owner"": ""root"", ""pid"": ""55"", ""process"": ""all"", ""resource_instance_id"": ""8057035535632679842"", ""resource_project_id"": ""proyecto-2-cloud-509714"", ""resource_type"": ""gce_instance"", ""resource_zone"": ""us-central1-a"", ""vm"": ""8057035535632679842""}",0
2026-09-27T02:41:29.741513Z,"{""command"": ""nvme-wq"", ""command_line"": """", ""owner"": ""root"", ""pid"": ""55"", ""process"": ""all"", ""resource_instance_id"": ""8057035535632679842"", ""resource_project_id"": ""proyecto-2-cloud-509714"", ""resource_type"": ""gce_instance"", ""resource_zone"": ""us-central1-a"", ""vm"": ""8057035535632679842""}",0
2026-09-27T02:40:59.729268Z,"{""command"": ""nvme-wq"", ""command_line"": """", ""owner"": ""root"", ""pid"": ""55"", ""process"": ""all"", ""resource_instance_id"": ""8057035535632679842"", ""resource_project_id"": ""proyecto-2-cloud-509714"", ""resource_type"": ""gce_instance"", ""resource_zone"": ""us-central1-a"", ""vm"": ""8057035535632679842""}",0
2026-09-27T02:40:29.727479Z,"{""command"": ""nvme-wq"", ""command_line"": """", ""owner"": ""root"", ""pid"": ""55"", ""process"": ""all"", ""resource_instance_id"": ""8057035535632679842"", ""resource_project_id"": ""proyecto-2-cloud-509714"", ""resource_type"": ""gce_instance"", ""resource_zone"": ""us-central1-a"", ""vm"": ""8057035535632679842""}",0
2026-09-27T02:39:59.733743Z,"{""command"": ""nvme-wq"", ""command_line"": """", ""owner"": ""root"", ""pid"": ""55"", ""process"": ""all"", ""resource_instance_id"": ""8057035535632679842"", ""resource_project_id"": ""proyecto-2-cloud-509714"", ""resource_type"": ""gce_instance"", ""resource_zone"": ""us-central1-a"", ""vm"": ""8057035535632679842""}",0
2026-09-27T02:39:29.729212Z,"{""command"": ""nvme-wq"", ""command_line"": """", ""owner"": ""root"", ""pid"": ""55"", ""process"": ""all"", ""resource_instance_id"": ""8057035535632679842"", ""resource_project_id"": ""proyecto-2-cloud-509714"", ""resource_type"": ""gce_instance"", ""resource_zone"": ""us-central1-a"", ""vm"": ""8057035535632679842""}",0
2026-09-27T02:38:59.734045Z,"{""command"": ""nvme-wq"", ""command_line"": """", ""owner"": ""root"", ""pid"": ""55"", ""process"": ""all"", ""resource_instance_id"": ""8057035535632679842"", ""resource_project_id"": ""proyecto-2-cloud-509714"", ""resource_type"": ""gce_instance"", ""resource_zone"": ""us-central1-a"", ""vm"": ""8057035535632679842""}",0
2026-09-27T02:38:29.726422Z,"{""command"": ""nvme-wq"", ""command_line"": """", ""owner"": ""root"", ""pid"": ""55"", ""process"": ""all"", ""resource_instance_id"": ""8057035535632679842"", ""resource_project_id"": ""proyecto-2-cloud-509714"", ""resource_type"": ""gce_instance"", ""resource_zone"": ""us-central1-a"", ""vm"": ""8057035535632679842""}",0
2026-09-27T02:37:59.736951Z,"{""command"": ""nvme-wq"", ""command_line"": """", ""owner"": ""root"", ""pid"": ""55"", ""process"": ""all"", ""resource_instance_id"": ""8057035535632679842"", ""resource_project_id"": ""proyecto-2-cloud-509714"", ""resource_type"": ""gce_instance"", ""resource_zone"": ""us-central1-a"", ""vm"": ""8057035535632679842""}",0
2026-09-27T02:37:29.731075Z,"{""command"": ""nvme-wq"", ""command_line"": """", ""owner"": ""root"", ""pid"": ""55"", ""process"": ""all"", ""resource_instance_id"": ""8057035535632679842"", ""resource_project_id"": ""proyecto-2-cloud-509714"", ""resource_type"": ""gce_instance"", ""resource_zone"": ""us-central1-a"", ""vm"": ""8057035535632679842""}",0
2026-09-27T02:36:59.737931Z,"{""command"": ""nvme-wq"", ""command_line"": """", ""owner"": ""root"", ""pid"": ""55"", ""process"": ""all"", ""resource_instance_id"": ""8057035535632679842"", ""resource_project_id"": ""proyecto-2-cloud-509714"", ""resource_type"": ""gce_instance"", ""resource_zone"": ""us-central1-a"", ""vm"": ""8057035535632679842""}",0
2026-09-27T02:36:29.733027Z,"{""command"": ""nvme-wq"", ""command_line"": """", ""owner"": ""root"", ""pid"": ""55"", ""process"": ""all"", ""resource_instance_id"": ""8057035535632679842"", ""resource_project_id"": ""proyecto-2-cloud-509714"", ""resource_type"": ""gce_instance"", ""resource_zone"": ""us-central1-a"", ""vm"": ""8057035535632679842""}",0
2026-09-27T02:35:59.726085Z,"{""command"": ""nvme-wq"", ""command_line"": """", ""owner"": ""root"", ""pid"": ""55"", ""process"": ""all"", ""resource_instance_id"": ""8057035535632679842"", ""resource_project_id"": ""proyecto-2-cloud-509714"", ""resource_type"": ""gce_instance"", ""resource_zone"": ""us-central1-a"", ""vm"": ""8057035535632679842""}",0
2026-09-27T02:35:29.724832Z,"{""command"": ""nvme-wq"", ""command_line"": """", ""owner"": ""root"", ""pid"": ""55"", ""process"": ""all"", ""resource_instance_id"": ""8057035535632679842"", ""resource_project_id"": ""proyecto-2-cloud-509714"", ""resource_type"": ""gce_instance"", ""resource_zone"": ""us-central1-a"", ""vm"": ""8057035535632679842""}",0
2026-09-27T02:34:59.729674Z,"{""command"": ""nvme-wq"", ""command_line"": """", ""owner"": ""root"", ""pid"": ""55"", ""process"": ""all"", ""resource_instance_id"": ""8057035535632679842"", ""resource_project_id"": ""proyecto-2-cloud-509714"", ""resource_type"": ""gce_instance"", ""resource_zone"": ""us-central1-a"", ""vm"": ""8057035535632679842""}",0
2026-09-27T02:34:29.729169Z,"{""command"": ""nvme-wq"", ""command_line"": """", ""owner"": ""root"", ""pid"": ""55"", ""process"": ""all"", ""resource_instance_id"": ""8057035535632679842"", ""resource_project_id"": ""proyecto-2-cloud-509714"", ""resource_type"": ""gce_instance"", ""resource_zone"": ""us-central1-a"", ""vm"": ""8057035535632679842""}",0
2026-09-27T02:33:59.736237Z,"{""command"": ""nvme-wq"", ""command_line"": """", ""owner"": ""root"", ""pid"": ""55"", ""process"": ""all"", ""resource_instance_id"": ""8057035535632679842"", ""resource_project_id"": ""proyecto-2-cloud-509714"", ""resource_type"": ""gce_instance"", ""resource_zone"": ""us-central1-a"", ""vm"": ""8057035535632679842""}",0
2026-09-27T02:33:29.725538Z,"{""command"": ""nvme-wq"", ""command_line"": """", ""owner"": ""root"", ""pid"": ""55"", ""process"": ""all"", ""resource_instance_id"": ""8057035535632679842"", ""resource_project_id"": ""proyecto-2-cloud-509714"", ""resource_type"": ""gce_instance"", ""resource_zone"": ""us-central1-a"", ""vm"": ""8057035535632679842""}",0
2026-09-27T02:32:59.742728Z,"{""command"": ""nvme-wq"", ""command_line"": """", ""owner"": ""root"", ""pid"": ""55"", ""process"": ""all"", ""resource_instance_id"": ""8057035535632679842"", ""resource_project_id"": ""proyecto-2-cloud-509714"", ""resource_type"": ""gce_instance"", ""resource_zone"": ""us-central1-a"", ""vm"": ""8057035535632679842""}",0
2026-09-27T02:32:29.733838Z,"{""command"": ""nvme-wq"", ""command_line"": """", ""owner"": ""root"", ""pid"": ""55"", ""process"": ""all"", ""resource_instance_id"": ""8057035535632679842"", ""resource_project_id"": ""proyecto-2-cloud-509714"", ""resource_type"": ""gce_instance"", ""resource_zone"": ""us-central1-a"", ""vm"": ""8057035535632679842""}",0
2026-09-27T02:31:59.734053Z,"{""command"": ""nvme-wq"", ""command_line"": """", ""owner"": ""root"", ""pid"": ""55"", ""process"": ""all"", ""resource_instance_id"": ""8057035535632679842"", ""resource_project_id"": ""proyecto-2-cloud-509714"", ""resource_type"": ""gce_instance"", ""resource_zone"": ""us-central1-a"", ""vm"": ""8057035535632679842""}",0
2026-09-27T02:31:29.728623Z,"{""command"": ""nvme-wq"", ""command_line"": """", ""owner"": ""root"", ""pid"": ""55"", ""process"": ""all"", ""resource_instance_id"": ""8057035535632679842"", ""resource_project_id"": ""proyecto-2-cloud-509714"", ""resource_type"": ""gce_instance"", ""resource_zone"": ""us-central1-a"", ""vm"": ""8057035535632679842""}",0
2026-09-27T02:30:59.744066Z,"{""command"": ""nvme-wq"", ""command_line"": """", ""owner"": ""root"", ""pid"": ""55"", ""process"": ""all"", ""resource_instance_id"": ""8057035535632679842"", ""resource_project_id"": ""proyecto-2-cloud-509714"", ""resource_type"": ""gce_instance"", ""resource_zone"": ""us-central1-a"", ""vm"": ""8057035535632679842""}",0
2026-09-27T02:30:29.739154Z,"{""command"": ""nvme-wq"", ""command_line"": """", ""owner"": ""root"", ""pid"": ""55"", ""process"": ""all"", ""resource_instance_id"": ""8057035535632679842"", ""resource_project_id"": ""proyecto-2-cloud-509714"", ""resource_type"": ""gce_instance"", ""resource_zone"": ""us-central1-a"", ""vm"": ""8057035535632679842""}",0
2026-09-27T02:30:22.325575Z,"{""command"": ""nvme-wq"", ""command_line"": """", ""owner"": ""root"", ""pid"": ""55"", ""process"": ""all"", ""resource_instance_id"": ""8057035535632679842"", ""resource_project_id"": ""proyecto-2-cloud-509714"", ""resource_type"": ""gce_instance"", ""resource_zone"": ""us-central1-a"", ""vm"": ""8057035535632679842""}",0
2026-09-27T02:49:59.736297Z,"{""command"": ""oom_reaper"", ""command_line"": """", ""owner"": ""root"", ""pid"": ""31"", ""process"": ""all"", ""resource_instance_id"": ""8057035535632679842"", ""resource_project_id"": ""proyecto-2-cloud-509714"", ""resource_type"": ""gce_instance"", ""resource_zone"": ""us-central1-a"", ""vm"": ""8057035535632679842""}",0
2026-09-27T02:49:29.733377Z,"{""command"": ""oom_reaper"", ""command_line"": """", ""owner"": ""root"", ""pid"": ""31"", ""process"": ""all"", ""resource_instance_id"": ""8057035535632679842"", ""resource_project_id"": ""proyecto-2-cloud-509714"", ""resource_type"": ""gce_instance"", ""resource_zone"": ""us-central1-a"", ""vm"": ""8057035535632679842""}",0
2026-09-27T02:48:59.728492Z,"{""command"": ""oom_reaper"", ""command_line"": """", ""owner"": ""root"", ""pid"": ""31"", ""process"": ""all"", ""resource_instance_id"": ""8057035535632679842"", ""resource_project_id"": ""proyecto-2-cloud-509714"", ""resource_type"": ""gce_instance"", ""resource_zone"": ""us-central1-a"", ""vm"": ""8057035535632679842""}",0
2026-09-27T02:48:29.734533Z,"{""command"": ""oom_reaper"", ""command_line"": """", ""owner"": ""root"", ""pid"": ""31"", ""process"": ""all"", ""resource_instance_id"": ""8057035535632679842"", ""resource_project_id"": ""proyecto-2-cloud-509714"", ""resource_type"": ""gce_instance"", ""resource_zone"": ""us-central1-a"", ""vm"": ""8057035535632679842""}",0
2026-09-27T02:47:59.732845Z,"{""command"": ""oom_reaper"", ""command_line"": """", ""owner"": ""root"", ""pid"": ""31"", ""process"": ""all"", ""resource_instance_id"": ""8057035535632679842"", ""resource_project_id"": ""proyecto-2-cloud-509714"", ""resource_type"": ""gce_instance"", ""resource_zone"": ""us-central1-a"", ""vm"": ""8057035535632679842""}",0
2026-09-27T02:47:29.729458Z,"{""command"": ""oom_reaper"", ""command_line"": """", ""owner"": ""root"", ""pid"": ""31"", ""process"": ""all"", ""resource_instance_id"": ""8057035535632679842"", ""resource_project_id"": ""proyecto-2-cloud-509714"", ""resource_type"": ""gce_instance"", ""resource_zone"": ""us-central1-a"", ""vm"": ""8057035535632679842""}",0
2026-09-27T02:46:59.740017Z,"{""command"": ""oom_reaper"", ""command_line"": """", ""owner"": ""root"", ""pid"": ""31"", ""process"": ""all"", ""resource_instance_id"": ""8057035535632679842"", ""resource_project_id"": ""proyecto-2-cloud-509714"", ""resource_type"": ""gce_instance"", ""resource_zone"": ""us-central1-a"", ""vm"": ""8057035535632679842""}",0
2026-09-27T02:46:29.734800Z,"{""command"": ""oom_reaper"", ""command_line"": """", ""owner"": ""root"", ""pid"": ""31"", ""process"": ""all"", ""resource_instance_id"": ""8057035535632679842"", ""resource_project_id"": ""proyecto-2-cloud-509714"", ""resource_type"": ""gce_instance"", ""resource_zone"": ""us-central1-a"", ""vm"": ""8057035535632679842""}",0
2026-09-27T02:45:59.729443Z,"{""command"": ""oom_reaper"", ""command_line"": """", ""owner"": ""root"", ""pid"": ""31"", ""process"": ""all"", ""resource_instance_id"": ""8057035535632679842"", ""resource_project_id"": ""proyecto-2-cloud-509714"", ""resource_type"": ""gce_instance"", ""resource_zone"": ""us-central1-a"", ""vm"": ""8057035535632679842""}",0
2026-09-27T02:45:29.735275Z,"{""command"": ""oom_reaper"", ""command_line"": """", ""owner"": ""root"", ""pid"": ""31"", ""process"": ""all"", ""resource_instance_id"": ""8057035535632679842"", ""resource_project_id"": ""proyecto-2-cloud-509714"", ""resource_type"": ""gce_instance"", ""resource_zone"": ""us-central1-a"", ""vm"": ""8057035535632679842""}",0
2026-09-27T02:44:59.740485Z,"{""command"": ""oom_reaper"", ""command_line"": """", ""owner"": ""root"", ""pid"": ""31"", ""process"": ""all"", ""resource_instance_id"": ""8057035535632679842"", ""resource_project_id"": ""proyecto-2-cloud-509714"", ""resource_type"": ""gce_instance"", ""resource_zone"": ""us-central1-a"", ""vm"": ""8057035535632679842""}",0
2026-09-27T02:44:29.737553Z,"{""command"": ""oom_reaper"", ""command_line"": """", ""owner"": ""root"", ""pid"": ""31"", ""process"": ""all"", ""resource_instance_id"": ""8057035535632679842"", ""resource_project_id"": ""proyecto-2-cloud-509714"", ""resource_type"": ""gce_instance"", ""resource_zone"": ""us-central1-a"", ""vm"": ""8057035535632679842""}",0
2026-09-27T02:43:59.739193Z,"{""command"": ""oom_reaper"", ""command_line"": """", ""owner"": ""root"", ""pid"": ""31"", ""process"": ""all"", ""resource_instance_id"": ""8057035535632679842"", ""resource_project_id"": ""proyecto-2-cloud-509714"", ""resource_type"": ""gce_instance"", ""resource_zone"": ""us-central1-a"", ""vm"": ""8057035535632679842""}",0
2026-09-27T02:43:29.739592Z,"{""command"": ""oom_reaper"", ""command_line"": """", ""owner"": ""root"", ""pid"": ""31"", ""process"": ""all"", ""resource_instance_id"": ""8057035535632679842"", ""resource_project_id"": ""proyecto-2-cloud-509714"", ""resource_type"": ""gce_instance"", ""resource_zone"": ""us-central1-a"", ""vm"": ""8057035535632679842""}",0
2026-09-27T02:42:59.733576Z,"{""command"": ""oom_reaper"", ""command_line"": """", ""owner"": ""root"", ""pid"": ""31"", ""process"": ""all"", ""resource_instance_id"": ""8057035535632679842"", ""resource_project_id"": ""proyecto-2-cloud-509714"", ""resource_type"": ""gce_instance"", ""resource_zone"": ""us-central1-a"", ""vm"": ""8057035535632679842""}",0
2026-09-27T02:42:29.758427Z,"{""command"": ""oom_reaper"", ""command_line"": """", ""owner"": ""root"", ""pid"": ""31"", ""process"": ""all"", ""resource_instance_id"": ""8057035535632679842"", ""resource_project_id"": ""proyecto-2-cloud-509714"", ""resource_type"": ""gce_instance"", ""resource_zone"": ""us-central1-a"", ""vm"": ""8057035535632679842""}",0
2026-09-27T02:41:59.736814Z,"{""command"": ""oom_reaper"", ""command_line"": """", ""owner"": ""root"", ""pid"": ""31"", ""process"": ""all"", ""resource_instance_id"": ""8057035535632679842"", ""resource_project_id"": ""proyecto-2-cloud-509714"", ""resource_type"": ""gce_instance"", ""resource_zone"": ""us-central1-a"", ""vm"": ""8057035535632679842""}",0
2026-09-27T02:41:29.740710Z,"{""command"": ""oom_reaper"", ""command_line"": """", ""owner"": ""root"", ""pid"": ""31"", ""process"": ""all"", ""resource_instance_id"": ""8057035535632679842"", ""resource_project_id"": ""proyecto-2-cloud-509714"", ""resource_type"": ""gce_instance"", ""resource_zone"": ""us-central1-a"", ""vm"": ""8057035535632679842""}",0
2026-09-27T02:40:59.728495Z,"{""command"": ""oom_reaper"", ""command_line"": """", ""owner"": ""root"", ""pid"": ""31"", ""process"": ""all"", ""resource_instance_id"": ""8057035535632679842"", ""resource_project_id"": ""proyecto-2-cloud-509714"", ""resource_type"": ""gce_instance"", ""resource_zone"": ""us-central1-a"", ""vm"": ""8057035535632679842""}",0
2026-09-27T02:40:29.726200Z,"{""command"": ""oom_reaper"", ""command_line"": """", ""owner"": ""root"", ""pid"": ""31"", ""process"": ""all"", ""resource_instance_id"": ""8057035535632679842"", ""resource_project_id"": ""proyecto-2-cloud-509714"", ""resource_type"": ""gce_instance"", ""resource_zone"": ""us-central1-a"", ""vm"": ""8057035535632679842""}",0
2026-09-27T02:39:59.732316Z,"{""command"": ""oom_reaper"", ""command_line"": """", ""owner"": ""root"", ""pid"": ""31"", ""process"": ""all"", ""resource_instance_id"": ""8057035535632679842"", ""resource_project_id"": ""proyecto-2-cloud-509714"", ""resource_type"": ""gce_instance"", ""resource_zone"": ""us-central1-a"", ""vm"": ""8057035535632679842""}",0
2026-09-27T02:39:29.728479Z,"{""command"": ""oom_reaper"", ""command_line"": """", ""owner"": ""root"", ""pid"": ""31"", ""process"": ""all"", ""resource_instance_id"": ""8057035535632679842"", ""resource_project_id"": ""proyecto-2-cloud-509714"", ""resource_type"": ""gce_instance"", ""resource_zone"": ""us-central1-a"", ""vm"": ""8057035535632679842""}",0
2026-09-27T02:38:59.732750Z,"{""command"": ""oom_reaper"", ""command_line"": """", ""owner"": ""root"", ""pid"": ""31"", ""process"": ""all"", ""resource_instance_id"": ""8057035535632679842"", ""resource_project_id"": ""proyecto-2-cloud-509714"", ""resource_type"": ""gce_instance"", ""resource_zone"": ""us-central1-a"", ""vm"": ""8057035535632679842""}",0
2026-09-27T02:38:29.725295Z,"{""command"": ""oom_reaper"", ""command_line"": """", ""owner"": ""root"", ""pid"": ""31"", ""process"": ""all"", ""resource_instance_id"": ""8057035535632679842"", ""resource_project_id"": ""proyecto-2-cloud-509714"", ""resource_type"": ""gce_instance"", ""resource_zone"": ""us-central1-a"", ""vm"": ""8057035535632679842""}",0
2026-09-27T02:37:59.736007Z,"{""command"": ""oom_reaper"", ""command_line"": """", ""owner"": ""root"", ""pid"": ""31"", ""process"": ""all"", ""resource_instance_id"": ""8057035535632679842"", ""resource_project_id"": ""proyecto-2-cloud-509714"", ""resource_type"": ""gce_instance"", ""resource_zone"": ""us-central1-a"", ""vm"": ""8057035535632679842""}",0
2026-09-27T02:37:29.729322Z,"{""command"": ""oom_reaper"", ""command_line"": """", ""owner"": ""root"", ""pid"": ""31"", ""process"": ""all"", ""resource_instance_id"": ""8057035535632679842"", ""resource_project_id"": ""proyecto-2-cloud-509714"", ""resource_type"": ""gce_instance"", ""resource_zone"": ""us-central1-a"", ""vm"": ""8057035535632679842""}",0
2026-09-27T02:36:59.736690Z,"{""command"": ""oom_reaper"", ""command_line"": """", ""owner"": ""root"", ""pid"": ""31"", ""process"": ""all"", ""resource_instance_id"": ""8057035535632679842"", ""resource_project_id"": ""proyecto-2-cloud-509714"", ""resource_type"": ""gce_instance"", ""resource_zone"": ""us-central1-a"", ""vm"": ""8057035535632679842""}",0
2026-09-27T02:36:29.731755Z,"{""command"": ""oom_reaper"", ""command_line"": """", ""owner"": ""root"", ""pid"": ""31"", ""process"": ""all"", ""resource_instance_id"": ""8057035535632679842"", ""resource_project_id"": ""proyecto-2-cloud-509714"", ""resource_type"": ""gce_instance"", ""resource_zone"": ""us-central1-a"", ""vm"": ""8057035535632679842""}",0
2026-09-27T02:35:59.725282Z,"{""command"": ""oom_reaper"", ""command_line"": """", ""owner"": ""root"", ""pid"": ""31"", ""process"": ""all"", ""resource_instance_id"": ""8057035535632679842"", ""resource_project_id"": ""proyecto-2-cloud-509714"", ""resource_type"": ""gce_instance"", ""resource_zone"": ""us-central1-a"", ""vm"": ""8057035535632679842""}",0
2026-09-27T02:35:29.724108Z,"{""command"": ""oom_reaper"", ""command_line"": """", ""owner"": ""root"", ""pid"": ""31"", ""process"": ""all"", ""resource_instance_id"": ""8057035535632679842"", ""resource_project_id"": ""proyecto-2-cloud-509714"", ""resource_type"": ""gce_instance"", ""resource_zone"": ""us-central1-a"", ""vm"": ""8057035535632679842""}",0
2026-09-27T02:34:59.728767Z,"{""command"": ""oom_reaper"", ""command_line"": """", ""owner"": ""root"", ""pid"": ""31"", ""process"": ""all"", ""resource_instance_id"": ""8057035535632679842"", ""resource_project_id"": ""proyecto-2-cloud-509714"", ""resource_type"": ""gce_instance"", ""resource_zone"": ""us-central1-a"", ""vm"": ""8057035535632679842""}",0
2026-09-27T02:34:29.728329Z,"{""command"": ""oom_reaper"", ""command_line"": """", ""owner"": ""root"", ""pid"": ""31"", ""process"": ""all"", ""resource_instance_id"": ""8057035535632679842"", ""resource_project_id"": ""proyecto-2-cloud-509714"", ""resource_type"": ""gce_instance"", ""resource_zone"": ""us-central1-a"", ""vm"": ""8057035535632679842""}",0
2026-09-27T02:33:59.735402Z,"{""command"": ""oom_reaper"", ""command_line"": """", ""owner"": ""root"", ""pid"": ""31"", ""process"": ""all"", ""resource_instance_id"": ""8057035535632679842"", ""resource_project_id"": ""proyecto-2-cloud-509714"", ""resource_type"": ""gce_instance"", ""resource_zone"": ""us-central1-a"", ""vm"": ""8057035535632679842""}",0
2026-09-27T02:33:29.724803Z,"{""command"": ""oom_reaper"", ""command_line"": """", ""owner"": ""root"", ""pid"": ""31"", ""process"": ""all"", ""resource_instance_id"": ""8057035535632679842"", ""resource_project_id"": ""proyecto-2-cloud-509714"", ""resource_type"": ""gce_instance"", ""resource_zone"": ""us-central1-a"", ""vm"": ""8057035535632679842""}",0
2026-09-27T02:32:59.741847Z,"{""command"": ""oom_reaper"", ""command_line"": """", ""owner"": ""root"", ""pid"": ""31"", ""process"": ""all"", ""resource_instance_id"": ""8057035535632679842"", ""resource_project_id"": ""proyecto-2-cloud-509714"", ""resource_type"": ""gce_instance"", ""resource_zone"": ""us-central1-a"", ""vm"": ""8057035535632679842""}",0
2026-09-27T02:32:29.733017Z,"{""command"": ""oom_reaper"", ""command_line"": """", ""owner"": ""root"", ""pid"": ""31"", ""process"": ""all"", ""resource_instance_id"": ""8057035535632679842"", ""resource_project_id"": ""proyecto-2-cloud-509714"", ""resource_type"": ""gce_instance"", ""resource_zone"": ""us-central1-a"", ""vm"": ""8057035535632679842""}",0
2026-09-27T02:31:59.733306Z,"{""command"": ""oom_reaper"", ""command_line"": """", ""owner"": ""root"", ""pid"": ""31"", ""process"": ""all"", ""resource_instance_id"": ""8057035535632679842"", ""resource_project_id"": ""proyecto-2-cloud-509714"", ""resource_type"": ""gce_instance"", ""resource_zone"": ""us-central1-a"", ""vm"": ""8057035535632679842""}",0
2026-09-27T02:31:29.727831Z,"{""command"": ""oom_reaper"", ""command_line"": """", ""owner"": ""root"", ""pid"": ""31"", ""process"": ""all"", ""resource_instance_id"": ""8057035535632679842"", ""resource_project_id"": ""proyecto-2-cloud-509714"", ""resource_type"": ""gce_instance"", ""resource_zone"": ""us-central1-a"", ""vm"": ""8057035535632679842""}",0
2026-09-27T02:30:59.742703Z,"{""command"": ""oom_reaper"", ""command_line"": """", ""owner"": ""root"", ""pid"": ""31"", ""process"": ""all"", ""resource_instance_id"": ""8057035535632679842"", ""resource_project_id"": ""proyecto-2-cloud-509714"", ""resource_type"": ""gce_instance"", ""resource_zone"": ""us-central1-a"", ""vm"": ""8057035535632679842""}",0
2026-09-27T02:30:29.738113Z,"{""command"": ""oom_reaper"", ""command_line"": """", ""owner"": ""root"", ""pid"": ""31"", ""process"": ""all"", ""resource_instance_id"": ""8057035535632679842"", ""resource_project_id"": ""proyecto-2-cloud-509714"", ""resource_type"": ""gce_instance"", ""resource_zone"": ""us-central1-a"", ""vm"": ""8057035535632679842""}",0
2026-09-27T02:30:22.324577Z,"{""command"": ""oom_reaper"", ""command_line"": """", ""owner"": ""root"", ""pid"": ""31"", ""process"": ""all"", ""resource_instance_id"": ""8057035535632679842"", ""resource_project_id"": ""proyecto-2-cloud-509714"", ""resource_type"": ""gce_instance"", ""resource_zone"": ""us-central1-a"", ""vm"": ""8057035535632679842""}",0
2026-09-27T02:30:22.330527Z,"{""command"": ""otelopscol"", ""command_line"": ""/opt/google-cloud-ops-agent/subagents/opentelemetry-collector/otelopscol --config=/run/google-cloud-ops-agent-opentelemetry-collector/otel.yaml"", ""owner"": ""root"", ""pid"": ""8598"", ""process"": ""all"", ""resource_instance_id"": ""8057035535632679842"", ""resource_project_id"": ""proyecto-2-cloud-509714"", ""resource_type"": ""gce_instance"", ""resource_zone"": ""us-central1-a"", ""vm"": ""8057035535632679842""}",2124054528
2026-09-27T02:49:59.743550Z,"{""command"": ""otelopscol"", ""command_line"": ""/opt/google-cloud-ops-agent/subagents/opentelemetry-collector/otelopscol --config=/run/google-cloud-ops-agent-opentelemetry-collector/otel.yaml"", ""owner"": ""root"", ""pid"": ""8777"", ""process"": ""all"", ""resource_instance_id"": ""8057035535632679842"", ""resource_project_id"": ""proyecto-2-cloud-509714"", ""resource_type"": ""gce_instance"", ""resource_zone"": ""us-central1-a"", ""vm"": ""8057035535632679842""}",2057396224
2026-09-27T02:49:29.737801Z,"{""command"": ""otelopscol"", ""command_line"": ""/opt/google-cloud-ops-agent/subagents/opentelemetry-collector/otelopscol --config=/run/google-cloud-ops-agent-opentelemetry-collector/otel.yaml"", ""owner"": ""root"", ""pid"": ""8777"", ""process"": ""all"", ""resource_instance_id"": ""8057035535632679842"", ""resource_project_id"": ""proyecto-2-cloud-509714"", ""resource_type"": ""gce_instance"", ""resource_zone"": ""us-central1-a"", ""vm"": ""8057035535632679842""}",2057396224
2026-09-27T02:48:59.734207Z,"{""command"": ""otelopscol"", ""command_line"": ""/opt/google-cloud-ops-agent/subagents/opentelemetry-collector/otelopscol --config=/run/google-cloud-ops-agent-opentelemetry-collector/otel.yaml"", ""owner"": ""root"", ""pid"": ""8777"", ""process"": ""all"", ""resource_instance_id"": ""8057035535632679842"", ""resource_project_id"": ""proyecto-2-cloud-509714"", ""resource_type"": ""gce_instance"", ""resource_zone"": ""us-central1-a"", ""vm"": ""8057035535632679842""}",2057396224
2026-09-27T02:48:29.740436Z,"{""command"": ""otelopscol"", ""command_line"": ""/opt/google-cloud-ops-agent/subagents/opentelemetry-collector/otelopscol --config=/run/google-cloud-ops-agent-opentelemetry-collector/otel.yaml"", ""owner"": ""root"", ""pid"": ""8777"", ""process"": ""all"", ""resource_instance_id"": ""8057035535632679842"", ""resource_project_id"": ""proyecto-2-cloud-509714"", ""resource_type"": ""gce_instance"", ""resource_zone"": ""us-central1-a"", ""vm"": ""8057035535632679842""}",2057396224
2026-09-27T02:47:59.737352Z,"{""command"": ""otelopscol"", ""command_line"": ""/opt/google-cloud-ops-agent/subagents/opentelemetry-collector/otelopscol --config=/run/google-cloud-ops-agent-opentelemetry-collector/otel.yaml"", ""owner"": ""root"", ""pid"": ""8777"", ""process"": ""all"", ""resource_instance_id"": ""8057035535632679842"", ""resource_project_id"": ""proyecto-2-cloud-509714"", ""resource_type"": ""gce_instance"", ""resource_zone"": ""us-central1-a"", ""vm"": ""8057035535632679842""}",2057396224
2026-09-27T02:47:29.734420Z,"{""command"": ""otelopscol"", ""command_line"": ""/opt/google-cloud-ops-agent/subagents/opentelemetry-collector/otelopscol --config=/run/google-cloud-ops-agent-opentelemetry-collector/otel.yaml"", ""owner"": ""root"", ""pid"": ""8777"", ""process"": ""all"", ""resource_instance_id"": ""8057035535632679842"", ""resource_project_id"": ""proyecto-2-cloud-509714"", ""resource_type"": ""gce_instance"", ""resource_zone"": ""us-central1-a"", ""vm"": ""8057035535632679842""}",2057396224
2026-09-27T02:46:59.745244Z,"{""command"": ""otelopscol"", ""command_line"": ""/opt/google-cloud-ops-agent/subagents/opentelemetry-collector/otelopscol --config=/run/google-cloud-ops-agent-opentelemetry-collector/otel.yaml"", ""owner"": ""root"", ""pid"": ""8777"", ""process"": ""all"", ""resource_instance_id"": ""8057035535632679842"", ""resource_project_id"": ""proyecto-2-cloud-509714"", ""resource_type"": ""gce_instance"", ""resource_zone"": ""us-central1-a"", ""vm"": ""8057035535632679842""}",2057396224
2026-09-27T02:46:29.742039Z,"{""command"": ""otelopscol"", ""command_line"": ""/opt/google-cloud-ops-agent/subagents/opentelemetry-collector/otelopscol --config=/run/google-cloud-ops-agent-opentelemetry-collector/otel.yaml"", ""owner"": ""root"", ""pid"": ""8777"", ""process"": ""all"", ""resource_instance_id"": ""8057035535632679842"", ""resource_project_id"": ""proyecto-2-cloud-509714"", ""resource_type"": ""gce_instance"", ""resource_zone"": ""us-central1-a"", ""vm"": ""8057035535632679842""}",2057396224
2026-09-27T02:45:59.733354Z,"{""command"": ""otelopscol"", ""command_line"": ""/opt/google-cloud-ops-agent/subagents/opentelemetry-collector/otelopscol --config=/run/google-cloud-ops-agent-opentelemetry-collector/otel.yaml"", ""owner"": ""root"", ""pid"": ""8777"", ""process"": ""all"", ""resource_instance_id"": ""8057035535632679842"", ""resource_project_id"": ""proyecto-2-cloud-509714"", ""resource_type"": ""gce_instance"", ""resource_zone"": ""us-central1-a"", ""vm"": ""8057035535632679842""}",2057396224
2026-09-27T02:45:29.739258Z,"{""command"": ""otelopscol"", ""command_line"": ""/opt/google-cloud-ops-agent/subagents/opentelemetry-collector/otelopscol --config=/run/google-cloud-ops-agent-opentelemetry-collector/otel.yaml"", ""owner"": ""root"", ""pid"": ""8777"", ""process"": ""all"", ""resource_instance_id"": ""8057035535632679842"", ""resource_project_id"": ""proyecto-2-cloud-509714"", ""resource_type"": ""gce_instance"", ""resource_zone"": ""us-central1-a"", ""vm"": ""8057035535632679842""}",2057396224
2026-09-27T02:44:59.745093Z,"{""command"": ""otelopscol"", ""command_line"": ""/opt/google-cloud-ops-agent/subagents/opentelemetry-collector/otelopscol --config=/run/google-cloud-ops-agent-opentelemetry-collector/otel.yaml"", ""owner"": ""root"", ""pid"": ""8777"", ""process"": ""all"", ""resource_instance_id"": ""8057035535632679842"", ""resource_project_id"": ""proyecto-2-cloud-509714"", ""resource_type"": ""gce_instance"", ""resource_zone"": ""us-central1-a"", ""vm"": ""8057035535632679842""}",2057396224
2026-09-27T02:44:29.741931Z,"{""command"": ""otelopscol"", ""command_line"": ""/opt/google-cloud-ops-agent/subagents/opentelemetry-collector/otelopscol --config=/run/google-cloud-ops-agent-opentelemetry-collector/otel.yaml"", ""owner"": ""root"", ""pid"": ""8777"", ""process"": ""all"", ""resource_instance_id"": ""8057035535632679842"", ""resource_project_id"": ""proyecto-2-cloud-509714"", ""resource_type"": ""gce_instance"", ""resource_zone"": ""us-central1-a"", ""vm"": ""8057035535632679842""}",2057396224
2026-09-27T02:43:59.743960Z,"{""command"": ""otelopscol"", ""command_line"": ""/opt/google-cloud-ops-agent/subagents/opentelemetry-collector/otelopscol --config=/run/google-cloud-ops-agent-opentelemetry-collector/otel.yaml"", ""owner"": ""root"", ""pid"": ""8777"", ""process"": ""all"", ""resource_instance_id"": ""8057035535632679842"", ""resource_project_id"": ""proyecto-2-cloud-509714"", ""resource_type"": ""gce_instance"", ""resource_zone"": ""us-central1-a"", ""vm"": ""8057035535632679842""}",2057396224
2026-09-27T02:43:29.745859Z,"{""command"": ""otelopscol"", ""command_line"": ""/opt/google-cloud-ops-agent/subagents/opentelemetry-collector/otelopscol --config=/run/google-cloud-ops-agent-opentelemetry-collector/otel.yaml"", ""owner"": ""root"", ""pid"": ""8777"", ""process"": ""all"", ""resource_instance_id"": ""8057035535632679842"", ""resource_project_id"": ""proyecto-2-cloud-509714"", ""resource_type"": ""gce_instance"", ""resource_zone"": ""us-central1-a"", ""vm"": ""8057035535632679842""}",2057396224
2026-09-27T02:42:59.738235Z,"{""command"": ""otelopscol"", ""command_line"": ""/opt/google-cloud-ops-agent/subagents/opentelemetry-collector/otelopscol --config=/run/google-cloud-ops-agent-opentelemetry-collector/otel.yaml"", ""owner"": ""root"", ""pid"": ""8777"", ""process"": ""all"", ""resource_instance_id"": ""8057035535632679842"", ""resource_project_id"": ""proyecto-2-cloud-509714"", ""resource_type"": ""gce_instance"", ""resource_zone"": ""us-central1-a"", ""vm"": ""8057035535632679842""}",2057396224
2026-09-27T02:42:29.764012Z,"{""command"": ""otelopscol"", ""command_line"": ""/opt/google-cloud-ops-agent/subagents/opentelemetry-collector/otelopscol --config=/run/google-cloud-ops-agent-opentelemetry-collector/otel.yaml"", ""owner"": ""root"", ""pid"": ""8777"", ""process"": ""all"", ""resource_instance_id"": ""8057035535632679842"", ""resource_project_id"": ""proyecto-2-cloud-509714"", ""resource_type"": ""gce_instance"", ""resource_zone"": ""us-central1-a"", ""vm"": ""8057035535632679842""}",2057396224
2026-09-27T02:41:59.742013Z,"{""command"": ""otelopscol"", ""command_line"": ""/opt/google-cloud-ops-agent/subagents/opentelemetry-collector/otelopscol --config=/run/google-cloud-ops-agent-opentelemetry-collector/otel.yaml"", ""owner"": ""root"", ""pid"": ""8777"", ""process"": ""all"", ""resource_instance_id"": ""8057035535632679842"", ""resource_project_id"": ""proyecto-2-cloud-509714"", ""resource_type"": ""gce_instance"", ""resource_zone"": ""us-central1-a"", ""vm"": ""8057035535632679842""}",2057396224
2026-09-27T02:41:29.745510Z,"{""command"": ""otelopscol"", ""command_line"": ""/opt/google-cloud-ops-agent/subagents/opentelemetry-collector/otelopscol --config=/run/google-cloud-ops-agent-opentelemetry-collector/otel.yaml"", ""owner"": ""root"", ""pid"": ""8777"", ""process"": ""all"", ""resource_instance_id"": ""8057035535632679842"", ""resource_project_id"": ""proyecto-2-cloud-509714"", ""resource_type"": ""gce_instance"", ""resource_zone"": ""us-central1-a"", ""vm"": ""8057035535632679842""}",2057396224
2026-09-27T02:40:59.734215Z,"{""command"": ""otelopscol"", ""command_line"": ""/opt/google-cloud-ops-agent/subagents/opentelemetry-collector/otelopscol --config=/run/google-cloud-ops-agent-opentelemetry-collector/otel.yaml"", ""owner"": ""root"", ""pid"": ""8777"", ""process"": ""all"", ""resource_instance_id"": ""8057035535632679842"", ""resource_project_id"": ""proyecto-2-cloud-509714"", ""resource_type"": ""gce_instance"", ""resource_zone"": ""us-central1-a"", ""vm"": ""8057035535632679842""}",2057396224
2026-09-27T02:40:29.731060Z,"{""command"": ""otelopscol"", ""command_line"": ""/opt/google-cloud-ops-agent/subagents/opentelemetry-collector/otelopscol --config=/run/google-cloud-ops-agent-opentelemetry-collector/otel.yaml"", ""owner"": ""root"", ""pid"": ""8777"", ""process"": ""all"", ""resource_instance_id"": ""8057035535632679842"", ""resource_project_id"": ""proyecto-2-cloud-509714"", ""resource_type"": ""gce_instance"", ""resource_zone"": ""us-central1-a"", ""vm"": ""8057035535632679842""}",2057396224
2026-09-27T02:39:59.742250Z,"{""command"": ""otelopscol"", ""command_line"": ""/opt/google-cloud-ops-agent/subagents/opentelemetry-collector/otelopscol --config=/run/google-cloud-ops-agent-opentelemetry-collector/otel.yaml"", ""owner"": ""root"", ""pid"": ""8777"", ""process"": ""all"", ""resource_instance_id"": ""8057035535632679842"", ""resource_project_id"": ""proyecto-2-cloud-509714"", ""resource_type"": ""gce_instance"", ""resource_zone"": ""us-central1-a"", ""vm"": ""8057035535632679842""}",2057396224
2026-09-27T02:39:29.732715Z,"{""command"": ""otelopscol"", ""command_line"": ""/opt/google-cloud-ops-agent/subagents/opentelemetry-collector/otelopscol --config=/run/google-cloud-ops-agent-opentelemetry-collector/otel.yaml"", ""owner"": ""root"", ""pid"": ""8777"", ""process"": ""all"", ""resource_instance_id"": ""8057035535632679842"", ""resource_project_id"": ""proyecto-2-cloud-509714"", ""resource_type"": ""gce_instance"", ""resource_zone"": ""us-central1-a"", ""vm"": ""8057035535632679842""}",2057396224
2026-09-27T02:38:59.740306Z,"{""command"": ""otelopscol"", ""command_line"": ""/opt/google-cloud-ops-agent/subagents/opentelemetry-collector/otelopscol --config=/run/google-cloud-ops-agent-opentelemetry-collector/otel.yaml"", ""owner"": ""root"", ""pid"": ""8777"", ""process"": ""all"", ""resource_instance_id"": ""8057035535632679842"", ""resource_project_id"": ""proyecto-2-cloud-509714"", ""resource_type"": ""gce_instance"", ""resource_zone"": ""us-central1-a"", ""vm"": ""8057035535632679842""}",2057396224
2026-09-27T02:38:29.729803Z,"{""command"": ""otelopscol"", ""command_line"": ""/opt/google-cloud-ops-agent/subagents/opentelemetry-collector/otelopscol --config=/run/google-cloud-ops-agent-opentelemetry-collector/otel.yaml"", ""owner"": ""root"", ""pid"": ""8777"", ""process"": ""all"", ""resource_instance_id"": ""8057035535632679842"", ""resource_project_id"": ""proyecto-2-cloud-509714"", ""resource_type"": ""gce_instance"", ""resource_zone"": ""us-central1-a"", ""vm"": ""8057035535632679842""}",2057396224
2026-09-27T02:37:59.740540Z,"{""command"": ""otelopscol"", ""command_line"": ""/opt/google-cloud-ops-agent/subagents/opentelemetry-collector/otelopscol --config=/run/google-cloud-ops-agent-opentelemetry-collector/otel.yaml"", ""owner"": ""root"", ""pid"": ""8777"", ""process"": ""all"", ""resource_instance_id"": ""8057035535632679842"", ""resource_project_id"": ""proyecto-2-cloud-509714"", ""resource_type"": ""gce_instance"", ""resource_zone"": ""us-central1-a"", ""vm"": ""8057035535632679842""}",2057396224
2026-09-27T02:37:29.734856Z,"{""command"": ""otelopscol"", ""command_line"": ""/opt/google-cloud-ops-agent/subagents/opentelemetry-collector/otelopscol --config=/run/google-cloud-ops-agent-opentelemetry-collector/otel.yaml"", ""owner"": ""root"", ""pid"": ""8777"", ""process"": ""all"", ""resource_instance_id"": ""8057035535632679842"", ""resource_project_id"": ""proyecto-2-cloud-509714"", ""resource_type"": ""gce_instance"", ""resource_zone"": ""us-central1-a"", ""vm"": ""8057035535632679842""}",2057396224
2026-09-27T02:36:59.742972Z,"{""command"": ""otelopscol"", ""command_line"": ""/opt/google-cloud-ops-agent/subagents/opentelemetry-collector/otelopscol --config=/run/google-cloud-ops-agent-opentelemetry-collector/otel.yaml"", ""owner"": ""root"", ""pid"": ""8777"", ""process"": ""all"", ""resource_instance_id"": ""8057035535632679842"", ""resource_project_id"": ""proyecto-2-cloud-509714"", ""resource_type"": ""gce_instance"", ""resource_zone"": ""us-central1-a"", ""vm"": ""8057035535632679842""}",2057396224
2026-09-27T02:36:29.738835Z,"{""command"": ""otelopscol"", ""command_line"": ""/opt/google-cloud-ops-agent/subagents/opentelemetry-collector/otelopscol --config=/run/google-cloud-ops-agent-opentelemetry-collector/otel.yaml"", ""owner"": ""root"", ""pid"": ""8777"", ""process"": ""all"", ""resource_instance_id"": ""8057035535632679842"", ""resource_project_id"": ""proyecto-2-cloud-509714"", ""resource_type"": ""gce_instance"", ""resource_zone"": ""us-central1-a"", ""vm"": ""8057035535632679842""}",2057396224
2026-09-27T02:35:59.731430Z,"{""command"": ""otelopscol"", ""command_line"": ""/opt/google-cloud-ops-agent/subagents/opentelemetry-collector/otelopscol --config=/run/google-cloud-ops-agent-opentelemetry-collector/otel.yaml"", ""owner"": ""root"", ""pid"": ""8777"", ""process"": ""all"", ""resource_instance_id"": ""8057035535632679842"", ""resource_project_id"": ""proyecto-2-cloud-509714"", ""resource_type"": ""gce_instance"", ""resource_zone"": ""us-central1-a"", ""vm"": ""8057035535632679842""}",2057134080
2026-09-27T02:35:29.728124Z,"{""command"": ""otelopscol"", ""command_line"": ""/opt/google-cloud-ops-agent/subagents/opentelemetry-collector/otelopscol --config=/run/google-cloud-ops-agent-opentelemetry-collector/otel.yaml"", ""owner"": ""root"", ""pid"": ""8777"", ""process"": ""all"", ""resource_instance_id"": ""8057035535632679842"", ""resource_project_id"": ""proyecto-2-cloud-509714"", ""resource_type"": ""gce_instance"", ""resource_zone"": ""us-central1-a"", ""vm"": ""8057035535632679842""}",2057134080
2026-09-27T02:34:59.735631Z,"{""command"": ""otelopscol"", ""command_line"": ""/opt/google-cloud-ops-agent/subagents/opentelemetry-collector/otelopscol --config=/run/google-cloud-ops-agent-opentelemetry-collector/otel.yaml"", ""owner"": ""root"", ""pid"": ""8777"", ""process"": ""all"", ""resource_instance_id"": ""8057035535632679842"", ""resource_project_id"": ""proyecto-2-cloud-509714"", ""resource_type"": ""gce_instance"", ""resource_zone"": ""us-central1-a"", ""vm"": ""8057035535632679842""}",2057134080
2026-09-27T02:34:29.734694Z,"{""command"": ""otelopscol"", ""command_line"": ""/opt/google-cloud-ops-agent/subagents/opentelemetry-collector/otelopscol --config=/run/google-cloud-ops-agent-opentelemetry-collector/otel.yaml"", ""owner"": ""root"", ""pid"": ""8777"", ""process"": ""all"", ""resource_instance_id"": ""8057035535632679842"", ""resource_project_id"": ""proyecto-2-cloud-509714"", ""resource_type"": ""gce_instance"", ""resource_zone"": ""us-central1-a"", ""vm"": ""8057035535632679842""}",2057134080
2026-09-27T02:33:59.740291Z,"{""command"": ""otelopscol"", ""command_line"": ""/opt/google-cloud-ops-agent/subagents/opentelemetry-collector/otelopscol --config=/run/google-cloud-ops-agent-opentelemetry-collector/otel.yaml"", ""owner"": ""root"", ""pid"": ""8777"", ""process"": ""all"", ""resource_instance_id"": ""8057035535632679842"", ""resource_project_id"": ""proyecto-2-cloud-509714"", ""resource_type"": ""gce_instance"", ""resource_zone"": ""us-central1-a"", ""vm"": ""8057035535632679842""}",2057134080
2026-09-27T02:33:29.729054Z,"{""command"": ""otelopscol"", ""command_line"": ""/opt/google-cloud-ops-agent/subagents/opentelemetry-collector/otelopscol --config=/run/google-cloud-ops-agent-opentelemetry-collector/otel.yaml"", ""owner"": ""root"", ""pid"": ""8777"", ""process"": ""all"", ""resource_instance_id"": ""8057035535632679842"", ""resource_project_id"": ""proyecto-2-cloud-509714"", ""resource_type"": ""gce_instance"", ""resource_zone"": ""us-central1-a"", ""vm"": ""8057035535632679842""}",2057134080
2026-09-27T02:32:59.747097Z,"{""command"": ""otelopscol"", ""command_line"": ""/opt/google-cloud-ops-agent/subagents/opentelemetry-collector/otelopscol --config=/run/google-cloud-ops-agent-opentelemetry-collector/otel.yaml"", ""owner"": ""root"", ""pid"": ""8777"", ""process"": ""all"", ""resource_instance_id"": ""8057035535632679842"", ""resource_project_id"": ""proyecto-2-cloud-509714"", ""resource_type"": ""gce_instance"", ""resource_zone"": ""us-central1-a"", ""vm"": ""8057035535632679842""}",2057134080
2026-09-27T02:32:29.738304Z,"{""command"": ""otelopscol"", ""command_line"": ""/opt/google-cloud-ops-agent/subagents/opentelemetry-collector/otelopscol --config=/run/google-cloud-ops-agent-opentelemetry-collector/otel.yaml"", ""owner"": ""root"", ""pid"": ""8777"", ""process"": ""all"", ""resource_instance_id"": ""8057035535632679842"", ""resource_project_id"": ""proyecto-2-cloud-509714"", ""resource_type"": ""gce_instance"", ""resource_zone"": ""us-central1-a"", ""vm"": ""8057035535632679842""}",2057134080
2026-09-27T02:31:59.738015Z,"{""command"": ""otelopscol"", ""command_line"": ""/opt/google-cloud-ops-agent/subagents/opentelemetry-collector/otelopscol --config=/run/google-cloud-ops-agent-opentelemetry-collector/otel.yaml"", ""owner"": ""root"", ""pid"": ""8777"", ""process"": ""all"", ""resource_instance_id"": ""8057035535632679842"", ""resource_project_id"": ""proyecto-2-cloud-509714"", ""resource_type"": ""gce_instance"", ""resource_zone"": ""us-central1-a"", ""vm"": ""8057035535632679842""}",2057134080
2026-09-27T02:31:29.732583Z,"{""command"": ""otelopscol"", ""command_line"": ""/opt/google-cloud-ops-agent/subagents/opentelemetry-collector/otelopscol --config=/run/google-cloud-ops-agent-opentelemetry-collector/otel.yaml"", ""owner"": ""root"", ""pid"": ""8777"", ""process"": ""all"", ""resource_instance_id"": ""8057035535632679842"", ""resource_project_id"": ""proyecto-2-cloud-509714"", ""resource_type"": ""gce_instance"", ""resource_zone"": ""us-central1-a"", ""vm"": ""8057035535632679842""}",2056871936
2026-09-27T02:30:59.749211Z,"{""command"": ""otelopscol"", ""command_line"": ""/opt/google-cloud-ops-agent/subagents/opentelemetry-collector/otelopscol --config=/run/google-cloud-ops-agent-opentelemetry-collector/otel.yaml"", ""owner"": ""root"", ""pid"": ""8777"", ""process"": ""all"", ""resource_instance_id"": ""8057035535632679842"", ""resource_project_id"": ""proyecto-2-cloud-509714"", ""resource_type"": ""gce_instance"", ""resource_zone"": ""us-central1-a"", ""vm"": ""8057035535632679842""}",2056871936
2026-09-27T02:30:29.743643Z,"{""command"": ""otelopscol"", ""command_line"": ""/opt/google-cloud-ops-agent/subagents/opentelemetry-collector/otelopscol --config=/run/google-cloud-ops-agent-opentelemetry-collector/otel.yaml"", ""owner"": ""root"", ""pid"": ""8777"", ""process"": ""all"", ""resource_instance_id"": ""8057035535632679842"", ""resource_project_id"": ""proyecto-2-cloud-509714"", ""resource_type"": ""gce_instance"", ""resource_zone"": ""us-central1-a"", ""vm"": ""8057035535632679842""}",1981370368
2026-09-27T02:49:59.740818Z,"{""command"": ""polkitd"", ""command_line"": ""/usr/lib/polkit-1/polkitd --no-debug"", ""owner"": ""polkitd"", ""pid"": ""496"", ""process"": ""all"", ""resource_instance_id"": ""8057035535632679842"", ""resource_project_id"": ""proyecto-2-cloud-509714"", ""resource_type"": ""gce_instance"", ""resource_zone"": ""us-central1-a"", ""vm"": ""8057035535632679842""}",315686912
2026-09-27T02:49:29.736258Z,"{""command"": ""polkitd"", ""command_line"": ""/usr/lib/polkit-1/polkitd --no-debug"", ""owner"": ""polkitd"", ""pid"": ""496"", ""process"": ""all"", ""resource_instance_id"": ""8057035535632679842"", ""resource_project_id"": ""proyecto-2-cloud-509714"", ""resource_type"": ""gce_instance"", ""resource_zone"": ""us-central1-a"", ""vm"": ""8057035535632679842""}",315686912
2026-09-27T02:48:59.732210Z,"{""command"": ""polkitd"", ""command_line"": ""/usr/lib/polkit-1/polkitd --no-debug"", ""owner"": ""polkitd"", ""pid"": ""496"", ""process"": ""all"", ""resource_instance_id"": ""8057035535632679842"", ""resource_project_id"": ""proyecto-2-cloud-509714"", ""resource_type"": ""gce_instance"", ""resource_zone"": ""us-central1-a"", ""vm"": ""8057035535632679842""}",315686912
2026-09-27T02:48:29.738178Z,"{""command"": ""polkitd"", ""command_line"": ""/usr/lib/polkit-1/polkitd --no-debug"", ""owner"": ""polkitd"", ""pid"": ""496"", ""process"": ""all"", ""resource_instance_id"": ""8057035535632679842"", ""resource_project_id"": ""proyecto-2-cloud-509714"", ""resource_type"": ""gce_instance"", ""resource_zone"": ""us-central1-a"", ""vm"": ""8057035535632679842""}",315686912
2026-09-27T02:47:59.735826Z,"{""command"": ""polkitd"", ""command_line"": ""/usr/lib/polkit-1/polkitd --no-debug"", ""owner"": ""polkitd"", ""pid"": ""496"", ""process"": ""all"", ""resource_instance_id"": ""8057035535632679842"", ""resource_project_id"": ""proyecto-2-cloud-509714"", ""resource_type"": ""gce_instance"", ""resource_zone"": ""us-central1-a"", ""vm"": ""8057035535632679842""}",315686912
2026-09-27T02:47:29.732913Z,"{""command"": ""polkitd"", ""command_line"": ""/usr/lib/polkit-1/polkitd --no-debug"", ""owner"": ""polkitd"", ""pid"": ""496"", ""process"": ""all"", ""resource_instance_id"": ""8057035535632679842"", ""resource_project_id"": ""proyecto-2-cloud-509714"", ""resource_type"": ""gce_instance"", ""resource_zone"": ""us-central1-a"", ""vm"": ""8057035535632679842""}",315686912
2026-09-27T02:46:59.743687Z,"{""command"": ""polkitd"", ""command_line"": ""/usr/lib/polkit-1/polkitd --no-debug"", ""owner"": ""polkitd"", ""pid"": ""496"", ""process"": ""all"", ""resource_instance_id"": ""8057035535632679842"", ""resource_project_id"": ""proyecto-2-cloud-509714"", ""resource_type"": ""gce_instance"", ""resource_zone"": ""us-central1-a"", ""vm"": ""8057035535632679842""}",315686912
2026-09-27T02:46:29.739711Z,"{""command"": ""polkitd"", ""command_line"": ""/usr/lib/polkit-1/polkitd --no-debug"", ""owner"": ""polkitd"", ""pid"": ""496"", ""process"": ""all"", ""resource_instance_id"": ""8057035535632679842"", ""resource_project_id"": ""proyecto-2-cloud-509714"", ""resource_type"": ""gce_instance"", ""resource_zone"": ""us-central1-a"", ""vm"": ""8057035535632679842""}",315686912
2026-09-27T02:45:59.732010Z,"{""command"": ""polkitd"", ""command_line"": ""/usr/lib/polkit-1/polkitd --no-debug"", ""owner"": ""polkitd"", ""pid"": ""496"", ""process"": ""all"", ""resource_instance_id"": ""8057035535632679842"", ""resource_project_id"": ""proyecto-2-cloud-509714"", ""resource_type"": ""gce_instance"", ""resource_zone"": ""us-central1-a"", ""vm"": ""8057035535632679842""}",315686912
2026-09-27T02:45:29.737805Z,"{""command"": ""polkitd"", ""command_line"": ""/usr/lib/polkit-1/polkitd --no-debug"", ""owner"": ""polkitd"", ""pid"": ""496"", ""process"": ""all"", ""resource_instance_id"": ""8057035535632679842"", ""resource_project_id"": ""proyecto-2-cloud-509714"", ""resource_type"": ""gce_instance"", ""resource_zone"": ""us-central1-a"", ""vm"": ""8057035535632679842""}",315686912
2026-09-27T02:44:59.743572Z,"{""command"": ""polkitd"", ""command_line"": ""/usr/lib/polkit-1/polkitd --no-debug"", ""owner"": ""polkitd"", ""pid"": ""496"", ""process"": ""all"", ""resource_instance_id"": ""8057035535632679842"", ""resource_project_id"": ""proyecto-2-cloud-509714"", ""resource_type"": ""gce_instance"", ""resource_zone"": ""us-central1-a"", ""vm"": ""8057035535632679842""}",315686912
2026-09-27T02:44:29.740448Z,"{""command"": ""polkitd"", ""command_line"": ""/usr/lib/polkit-1/polkitd --no-debug"", ""owner"": ""polkitd"", ""pid"": ""496"", ""process"": ""all"", ""resource_instance_id"": ""8057035535632679842"", ""resource_project_id"": ""proyecto-2-cloud-509714"", ""resource_type"": ""gce_instance"", ""resource_zone"": ""us-central1-a"", ""vm"": ""8057035535632679842""}",315686912
2026-09-27T02:43:59.742136Z,"{""command"": ""polkitd"", ""command_line"": ""/usr/lib/polkit-1/polkitd --no-debug"", ""owner"": ""polkitd"", ""pid"": ""496"", ""process"": ""all"", ""resource_instance_id"": ""8057035535632679842"", ""resource_project_id"": ""proyecto-2-cloud-509714"", ""resource_type"": ""gce_instance"", ""resource_zone"": ""us-central1-a"", ""vm"": ""8057035535632679842""}",315686912
2026-09-27T02:43:29.743195Z,"{""command"": ""polkitd"", ""command_line"": ""/usr/lib/polkit-1/polkitd --no-debug"", ""owner"": ""polkitd"", ""pid"": ""496"", ""process"": ""all"", ""resource_instance_id"": ""8057035535632679842"", ""resource_project_id"": ""proyecto-2-cloud-509714"", ""resource_type"": ""gce_instance"", ""resource_zone"": ""us-central1-a"", ""vm"": ""8057035535632679842""}",315686912
2026-09-27T02:42:59.736567Z,"{""command"": ""polkitd"", ""command_line"": ""/usr/lib/polkit-1/polkitd --no-debug"", ""owner"": ""polkitd"", ""pid"": ""496"", ""process"": ""all"", ""resource_instance_id"": ""8057035535632679842"", ""resource_project_id"": ""proyecto-2-cloud-509714"", ""resource_type"": ""gce_instance"", ""resource_zone"": ""us-central1-a"", ""vm"": ""8057035535632679842""}",315686912
2026-09-27T02:42:29.762464Z,"{""command"": ""polkitd"", ""command_line"": ""/usr/lib/polkit-1/polkitd --no-debug"", ""owner"": ""polkitd"", ""pid"": ""496"", ""process"": ""all"", ""resource_instance_id"": ""8057035535632679842"", ""resource_project_id"": ""proyecto-2-cloud-509714"", ""resource_type"": ""gce_instance"", ""resource_zone"": ""us-central1-a"", ""vm"": ""8057035535632679842""}",315686912
2026-09-27T02:41:59.740107Z,"{""command"": ""polkitd"", ""command_line"": ""/usr/lib/polkit-1/polkitd --no-debug"", ""owner"": ""polkitd"", ""pid"": ""496"", ""process"": ""all"", ""resource_instance_id"": ""8057035535632679842"", ""resource_project_id"": ""proyecto-2-cloud-509714"", ""resource_type"": ""gce_instance"", ""resource_zone"": ""us-central1-a"", ""vm"": ""8057035535632679842""}",315686912
2026-09-27T02:41:29.743550Z,"{""command"": ""polkitd"", ""command_line"": ""/usr/lib/polkit-1/polkitd --no-debug"", ""owner"": ""polkitd"", ""pid"": ""496"", ""process"": ""all"", ""resource_instance_id"": ""8057035535632679842"", ""resource_project_id"": ""proyecto-2-cloud-509714"", ""resource_type"": ""gce_instance"", ""resource_zone"": ""us-central1-a"", ""vm"": ""8057035535632679842""}",315686912
2026-09-27T02:40:59.731768Z,"{""command"": ""polkitd"", ""command_line"": ""/usr/lib/polkit-1/polkitd --no-debug"", ""owner"": ""polkitd"", ""pid"": ""496"", ""process"": ""all"", ""resource_instance_id"": ""8057035535632679842"", ""resource_project_id"": ""proyecto-2-cloud-509714"", ""resource_type"": ""gce_instance"", ""resource_zone"": ""us-central1-a"", ""vm"": ""8057035535632679842""}",315686912
2026-09-27T02:40:29.729599Z,"{""command"": ""polkitd"", ""command_line"": ""/usr/lib/polkit-1/polkitd --no-debug"", ""owner"": ""polkitd"", ""pid"": ""496"", ""process"": ""all"", ""resource_instance_id"": ""8057035535632679842"", ""resource_project_id"": ""proyecto-2-cloud-509714"", ""resource_type"": ""gce_instance"", ""resource_zone"": ""us-central1-a"", ""vm"": ""8057035535632679842""}",315686912
2026-09-27T02:39:59.737367Z,"{""command"": ""polkitd"", ""command_line"": ""/usr/lib/polkit-1/polkitd --no-debug"", ""owner"": ""polkitd"", ""pid"": ""496"", ""process"": ""all"", ""resource_instance_id"": ""8057035535632679842"", ""resource_project_id"": ""proyecto-2-cloud-509714"", ""resource_type"": ""gce_instance"", ""resource_zone"": ""us-central1-a"", ""vm"": ""8057035535632679842""}",315686912
2026-09-27T02:39:29.731222Z,"{""command"": ""polkitd"", ""command_line"": ""/usr/lib/polkit-1/polkitd --no-debug"", ""owner"": ""polkitd"", ""pid"": ""496"", ""process"": ""all"", ""resource_instance_id"": ""8057035535632679842"", ""resource_project_id"": ""proyecto-2-cloud-509714"", ""resource_type"": ""gce_instance"", ""resource_zone"": ""us-central1-a"", ""vm"": ""8057035535632679842""}",315686912
2026-09-27T02:38:59.737451Z,"{""command"": ""polkitd"", ""command_line"": ""/usr/lib/polkit-1/polkitd --no-debug"", ""owner"": ""polkitd"", ""pid"": ""496"", ""process"": ""all"", ""resource_instance_id"": ""8057035535632679842"", ""resource_project_id"": ""proyecto-2-cloud-509714"", ""resource_type"": ""gce_instance"", ""resource_zone"": ""us-central1-a"", ""vm"": ""8057035535632679842""}",315686912
2026-09-27T02:38:29.728441Z,"{""command"": ""polkitd"", ""command_line"": ""/usr/lib/polkit-1/polkitd --no-debug"", ""owner"": ""polkitd"", ""pid"": ""496"", ""process"": ""all"", ""resource_instance_id"": ""8057035535632679842"", ""resource_project_id"": ""proyecto-2-cloud-509714"", ""resource_type"": ""gce_instance"", ""resource_zone"": ""us-central1-a"", ""vm"": ""8057035535632679842""}",315686912
2026-09-27T02:37:59.739036Z,"{""command"": ""polkitd"", ""command_line"": ""/usr/lib/polkit-1/polkitd --no-debug"", ""owner"": ""polkitd"", ""pid"": ""496"", ""process"": ""all"", ""resource_instance_id"": ""8057035535632679842"", ""resource_project_id"": ""proyecto-2-cloud-509714"", ""resource_type"": ""gce_instance"", ""resource_zone"": ""us-central1-a"", ""vm"": ""8057035535632679842""}",315686912
2026-09-27T02:37:29.733278Z,"{""command"": ""polkitd"", ""command_line"": ""/usr/lib/polkit-1/polkitd --no-debug"", ""owner"": ""polkitd"", ""pid"": ""496"", ""process"": ""all"", ""resource_instance_id"": ""8057035535632679842"", ""resource_project_id"": ""proyecto-2-cloud-509714"", ""resource_type"": ""gce_instance"", ""resource_zone"": ""us-central1-a"", ""vm"": ""8057035535632679842""}",315686912
2026-09-27T02:36:59.741092Z,"{""command"": ""polkitd"", ""command_line"": ""/usr/lib/polkit-1/polkitd --no-debug"", ""owner"": ""polkitd"", ""pid"": ""496"", ""process"": ""all"", ""resource_instance_id"": ""8057035535632679842"", ""resource_project_id"": ""proyecto-2-cloud-509714"", ""resource_type"": ""gce_instance"", ""resource_zone"": ""us-central1-a"", ""vm"": ""8057035535632679842""}",315686912
2026-09-27T02:36:29.736325Z,"{""command"": ""polkitd"", ""command_line"": ""/usr/lib/polkit-1/polkitd --no-debug"", ""owner"": ""polkitd"", ""pid"": ""496"", ""process"": ""all"", ""resource_instance_id"": ""8057035535632679842"", ""resource_project_id"": ""proyecto-2-cloud-509714"", ""resource_type"": ""gce_instance"", ""resource_zone"": ""us-central1-a"", ""vm"": ""8057035535632679842""}",315686912
2026-09-27T02:35:59.728852Z,"{""command"": ""polkitd"", ""command_line"": ""/usr/lib/polkit-1/polkitd --no-debug"", ""owner"": ""polkitd"", ""pid"": ""496"", ""process"": ""all"", ""resource_instance_id"": ""8057035535632679842"", ""resource_project_id"": ""proyecto-2-cloud-509714"", ""resource_type"": ""gce_instance"", ""resource_zone"": ""us-central1-a"", ""vm"": ""8057035535632679842""}",315686912
2026-09-27T02:35:29.726743Z,"{""command"": ""polkitd"", ""command_line"": ""/usr/lib/polkit-1/polkitd --no-debug"", ""owner"": ""polkitd"", ""pid"": ""496"", ""process"": ""all"", ""resource_instance_id"": ""8057035535632679842"", ""resource_project_id"": ""proyecto-2-cloud-509714"", ""resource_type"": ""gce_instance"", ""resource_zone"": ""us-central1-a"", ""vm"": ""8057035535632679842""}",315686912
2026-09-27T02:34:59.732403Z,"{""command"": ""polkitd"", ""command_line"": ""/usr/lib/polkit-1/polkitd --no-debug"", ""owner"": ""polkitd"", ""pid"": ""496"", ""process"": ""all"", ""resource_instance_id"": ""8057035535632679842"", ""resource_project_id"": ""proyecto-2-cloud-509714"", ""resource_type"": ""gce_instance"", ""resource_zone"": ""us-central1-a"", ""vm"": ""8057035535632679842""}",315686912
2026-09-27T02:34:29.732191Z,"{""command"": ""polkitd"", ""command_line"": ""/usr/lib/polkit-1/polkitd --no-debug"", ""owner"": ""polkitd"", ""pid"": ""496"", ""process"": ""all"", ""resource_instance_id"": ""8057035535632679842"", ""resource_project_id"": ""proyecto-2-cloud-509714"", ""resource_type"": ""gce_instance"", ""resource_zone"": ""us-central1-a"", ""vm"": ""8057035535632679842""}",315686912
2026-09-27T02:33:59.738309Z,"{""command"": ""polkitd"", ""command_line"": ""/usr/lib/polkit-1/polkitd --no-debug"", ""owner"": ""polkitd"", ""pid"": ""496"", ""process"": ""all"", ""resource_instance_id"": ""8057035535632679842"", ""resource_project_id"": ""proyecto-2-cloud-509714"", ""resource_type"": ""gce_instance"", ""resource_zone"": ""us-central1-a"", ""vm"": ""8057035535632679842""}",315686912
2026-09-27T02:33:29.727513Z,"{""command"": ""polkitd"", ""command_line"": ""/usr/lib/polkit-1/polkitd --no-debug"", ""owner"": ""polkitd"", ""pid"": ""496"", ""process"": ""all"", ""resource_instance_id"": ""8057035535632679842"", ""resource_project_id"": ""proyecto-2-cloud-509714"", ""resource_type"": ""gce_instance"", ""resource_zone"": ""us-central1-a"", ""vm"": ""8057035535632679842""}",315686912
2026-09-27T02:32:59.744823Z,"{""command"": ""polkitd"", ""command_line"": ""/usr/lib/polkit-1/polkitd --no-debug"", ""owner"": ""polkitd"", ""pid"": ""496"", ""process"": ""all"", ""resource_instance_id"": ""8057035535632679842"", ""resource_project_id"": ""proyecto-2-cloud-509714"", ""resource_type"": ""gce_instance"", ""resource_zone"": ""us-central1-a"", ""vm"": ""8057035535632679842""}",315686912
2026-09-27T02:32:29.736253Z,"{""command"": ""polkitd"", ""command_line"": ""/usr/lib/polkit-1/polkitd --no-debug"", ""owner"": ""polkitd"", ""pid"": ""496"", ""process"": ""all"", ""resource_instance_id"": ""8057035535632679842"", ""resource_project_id"": ""proyecto-2-cloud-509714"", ""resource_type"": ""gce_instance"", ""resource_zone"": ""us-central1-a"", ""vm"": ""8057035535632679842""}",315686912
2026-09-27T02:31:59.736251Z,"{""command"": ""polkitd"", ""command_line"": ""/usr/lib/polkit-1/polkitd --no-debug"", ""owner"": ""polkitd"", ""pid"": ""496"", ""process"": ""all"", ""resource_instance_id"": ""8057035535632679842"", ""resource_project_id"": ""proyecto-2-cloud-509714"", ""resource_type"": ""gce_instance"", ""resource_zone"": ""us-central1-a"", ""vm"": ""8057035535632679842""}",315686912
2026-09-27T02:31:29.730617Z,"{""command"": ""polkitd"", ""command_line"": ""/usr/lib/polkit-1/polkitd --no-debug"", ""owner"": ""polkitd"", ""pid"": ""496"", ""process"": ""all"", ""resource_instance_id"": ""8057035535632679842"", ""resource_project_id"": ""proyecto-2-cloud-509714"", ""resource_type"": ""gce_instance"", ""resource_zone"": ""us-central1-a"", ""vm"": ""8057035535632679842""}",315686912
2026-09-27T02:30:59.747225Z,"{""command"": ""polkitd"", ""command_line"": ""/usr/lib/polkit-1/polkitd --no-debug"", ""owner"": ""polkitd"", ""pid"": ""496"", ""process"": ""all"", ""resource_instance_id"": ""8057035535632679842"", ""resource_project_id"": ""proyecto-2-cloud-509714"", ""resource_type"": ""gce_instance"", ""resource_zone"": ""us-central1-a"", ""vm"": ""8057035535632679842""}",315686912
2026-09-27T02:30:29.741456Z,"{""command"": ""polkitd"", ""command_line"": ""/usr/lib/polkit-1/polkitd --no-debug"", ""owner"": ""polkitd"", ""pid"": ""496"", ""process"": ""all"", ""resource_instance_id"": ""8057035535632679842"", ""resource_project_id"": ""proyecto-2-cloud-509714"", ""resource_type"": ""gce_instance"", ""resource_zone"": ""us-central1-a"", ""vm"": ""8057035535632679842""}",315686912
2026-09-27T02:30:22.327976Z,"{""command"": ""polkitd"", ""command_line"": ""/usr/lib/polkit-1/polkitd --no-debug"", ""owner"": ""polkitd"", ""pid"": ""496"", ""process"": ""all"", ""resource_instance_id"": ""8057035535632679842"", ""resource_project_id"": ""proyecto-2-cloud-509714"", ""resource_type"": ""gce_instance"", ""resource_zone"": ""us-central1-a"", ""vm"": ""8057035535632679842""}",315686912
2026-09-27T02:49:59.737091Z,"{""command"": ""quota_events_un"", ""command_line"": """", ""owner"": ""root"", ""pid"": ""41"", ""process"": ""all"", ""resource_instance_id"": ""8057035535632679842"", ""resource_project_id"": ""proyecto-2-cloud-509714"", ""resource_type"": ""gce_instance"", ""resource_zone"": ""us-central1-a"", ""vm"": ""8057035535632679842""}",0
2026-09-27T02:49:29.733949Z,"{""command"": ""quota_events_un"", ""command_line"": """", ""owner"": ""root"", ""pid"": ""41"", ""process"": ""all"", ""resource_instance_id"": ""8057035535632679842"", ""resource_project_id"": ""proyecto-2-cloud-509714"", ""resource_type"": ""gce_instance"", ""resource_zone"": ""us-central1-a"", ""vm"": ""8057035535632679842""}",0
2026-09-27T02:48:59.728965Z,"{""command"": ""quota_events_un"", ""command_line"": """", ""owner"": ""root"", ""pid"": ""41"", ""process"": ""all"", ""resource_instance_id"": ""8057035535632679842"", ""resource_project_id"": ""proyecto-2-cloud-509714"", ""resource_type"": ""gce_instance"", ""resource_zone"": ""us-central1-a"", ""vm"": ""8057035535632679842""}",0
2026-09-27T02:48:29.735558Z,"{""command"": ""quota_events_un"", ""command_line"": """", ""owner"": ""root"", ""pid"": ""41"", ""process"": ""all"", ""resource_instance_id"": ""8057035535632679842"", ""resource_project_id"": ""proyecto-2-cloud-509714"", ""resource_type"": ""gce_instance"", ""resource_zone"": ""us-central1-a"", ""vm"": ""8057035535632679842""}",0
2026-09-27T02:47:59.733401Z,"{""command"": ""quota_events_un"", ""command_line"": """", ""owner"": ""root"", ""pid"": ""41"", ""process"": ""all"", ""resource_instance_id"": ""8057035535632679842"", ""resource_project_id"": ""proyecto-2-cloud-509714"", ""resource_type"": ""gce_instance"", ""resource_zone"": ""us-central1-a"", ""vm"": ""8057035535632679842""}",0
2026-09-27T02:47:29.730198Z,"{""command"": ""quota_events_un"", ""command_line"": """", ""owner"": ""root"", ""pid"": ""41"", ""process"": ""all"", ""resource_instance_id"": ""8057035535632679842"", ""resource_project_id"": ""proyecto-2-cloud-509714"", ""resource_type"": ""gce_instance"", ""resource_zone"": ""us-central1-a"", ""vm"": ""8057035535632679842""}",0
2026-09-27T02:46:59.740719Z,"{""command"": ""quota_events_un"", ""command_line"": """", ""owner"": ""root"", ""pid"": ""41"", ""process"": ""all"", ""resource_instance_id"": ""8057035535632679842"", ""resource_project_id"": ""proyecto-2-cloud-509714"", ""resource_type"": ""gce_instance"", ""resource_zone"": ""us-central1-a"", ""vm"": ""8057035535632679842""}",0
2026-09-27T02:46:29.735366Z,"{""command"": ""quota_events_un"", ""command_line"": """", ""owner"": ""root"", ""pid"": ""41"", ""process"": ""all"", ""resource_instance_id"": ""8057035535632679842"", ""resource_project_id"": ""proyecto-2-cloud-509714"", ""resource_type"": ""gce_instance"", ""resource_zone"": ""us-central1-a"", ""vm"": ""8057035535632679842""}",0
2026-09-27T02:45:59.729923Z,"{""command"": ""quota_events_un"", ""command_line"": """", ""owner"": ""root"", ""pid"": ""41"", ""process"": ""all"", ""resource_instance_id"": ""8057035535632679842"", ""resource_project_id"": ""proyecto-2-cloud-509714"", ""resource_type"": ""gce_instance"", ""resource_zone"": ""us-central1-a"", ""vm"": ""8057035535632679842""}",0
2026-09-27T02:45:29.735725Z,"{""command"": ""quota_events_un"", ""command_line"": """", ""owner"": ""root"", ""pid"": ""41"", ""process"": ""all"", ""resource_instance_id"": ""8057035535632679842"", ""resource_project_id"": ""proyecto-2-cloud-509714"", ""resource_type"": ""gce_instance"", ""resource_zone"": ""us-central1-a"", ""vm"": ""8057035535632679842""}",0
2026-09-27T02:44:59.741036Z,"{""command"": ""quota_events_un"", ""command_line"": """", ""owner"": ""root"", ""pid"": ""41"", ""process"": ""all"", ""resource_instance_id"": ""8057035535632679842"", ""resource_project_id"": ""proyecto-2-cloud-509714"", ""resource_type"": ""gce_instance"", ""resource_zone"": ""us-central1-a"", ""vm"": ""8057035535632679842""}",0
2026-09-27T02:44:29.738111Z,"{""command"": ""quota_events_un"", ""command_line"": """", ""owner"": ""root"", ""pid"": ""41"", ""process"": ""all"", ""resource_instance_id"": ""8057035535632679842"", ""resource_project_id"": ""proyecto-2-cloud-509714"", ""resource_type"": ""gce_instance"", ""resource_zone"": ""us-central1-a"", ""vm"": ""8057035535632679842""}",0
2026-09-27T02:43:59.739714Z,"{""command"": ""quota_events_un"", ""command_line"": """", ""owner"": ""root"", ""pid"": ""41"", ""process"": ""all"", ""resource_instance_id"": ""8057035535632679842"", ""resource_project_id"": ""proyecto-2-cloud-509714"", ""resource_type"": ""gce_instance"", ""resource_zone"": ""us-central1-a"", ""vm"": ""8057035535632679842""}",0
2026-09-27T02:43:29.740270Z,"{""command"": ""quota_events_un"", ""command_line"": """", ""owner"": ""root"", ""pid"": ""41"", ""process"": ""all"", ""resource_instance_id"": ""8057035535632679842"", ""resource_project_id"": ""proyecto-2-cloud-509714"", ""resource_type"": ""gce_instance"", ""resource_zone"": ""us-central1-a"", ""vm"": ""8057035535632679842""}",0
2026-09-27T02:42:59.734102Z,"{""command"": ""quota_events_un"", ""command_line"": """", ""owner"": ""root"", ""pid"": ""41"", ""process"": ""all"", ""resource_instance_id"": ""8057035535632679842"", ""resource_project_id"": ""proyecto-2-cloud-509714"", ""resource_type"": ""gce_instance"", ""resource_zone"": ""us-central1-a"", ""vm"": ""8057035535632679842""}",0
2026-09-27T02:42:29.758965Z,"{""command"": ""quota_events_un"", ""command_line"": """", ""owner"": ""root"", ""pid"": ""41"", ""process"": ""all"", ""resource_instance_id"": ""8057035535632679842"", ""resource_project_id"": ""proyecto-2-cloud-509714"", ""resource_type"": ""gce_instance"", ""resource_zone"": ""us-central1-a"", ""vm"": ""8057035535632679842""}",0
2026-09-27T02:41:59.737403Z,"{""command"": ""quota_events_un"", ""command_line"": """", ""owner"": ""root"", ""pid"": ""41"", ""process"": ""all"", ""resource_instance_id"": ""8057035535632679842"", ""resource_project_id"": ""proyecto-2-cloud-509714"", ""resource_type"": ""gce_instance"", ""resource_zone"": ""us-central1-a"", ""vm"": ""8057035535632679842""}",0
2026-09-27T02:41:29.741238Z,"{""command"": ""quota_events_un"", ""command_line"": """", ""owner"": ""root"", ""pid"": ""41"", ""process"": ""all"", ""resource_instance_id"": ""8057035535632679842"", ""resource_project_id"": ""proyecto-2-cloud-509714"", ""resource_type"": ""gce_instance"", ""resource_zone"": ""us-central1-a"", ""vm"": ""8057035535632679842""}",0
2026-09-27T02:40:59.728990Z,"{""command"": ""quota_events_un"", ""command_line"": """", ""owner"": ""root"", ""pid"": ""41"", ""process"": ""all"", ""resource_instance_id"": ""8057035535632679842"", ""resource_project_id"": ""proyecto-2-cloud-509714"", ""resource_type"": ""gce_instance"", ""resource_zone"": ""us-central1-a"", ""vm"": ""8057035535632679842""}",0
2026-09-27T02:40:29.727191Z,"{""command"": ""quota_events_un"", ""command_line"": """", ""owner"": ""root"", ""pid"": ""41"", ""process"": ""all"", ""resource_instance_id"": ""8057035535632679842"", ""resource_project_id"": ""proyecto-2-cloud-509714"", ""resource_type"": ""gce_instance"", ""resource_zone"": ""us-central1-a"", ""vm"": ""8057035535632679842""}",0
2026-09-27T02:39:59.733212Z,"{""command"": ""quota_events_un"", ""command_line"": """", ""owner"": ""root"", ""pid"": ""41"", ""process"": ""all"", ""resource_instance_id"": ""8057035535632679842"", ""resource_project_id"": ""proyecto-2-cloud-509714"", ""resource_type"": ""gce_instance"", ""resource_zone"": ""us-central1-a"", ""vm"": ""8057035535632679842""}",0
2026-09-27T02:39:29.728956Z,"{""command"": ""quota_events_un"", ""command_line"": """", ""owner"": ""root"", ""pid"": ""41"", ""process"": ""all"", ""resource_instance_id"": ""8057035535632679842"", ""resource_project_id"": ""proyecto-2-cloud-509714"", ""resource_type"": ""gce_instance"", ""resource_zone"": ""us-central1-a"", ""vm"": ""8057035535632679842""}",0
2026-09-27T02:38:59.733598Z,"{""command"": ""quota_events_un"", ""command_line"": """", ""owner"": ""root"", ""pid"": ""41"", ""process"": ""all"", ""resource_instance_id"": ""8057035535632679842"", ""resource_project_id"": ""proyecto-2-cloud-509714"", ""resource_type"": ""gce_instance"", ""resource_zone"": ""us-central1-a"", ""vm"": ""8057035535632679842""}",0
2026-09-27T02:38:29.726038Z,"{""command"": ""quota_events_un"", ""command_line"": """", ""owner"": ""root"", ""pid"": ""41"", ""process"": ""all"", ""resource_instance_id"": ""8057035535632679842"", ""resource_project_id"": ""proyecto-2-cloud-509714"", ""resource_type"": ""gce_instance"", ""resource_zone"": ""us-central1-a"", ""vm"": ""8057035535632679842""}",0
2026-09-27T02:37:59.736516Z,"{""command"": ""quota_events_un"", ""command_line"": """", ""owner"": ""root"", ""pid"": ""41"", ""process"": ""all"", ""resource_instance_id"": ""8057035535632679842"", ""resource_project_id"": ""proyecto-2-cloud-509714"", ""resource_type"": ""gce_instance"", ""resource_zone"": ""us-central1-a"", ""vm"": ""8057035535632679842""}",0
2026-09-27T02:37:29.730186Z,"{""command"": ""quota_events_un"", ""command_line"": """", ""owner"": ""root"", ""pid"": ""41"", ""process"": ""all"", ""resource_instance_id"": ""8057035535632679842"", ""resource_project_id"": ""proyecto-2-cloud-509714"", ""resource_type"": ""gce_instance"", ""resource_zone"": ""us-central1-a"", ""vm"": ""8057035535632679842""}",0
2026-09-27T02:36:59.737496Z,"{""command"": ""quota_events_un"", ""command_line"": """", ""owner"": ""root"", ""pid"": ""41"", ""process"": ""all"", ""resource_instance_id"": ""8057035535632679842"", ""resource_project_id"": ""proyecto-2-cloud-509714"", ""resource_type"": ""gce_instance"", ""resource_zone"": ""us-central1-a"", ""vm"": ""8057035535632679842""}",0
2026-09-27T02:36:29.732554Z,"{""command"": ""quota_events_un"", ""command_line"": """", ""owner"": ""root"", ""pid"": ""41"", ""process"": ""all"", ""resource_instance_id"": ""8057035535632679842"", ""resource_project_id"": ""proyecto-2-cloud-509714"", ""resource_type"": ""gce_instance"", ""resource_zone"": ""us-central1-a"", ""vm"": ""8057035535632679842""}",0
2026-09-27T02:35:59.725790Z,"{""command"": ""quota_events_un"", ""command_line"": """", ""owner"": ""root"", ""pid"": ""41"", ""process"": ""all"", ""resource_instance_id"": ""8057035535632679842"", ""resource_project_id"": ""proyecto-2-cloud-509714"", ""resource_type"": ""gce_instance"", ""resource_zone"": ""us-central1-a"", ""vm"": ""8057035535632679842""}",0
2026-09-27T02:35:29.724567Z,"{""command"": ""quota_events_un"", ""command_line"": """", ""owner"": ""root"", ""pid"": ""41"", ""process"": ""all"", ""resource_instance_id"": ""8057035535632679842"", ""resource_project_id"": ""proyecto-2-cloud-509714"", ""resource_type"": ""gce_instance"", ""resource_zone"": ""us-central1-a"", ""vm"": ""8057035535632679842""}",0
2026-09-27T02:34:59.729364Z,"{""command"": ""quota_events_un"", ""command_line"": """", ""owner"": ""root"", ""pid"": ""41"", ""process"": ""all"", ""resource_instance_id"": ""8057035535632679842"", ""resource_project_id"": ""proyecto-2-cloud-509714"", ""resource_type"": ""gce_instance"", ""resource_zone"": ""us-central1-a"", ""vm"": ""8057035535632679842""}",0
2026-09-27T02:34:29.728880Z,"{""command"": ""quota_events_un"", ""command_line"": """", ""owner"": ""root"", ""pid"": ""41"", ""process"": ""all"", ""resource_instance_id"": ""8057035535632679842"", ""resource_project_id"": ""proyecto-2-cloud-509714"", ""resource_type"": ""gce_instance"", ""resource_zone"": ""us-central1-a"", ""vm"": ""8057035535632679842""}",0
2026-09-27T02:33:59.735929Z,"{""command"": ""quota_events_un"", ""command_line"": """", ""owner"": ""root"", ""pid"": ""41"", ""process"": ""all"", ""resource_instance_id"": ""8057035535632679842"", ""resource_project_id"": ""proyecto-2-cloud-509714"", ""resource_type"": ""gce_instance"", ""resource_zone"": ""us-central1-a"", ""vm"": ""8057035535632679842""}",0
2026-09-27T02:33:29.725274Z,"{""command"": ""quota_events_un"", ""command_line"": """", ""owner"": ""root"", ""pid"": ""41"", ""process"": ""all"", ""resource_instance_id"": ""8057035535632679842"", ""resource_project_id"": ""proyecto-2-cloud-509714"", ""resource_type"": ""gce_instance"", ""resource_zone"": ""us-central1-a"", ""vm"": ""8057035535632679842""}",0
2026-09-27T02:32:59.742357Z,"{""command"": ""quota_events_un"", ""command_line"": """", ""owner"": ""root"", ""pid"": ""41"", ""process"": ""all"", ""resource_instance_id"": ""8057035535632679842"", ""resource_project_id"": ""proyecto-2-cloud-509714"", ""resource_type"": ""gce_instance"", ""resource_zone"": ""us-central1-a"", ""vm"": ""8057035535632679842""}",0
2026-09-27T02:32:29.733549Z,"{""command"": ""quota_events_un"", ""command_line"": """", ""owner"": ""root"", ""pid"": ""41"", ""process"": ""all"", ""resource_instance_id"": ""8057035535632679842"", ""resource_project_id"": ""proyecto-2-cloud-509714"", ""resource_type"": ""gce_instance"", ""resource_zone"": ""us-central1-a"", ""vm"": ""8057035535632679842""}",0
2026-09-27T02:31:59.733774Z,"{""command"": ""quota_events_un"", ""command_line"": """", ""owner"": ""root"", ""pid"": ""41"", ""process"": ""all"", ""resource_instance_id"": ""8057035535632679842"", ""resource_project_id"": ""proyecto-2-cloud-509714"", ""resource_type"": ""gce_instance"", ""resource_zone"": ""us-central1-a"", ""vm"": ""8057035535632679842""}",0
2026-09-27T02:31:29.728350Z,"{""command"": ""quota_events_un"", ""command_line"": """", ""owner"": ""root"", ""pid"": ""41"", ""process"": ""all"", ""resource_instance_id"": ""8057035535632679842"", ""resource_project_id"": ""proyecto-2-cloud-509714"", ""resource_type"": ""gce_instance"", ""resource_zone"": ""us-central1-a"", ""vm"": ""8057035535632679842""}",0
2026-09-27T02:30:59.743655Z,"{""command"": ""quota_events_un"", ""command_line"": """", ""owner"": ""root"", ""pid"": ""41"", ""process"": ""all"", ""resource_instance_id"": ""8057035535632679842"", ""resource_project_id"": ""proyecto-2-cloud-509714"", ""resource_type"": ""gce_instance"", ""resource_zone"": ""us-central1-a"", ""vm"": ""8057035535632679842""}",0
2026-09-27T02:30:29.738784Z,"{""command"": ""quota_events_un"", ""command_line"": """", ""owner"": ""root"", ""pid"": ""41"", ""process"": ""all"", ""resource_instance_id"": ""8057035535632679842"", ""resource_project_id"": ""proyecto-2-cloud-509714"", ""resource_type"": ""gce_instance"", ""resource_zone"": ""us-central1-a"", ""vm"": ""8057035535632679842""}",0
2026-09-27T02:30:22.325184Z,"{""command"": ""quota_events_un"", ""command_line"": """", ""owner"": ""root"", ""pid"": ""41"", ""process"": ""all"", ""resource_instance_id"": ""8057035535632679842"", ""resource_project_id"": ""proyecto-2-cloud-509714"", ""resource_type"": ""gce_instance"", ""resource_zone"": ""us-central1-a"", ""vm"": ""8057035535632679842""}",0
2026-09-27T02:49:59.733984Z,"{""command"": ""rcu_gp"", ""command_line"": """", ""owner"": ""root"", ""pid"": ""3"", ""process"": ""all"", ""resource_instance_id"": ""8057035535632679842"", ""resource_project_id"": ""proyecto-2-cloud-509714"", ""resource_type"": ""gce_instance"", ""resource_zone"": ""us-central1-a"", ""vm"": ""8057035535632679842""}",0
2026-09-27T02:49:29.732125Z,"{""command"": ""rcu_gp"", ""command_line"": """", ""owner"": ""root"", ""pid"": ""3"", ""process"": ""all"", ""resource_instance_id"": ""8057035535632679842"", ""resource_project_id"": ""proyecto-2-cloud-509714"", ""resource_type"": ""gce_instance"", ""resource_zone"": ""us-central1-a"", ""vm"": ""8057035535632679842""}",0
2026-09-27T02:48:59.727350Z,"{""command"": ""rcu_gp"", ""command_line"": """", ""owner"": ""root"", ""pid"": ""3"", ""process"": ""all"", ""resource_instance_id"": ""8057035535632679842"", ""resource_project_id"": ""proyecto-2-cloud-509714"", ""resource_type"": ""gce_instance"", ""resource_zone"": ""us-central1-a"", ""vm"": ""8057035535632679842""}",0
2026-09-27T02:48:29.732895Z,"{""command"": ""rcu_gp"", ""command_line"": """", ""owner"": ""root"", ""pid"": ""3"", ""process"": ""all"", ""resource_instance_id"": ""8057035535632679842"", ""resource_project_id"": ""proyecto-2-cloud-509714"", ""resource_type"": ""gce_instance"", ""resource_zone"": ""us-central1-a"", ""vm"": ""8057035535632679842""}",0
2026-09-27T02:47:59.731709Z,"{""command"": ""rcu_gp"", ""command_line"": """", ""owner"": ""root"", ""pid"": ""3"", ""process"": ""all"", ""resource_instance_id"": ""8057035535632679842"", ""resource_project_id"": ""proyecto-2-cloud-509714"", ""resource_type"": ""gce_instance"", ""resource_zone"": ""us-central1-a"", ""vm"": ""8057035535632679842""}",0
2026-09-27T02:47:29.727205Z,"{""command"": ""rcu_gp"", ""command_line"": """", ""owner"": ""root"", ""pid"": ""3"", ""process"": ""all"", ""resource_instance_id"": ""8057035535632679842"", ""resource_project_id"": ""proyecto-2-cloud-509714"", ""resource_type"": ""gce_instance"", ""resource_zone"": ""us-central1-a"", ""vm"": ""8057035535632679842""}",0
2026-09-27T02:46:59.738290Z,"{""command"": ""rcu_gp"", ""command_line"": """", ""owner"": ""root"", ""pid"": ""3"", ""process"": ""all"", ""resource_instance_id"": ""8057035535632679842"", ""resource_project_id"": ""proyecto-2-cloud-509714"", ""resource_type"": ""gce_instance"", ""resource_zone"": ""us-central1-a"", ""vm"": ""8057035535632679842""}",0
2026-09-27T02:46:29.733356Z,"{""command"": ""rcu_gp"", ""command_line"": """", ""owner"": ""root"", ""pid"": ""3"", ""process"": ""all"", ""resource_instance_id"": ""8057035535632679842"", ""resource_project_id"": ""proyecto-2-cloud-509714"", ""resource_type"": ""gce_instance"", ""resource_zone"": ""us-central1-a"", ""vm"": ""8057035535632679842""}",0
2026-09-27T02:45:59.728293Z,"{""command"": ""rcu_gp"", ""command_line"": """", ""owner"": ""root"", ""pid"": ""3"", ""process"": ""all"", ""resource_instance_id"": ""8057035535632679842"", ""resource_project_id"": ""proyecto-2-cloud-509714"", ""resource_type"": ""gce_instance"", ""resource_zone"": ""us-central1-a"", ""vm"": ""8057035535632679842""}",0
2026-09-27T02:45:29.734085Z,"{""command"": ""rcu_gp"", ""command_line"": """", ""owner"": ""root"", ""pid"": ""3"", ""process"": ""all"", ""resource_instance_id"": ""8057035535632679842"", ""resource_project_id"": ""proyecto-2-cloud-509714"", ""resource_type"": ""gce_instance"", ""resource_zone"": ""us-central1-a"", ""vm"": ""8057035535632679842""}",0
2026-09-27T02:44:59.739239Z,"{""command"": ""rcu_gp"", ""command_line"": """", ""owner"": ""root"", ""pid"": ""3"", ""process"": ""all"", ""resource_instance_id"": ""8057035535632679842"", ""resource_project_id"": ""proyecto-2-cloud-509714"", ""resource_type"": ""gce_instance"", ""resource_zone"": ""us-central1-a"", ""vm"": ""8057035535632679842""}",0
2026-09-27T02:44:29.736201Z,"{""command"": ""rcu_gp"", ""command_line"": """", ""owner"": ""root"", ""pid"": ""3"", ""process"": ""all"", ""resource_instance_id"": ""8057035535632679842"", ""resource_project_id"": ""proyecto-2-cloud-509714"", ""resource_type"": ""gce_instance"", ""resource_zone"": ""us-central1-a"", ""vm"": ""8057035535632679842""}",0
2026-09-27T02:43:59.737821Z,"{""command"": ""rcu_gp"", ""command_line"": """", ""owner"": ""root"", ""pid"": ""3"", ""process"": ""all"", ""resource_instance_id"": ""8057035535632679842"", ""resource_project_id"": ""proyecto-2-cloud-509714"", ""resource_type"": ""gce_instance"", ""resource_zone"": ""us-central1-a"", ""vm"": ""8057035535632679842""}",0
2026-09-27T02:43:29.736577Z,"{""command"": ""rcu_gp"", ""command_line"": """", ""owner"": ""root"", ""pid"": ""3"", ""process"": ""all"", ""resource_instance_id"": ""8057035535632679842"", ""resource_project_id"": ""proyecto-2-cloud-509714"", ""resource_type"": ""gce_instance"", ""resource_zone"": ""us-central1-a"", ""vm"": ""8057035535632679842""}",0
2026-09-27T02:42:59.732267Z,"{""command"": ""rcu_gp"", ""command_line"": """", ""owner"": ""root"", ""pid"": ""3"", ""process"": ""all"", ""resource_instance_id"": ""8057035535632679842"", ""resource_project_id"": ""proyecto-2-cloud-509714"", ""resource_type"": ""gce_instance"", ""resource_zone"": ""us-central1-a"", ""vm"": ""8057035535632679842""}",0
2026-09-27T02:42:29.756964Z,"{""command"": ""rcu_gp"", ""command_line"": """", ""owner"": ""root"", ""pid"": ""3"", ""process"": ""all"", ""resource_instance_id"": ""8057035535632679842"", ""resource_project_id"": ""proyecto-2-cloud-509714"", ""resource_type"": ""gce_instance"", ""resource_zone"": ""us-central1-a"", ""vm"": ""8057035535632679842""}",0
2026-09-27T02:41:59.735154Z,"{""command"": ""rcu_gp"", ""command_line"": """", ""owner"": ""root"", ""pid"": ""3"", ""process"": ""all"", ""resource_instance_id"": ""8057035535632679842"", ""resource_project_id"": ""proyecto-2-cloud-509714"", ""resource_type"": ""gce_instance"", ""resource_zone"": ""us-central1-a"", ""vm"": ""8057035535632679842""}",0
2026-09-27T02:41:29.739145Z,"{""command"": ""rcu_gp"", ""command_line"": """", ""owner"": ""root"", ""pid"": ""3"", ""process"": ""all"", ""resource_instance_id"": ""8057035535632679842"", ""resource_project_id"": ""proyecto-2-cloud-509714"", ""resource_type"": ""gce_instance"", ""resource_zone"": ""us-central1-a"", ""vm"": ""8057035535632679842""}",0
2026-09-27T02:40:59.727210Z,"{""command"": ""rcu_gp"", ""command_line"": """", ""owner"": ""root"", ""pid"": ""3"", ""process"": ""all"", ""resource_instance_id"": ""8057035535632679842"", ""resource_project_id"": ""proyecto-2-cloud-509714"", ""resource_type"": ""gce_instance"", ""resource_zone"": ""us-central1-a"", ""vm"": ""8057035535632679842""}",0
2026-09-27T02:40:29.725051Z,"{""command"": ""rcu_gp"", ""command_line"": """", ""owner"": ""root"", ""pid"": ""3"", ""process"": ""all"", ""resource_instance_id"": ""8057035535632679842"", ""resource_project_id"": ""proyecto-2-cloud-509714"", ""resource_type"": ""gce_instance"", ""resource_zone"": ""us-central1-a"", ""vm"": ""8057035535632679842""}",0
2026-09-27T02:39:59.729222Z,"{""command"": ""rcu_gp"", ""command_line"": """", ""owner"": ""root"", ""pid"": ""3"", ""process"": ""all"", ""resource_instance_id"": ""8057035535632679842"", ""resource_project_id"": ""proyecto-2-cloud-509714"", ""resource_type"": ""gce_instance"", ""resource_zone"": ""us-central1-a"", ""vm"": ""8057035535632679842""}",0
2026-09-27T02:39:29.727310Z,"{""command"": ""rcu_gp"", ""command_line"": """", ""owner"": ""root"", ""pid"": ""3"", ""process"": ""all"", ""resource_instance_id"": ""8057035535632679842"", ""resource_project_id"": ""proyecto-2-cloud-509714"", ""resource_type"": ""gce_instance"", ""resource_zone"": ""us-central1-a"", ""vm"": ""8057035535632679842""}",0
2026-09-27T02:38:59.730717Z,"{""command"": ""rcu_gp"", ""command_line"": """", ""owner"": ""root"", ""pid"": ""3"", ""process"": ""all"", ""resource_instance_id"": ""8057035535632679842"", ""resource_project_id"": ""proyecto-2-cloud-509714"", ""resource_type"": ""gce_instance"", ""resource_zone"": ""us-central1-a"", ""vm"": ""8057035535632679842""}",0
2026-09-27T02:38:29.723614Z,"{""command"": ""rcu_gp"", ""command_line"": """", ""owner"": ""root"", ""pid"": ""3"", ""process"": ""all"", ""resource_instance_id"": ""8057035535632679842"", ""resource_project_id"": ""proyecto-2-cloud-509714"", ""resource_type"": ""gce_instance"", ""resource_zone"": ""us-central1-a"", ""vm"": ""8057035535632679842""}",0
2026-09-27T02:37:59.734781Z,"{""command"": ""rcu_gp"", ""command_line"": """", ""owner"": ""root"", ""pid"": ""3"", ""process"": ""all"", ""resource_instance_id"": ""8057035535632679842"", ""resource_project_id"": ""proyecto-2-cloud-509714"", ""resource_type"": ""gce_instance"", ""resource_zone"": ""us-central1-a"", ""vm"": ""8057035535632679842""}",0
2026-09-27T02:37:29.727431Z,"{""command"": ""rcu_gp"", ""command_line"": """", ""owner"": ""root"", ""pid"": ""3"", ""process"": ""all"", ""resource_instance_id"": ""8057035535632679842"", ""resource_project_id"": ""proyecto-2-cloud-509714"", ""resource_type"": ""gce_instance"", ""resource_zone"": ""us-central1-a"", ""vm"": ""8057035535632679842""}",0
2026-09-27T02:36:59.734547Z,"{""command"": ""rcu_gp"", ""command_line"": """", ""owner"": ""root"", ""pid"": ""3"", ""process"": ""all"", ""resource_instance_id"": ""8057035535632679842"", ""resource_project_id"": ""proyecto-2-cloud-509714"", ""resource_type"": ""gce_instance"", ""resource_zone"": ""us-central1-a"", ""vm"": ""8057035535632679842""}",0
2026-09-27T02:36:29.729813Z,"{""command"": ""rcu_gp"", ""command_line"": """", ""owner"": ""root"", ""pid"": ""3"", ""process"": ""all"", ""resource_instance_id"": ""8057035535632679842"", ""resource_project_id"": ""proyecto-2-cloud-509714"", ""resource_type"": ""gce_instance"", ""resource_zone"": ""us-central1-a"", ""vm"": ""8057035535632679842""}",0
2026-09-27T02:35:59.724054Z,"{""command"": ""rcu_gp"", ""command_line"": """", ""owner"": ""root"", ""pid"": ""3"", ""process"": ""all"", ""resource_instance_id"": ""8057035535632679842"", ""resource_project_id"": ""proyecto-2-cloud-509714"", ""resource_type"": ""gce_instance"", ""resource_zone"": ""us-central1-a"", ""vm"": ""8057035535632679842""}",0
2026-09-27T02:35:29.722943Z,"{""command"": ""rcu_gp"", ""command_line"": """", ""owner"": ""root"", ""pid"": ""3"", ""process"": ""all"", ""resource_instance_id"": ""8057035535632679842"", ""resource_project_id"": ""proyecto-2-cloud-509714"", ""resource_type"": ""gce_instance"", ""resource_zone"": ""us-central1-a"", ""vm"": ""8057035535632679842""}",0
2026-09-27T02:34:59.727251Z,"{""command"": ""rcu_gp"", ""command_line"": """", ""owner"": ""root"", ""pid"": ""3"", ""process"": ""all"", ""resource_instance_id"": ""8057035535632679842"", ""resource_project_id"": ""proyecto-2-cloud-509714"", ""resource_type"": ""gce_instance"", ""resource_zone"": ""us-central1-a"", ""vm"": ""8057035535632679842""}",0
2026-09-27T02:34:29.726956Z,"{""command"": ""rcu_gp"", ""command_line"": """", ""owner"": ""root"", ""pid"": ""3"", ""process"": ""all"", ""resource_instance_id"": ""8057035535632679842"", ""resource_project_id"": ""proyecto-2-cloud-509714"", ""resource_type"": ""gce_instance"", ""resource_zone"": ""us-central1-a"", ""vm"": ""8057035535632679842""}",0
2026-09-27T02:33:59.733977Z,"{""command"": ""rcu_gp"", ""command_line"": """", ""owner"": ""root"", ""pid"": ""3"", ""process"": ""all"", ""resource_instance_id"": ""8057035535632679842"", ""resource_project_id"": ""proyecto-2-cloud-509714"", ""resource_type"": ""gce_instance"", ""resource_zone"": ""us-central1-a"", ""vm"": ""8057035535632679842""}",0
2026-09-27T02:33:29.723568Z,"{""command"": ""rcu_gp"", ""command_line"": """", ""owner"": ""root"", ""pid"": ""3"", ""process"": ""all"", ""resource_instance_id"": ""8057035535632679842"", ""resource_project_id"": ""proyecto-2-cloud-509714"", ""resource_type"": ""gce_instance"", ""resource_zone"": ""us-central1-a"", ""vm"": ""8057035535632679842""}",0
2026-09-27T02:32:59.740520Z,"{""command"": ""rcu_gp"", ""command_line"": """", ""owner"": ""root"", ""pid"": ""3"", ""process"": ""all"", ""resource_instance_id"": ""8057035535632679842"", ""resource_project_id"": ""proyecto-2-cloud-509714"", ""resource_type"": ""gce_instance"", ""resource_zone"": ""us-central1-a"", ""vm"": ""8057035535632679842""}",0
2026-09-27T02:32:29.731653Z,"{""command"": ""rcu_gp"", ""command_line"": """", ""owner"": ""root"", ""pid"": ""3"", ""process"": ""all"", ""resource_instance_id"": ""8057035535632679842"", ""resource_project_id"": ""proyecto-2-cloud-509714"", ""resource_type"": ""gce_instance"", ""resource_zone"": ""us-central1-a"", ""vm"": ""8057035535632679842""}",0
2026-09-27T02:31:59.731971Z,"{""command"": ""rcu_gp"", ""command_line"": """", ""owner"": ""root"", ""pid"": ""3"", ""process"": ""all"", ""resource_instance_id"": ""8057035535632679842"", ""resource_project_id"": ""proyecto-2-cloud-509714"", ""resource_type"": ""gce_instance"", ""resource_zone"": ""us-central1-a"", ""vm"": ""8057035535632679842""}",0
2026-09-27T02:31:29.726356Z,"{""command"": ""rcu_gp"", ""command_line"": """", ""owner"": ""root"", ""pid"": ""3"", ""process"": ""all"", ""resource_instance_id"": ""8057035535632679842"", ""resource_project_id"": ""proyecto-2-cloud-509714"", ""resource_type"": ""gce_instance"", ""resource_zone"": ""us-central1-a"", ""vm"": ""8057035535632679842""}",0
2026-09-27T02:30:59.740326Z,"{""command"": ""rcu_gp"", ""command_line"": """", ""owner"": ""root"", ""pid"": ""3"", ""process"": ""all"", ""resource_instance_id"": ""8057035535632679842"", ""resource_project_id"": ""proyecto-2-cloud-509714"", ""resource_type"": ""gce_instance"", ""resource_zone"": ""us-central1-a"", ""vm"": ""8057035535632679842""}",0
2026-09-27T02:30:29.736647Z,"{""command"": ""rcu_gp"", ""command_line"": """", ""owner"": ""root"", ""pid"": ""3"", ""process"": ""all"", ""resource_instance_id"": ""8057035535632679842"", ""resource_project_id"": ""proyecto-2-cloud-509714"", ""resource_type"": ""gce_instance"", ""resource_zone"": ""us-central1-a"", ""vm"": ""8057035535632679842""}",0
2026-09-27T02:30:22.323087Z,"{""command"": ""rcu_gp"", ""command_line"": """", ""owner"": ""root"", ""pid"": ""3"", ""process"": ""all"", ""resource_instance_id"": ""8057035535632679842"", ""resource_project_id"": ""proyecto-2-cloud-509714"", ""resource_type"": ""gce_instance"", ""resource_zone"": ""us-central1-a"", ""vm"": ""8057035535632679842""}",0
2026-09-27T02:49:59.734078Z,"{""command"": ""rcu_par_gp"", ""command_line"": """", ""owner"": ""root"", ""pid"": ""4"", ""process"": ""all"", ""resource_instance_id"": ""8057035535632679842"", ""resource_project_id"": ""proyecto-2-cloud-509714"", ""resource_type"": ""gce_instance"", ""resource_zone"": ""us-central1-a"", ""vm"": ""8057035535632679842""}",0
2026-09-27T02:49:29.732189Z,"{""command"": ""rcu_par_gp"", ""command_line"": """", ""owner"": ""root"", ""pid"": ""4"", ""process"": ""all"", ""resource_instance_id"": ""8057035535632679842"", ""resource_project_id"": ""proyecto-2-cloud-509714"", ""resource_type"": ""gce_instance"", ""resource_zone"": ""us-central1-a"", ""vm"": ""8057035535632679842""}",0
2026-09-27T02:48:59.727401Z,"{""command"": ""rcu_par_gp"", ""command_line"": """", ""owner"": ""root"", ""pid"": ""4"", ""process"": ""all"", ""resource_instance_id"": ""8057035535632679842"", ""resource_project_id"": ""proyecto-2-cloud-509714"", ""resource_type"": ""gce_instance"", ""resource_zone"": ""us-central1-a"", ""vm"": ""8057035535632679842""}",0
2026-09-27T02:48:29.732967Z,"{""command"": ""rcu_par_gp"", ""command_line"": """", ""owner"": ""root"", ""pid"": ""4"", ""process"": ""all"", ""resource_instance_id"": ""8057035535632679842"", ""resource_project_id"": ""proyecto-2-cloud-509714"", ""resource_type"": ""gce_instance"", ""resource_zone"": ""us-central1-a"", ""vm"": ""8057035535632679842""}",0
2026-09-27T02:47:59.731765Z,"{""command"": ""rcu_par_gp"", ""command_line"": """", ""owner"": ""root"", ""pid"": ""4"", ""process"": ""all"", ""resource_instance_id"": ""8057035535632679842"", ""resource_project_id"": ""proyecto-2-cloud-509714"", ""resource_type"": ""gce_instance"", ""resource_zone"": ""us-central1-a"", ""vm"": ""8057035535632679842""}",0
2026-09-27T02:47:29.727290Z,"{""command"": ""rcu_par_gp"", ""command_line"": """", ""owner"": ""root"", ""pid"": ""4"", ""process"": ""all"", ""resource_instance_id"": ""8057035535632679842"", ""resource_project_id"": ""proyecto-2-cloud-509714"", ""resource_type"": ""gce_instance"", ""resource_zone"": ""us-central1-a"", ""vm"": ""8057035535632679842""}",0
2026-09-27T02:46:59.738388Z,"{""command"": ""rcu_par_gp"", ""command_line"": """", ""owner"": ""root"", ""pid"": ""4"", ""process"": ""all"", ""resource_instance_id"": ""8057035535632679842"", ""resource_project_id"": ""proyecto-2-cloud-509714"", ""resource_type"": ""gce_instance"", ""resource_zone"": ""us-central1-a"", ""vm"": ""8057035535632679842""}",0
2026-09-27T02:46:29.733439Z,"{""command"": ""rcu_par_gp"", ""command_line"": """", ""owner"": ""root"", ""pid"": ""4"", ""process"": ""all"", ""resource_instance_id"": ""8057035535632679842"", ""resource_project_id"": ""proyecto-2-cloud-509714"", ""resource_type"": ""gce_instance"", ""resource_zone"": ""us-central1-a"", ""vm"": ""8057035535632679842""}",0
2026-09-27T02:45:59.728347Z,"{""command"": ""rcu_par_gp"", ""command_line"": """", ""owner"": ""root"", ""pid"": ""4"", ""process"": ""all"", ""resource_instance_id"": ""8057035535632679842"", ""resource_project_id"": ""proyecto-2-cloud-509714"", ""resource_type"": ""gce_instance"", ""resource_zone"": ""us-central1-a"", ""vm"": ""8057035535632679842""}",0
2026-09-27T02:45:29.734139Z,"{""command"": ""rcu_par_gp"", ""command_line"": """", ""owner"": ""root"", ""pid"": ""4"", ""process"": ""all"", ""resource_instance_id"": ""8057035535632679842"", ""resource_project_id"": ""proyecto-2-cloud-509714"", ""resource_type"": ""gce_instance"", ""resource_zone"": ""us-central1-a"", ""vm"": ""8057035535632679842""}",0
2026-09-27T02:44:59.739303Z,"{""command"": ""rcu_par_gp"", ""command_line"": """", ""owner"": ""root"", ""pid"": ""4"", ""process"": ""all"", ""resource_instance_id"": ""8057035535632679842"", ""resource_project_id"": ""proyecto-2-cloud-509714"", ""resource_type"": ""gce_instance"", ""resource_zone"": ""us-central1-a"", ""vm"": ""8057035535632679842""}",0
2026-09-27T02:44:29.736274Z,"{""command"": ""rcu_par_gp"", ""command_line"": """", ""owner"": ""root"", ""pid"": ""4"", ""process"": ""all"", ""resource_instance_id"": ""8057035535632679842"", ""resource_project_id"": ""proyecto-2-cloud-509714"", ""resource_type"": ""gce_instance"", ""resource_zone"": ""us-central1-a"", ""vm"": ""8057035535632679842""}",0
2026-09-27T02:43:59.737887Z,"{""command"": ""rcu_par_gp"", ""command_line"": """", ""owner"": ""root"", ""pid"": ""4"", ""process"": ""all"", ""resource_instance_id"": ""8057035535632679842"", ""resource_project_id"": ""proyecto-2-cloud-509714"", ""resource_type"": ""gce_instance"", ""resource_zone"": ""us-central1-a"", ""vm"": ""8057035535632679842""}",0
2026-09-27T02:43:29.736689Z,"{""command"": ""rcu_par_gp"", ""command_line"": """", ""owner"": ""root"", ""pid"": ""4"", ""process"": ""all"", ""resource_instance_id"": ""8057035535632679842"", ""resource_project_id"": ""proyecto-2-cloud-509714"", ""resource_type"": ""gce_instance"", ""resource_zone"": ""us-central1-a"", ""vm"": ""8057035535632679842""}",0
2026-09-27T02:42:59.732324Z,"{""command"": ""rcu_par_gp"", ""command_line"": """", ""owner"": ""root"", ""pid"": ""4"", ""process"": ""all"", ""resource_instance_id"": ""8057035535632679842"", ""resource_project_id"": ""proyecto-2-cloud-509714"", ""resource_type"": ""gce_instance"", ""resource_zone"": ""us-central1-a"", ""vm"": ""8057035535632679842""}",0
2026-09-27T02:42:29.757018Z,"{""command"": ""rcu_par_gp"", ""command_line"": """", ""owner"": ""root"", ""pid"": ""4"", ""process"": ""all"", ""resource_instance_id"": ""8057035535632679842"", ""resource_project_id"": ""proyecto-2-cloud-509714"", ""resource_type"": ""gce_instance"", ""resource_zone"": ""us-central1-a"", ""vm"": ""8057035535632679842""}",0
2026-09-27T02:41:59.735217Z,"{""command"": ""rcu_par_gp"", ""command_line"": """", ""owner"": ""root"", ""pid"": ""4"", ""process"": ""all"", ""resource_instance_id"": ""8057035535632679842"", ""resource_project_id"": ""proyecto-2-cloud-509714"", ""resource_type"": ""gce_instance"", ""resource_zone"": ""us-central1-a"", ""vm"": ""8057035535632679842""}",0
2026-09-27T02:41:29.739374Z,"{""command"": ""rcu_par_gp"", ""command_line"": """", ""owner"": ""root"", ""pid"": ""4"", ""process"": ""all"", ""resource_instance_id"": ""8057035535632679842"", ""resource_project_id"": ""proyecto-2-cloud-509714"", ""resource_type"": ""gce_instance"", ""resource_zone"": ""us-central1-a"", ""vm"": ""8057035535632679842""}",0
2026-09-27T02:40:59.727262Z,"{""command"": ""rcu_par_gp"", ""command_line"": """", ""owner"": ""root"", ""pid"": ""4"", ""process"": ""all"", ""resource_instance_id"": ""8057035535632679842"", ""resource_project_id"": ""proyecto-2-cloud-509714"", ""resource_type"": ""gce_instance"", ""resource_zone"": ""us-central1-a"", ""vm"": ""8057035535632679842""}",0
2026-09-27T02:40:29.725117Z,"{""command"": ""rcu_par_gp"", ""command_line"": """", ""owner"": ""root"", ""pid"": ""4"", ""process"": ""all"", ""resource_instance_id"": ""8057035535632679842"", ""resource_project_id"": ""proyecto-2-cloud-509714"", ""resource_type"": ""gce_instance"", ""resource_zone"": ""us-central1-a"", ""vm"": ""8057035535632679842""}",0
2026-09-27T02:39:59.729292Z,"{""command"": ""rcu_par_gp"", ""command_line"": """", ""owner"": ""root"", ""pid"": ""4"", ""process"": ""all"", ""resource_instance_id"": ""8057035535632679842"", ""resource_project_id"": ""proyecto-2-cloud-509714"", ""resource_type"": ""gce_instance"", ""resource_zone"": ""us-central1-a"", ""vm"": ""8057035535632679842""}",0
2026-09-27T02:39:29.727363Z,"{""command"": ""rcu_par_gp"", ""command_line"": """", ""owner"": ""root"", ""pid"": ""4"", ""process"": ""all"", ""resource_instance_id"": ""8057035535632679842"", ""resource_project_id"": ""proyecto-2-cloud-509714"", ""resource_type"": ""gce_instance"", ""resource_zone"": ""us-central1-a"", ""vm"": ""8057035535632679842""}",0
2026-09-27T02:38:59.730850Z,"{""command"": ""rcu_par_gp"", ""command_line"": """", ""owner"": ""root"", ""pid"": ""4"", ""process"": ""all"", ""resource_instance_id"": ""8057035535632679842"", ""resource_project_id"": ""proyecto-2-cloud-509714"", ""resource_type"": ""gce_instance"", ""resource_zone"": ""us-central1-a"", ""vm"": ""8057035535632679842""}",0
2026-09-27T02:38:29.723709Z,"{""command"": ""rcu_par_gp"", ""command_line"": """", ""owner"": ""root"", ""pid"": ""4"", ""process"": ""all"", ""resource_instance_id"": ""8057035535632679842"", ""resource_project_id"": ""proyecto-2-cloud-509714"", ""resource_type"": ""gce_instance"", ""resource_zone"": ""us-central1-a"", ""vm"": ""8057035535632679842""}",0
2026-09-27T02:37:59.734836Z,"{""command"": ""rcu_par_gp"", ""command_line"": """", ""owner"": ""root"", ""pid"": ""4"", ""process"": ""all"", ""resource_instance_id"": ""8057035535632679842"", ""resource_project_id"": ""proyecto-2-cloud-509714"", ""resource_type"": ""gce_instance"", ""resource_zone"": ""us-central1-a"", ""vm"": ""8057035535632679842""}",0
2026-09-27T02:37:29.727521Z,"{""command"": ""rcu_par_gp"", ""command_line"": """", ""owner"": ""root"", ""pid"": ""4"", ""process"": ""all"", ""resource_instance_id"": ""8057035535632679842"", ""resource_project_id"": ""proyecto-2-cloud-509714"", ""resource_type"": ""gce_instance"", ""resource_zone"": ""us-central1-a"", ""vm"": ""8057035535632679842""}",0
2026-09-27T02:36:59.735026Z,"{""command"": ""rcu_par_gp"", ""command_line"": """", ""owner"": ""root"", ""pid"": ""4"", ""process"": ""all"", ""resource_instance_id"": ""8057035535632679842"", ""resource_project_id"": ""proyecto-2-cloud-509714"", ""resource_type"": ""gce_instance"", ""resource_zone"": ""us-central1-a"", ""vm"": ""8057035535632679842""}",0
2026-09-27T02:36:29.729904Z,"{""command"": ""rcu_par_gp"", ""command_line"": """", ""owner"": ""root"", ""pid"": ""4"", ""process"": ""all"", ""resource_instance_id"": ""8057035535632679842"", ""resource_project_id"": ""proyecto-2-cloud-509714"", ""resource_type"": ""gce_instance"", ""resource_zone"": ""us-central1-a"", ""vm"": ""8057035535632679842""}",0
2026-09-27T02:35:59.724123Z,"{""command"": ""rcu_par_gp"", ""command_line"": """", ""owner"": ""root"", ""pid"": ""4"", ""process"": ""all"", ""resource_instance_id"": ""8057035535632679842"", ""resource_project_id"": ""proyecto-2-cloud-509714"", ""resource_type"": ""gce_instance"", ""resource_zone"": ""us-central1-a"", ""vm"": ""8057035535632679842""}",0
2026-09-27T02:35:29.722997Z,"{""command"": ""rcu_par_gp"", ""command_line"": """", ""owner"": ""root"", ""pid"": ""4"", ""process"": ""all"", ""resource_instance_id"": ""8057035535632679842"", ""resource_project_id"": ""proyecto-2-cloud-509714"", ""resource_type"": ""gce_instance"", ""resource_zone"": ""us-central1-a"", ""vm"": ""8057035535632679842""}",0
2026-09-27T02:34:59.727330Z,"{""command"": ""rcu_par_gp"", ""command_line"": """", ""owner"": ""root"", ""pid"": ""4"", ""process"": ""all"", ""resource_instance_id"": ""8057035535632679842"", ""resource_project_id"": ""proyecto-2-cloud-509714"", ""resource_type"": ""gce_instance"", ""resource_zone"": ""us-central1-a"", ""vm"": ""8057035535632679842""}",0
2026-09-27T02:34:29.727028Z,"{""command"": ""rcu_par_gp"", ""command_line"": """", ""owner"": ""root"", ""pid"": ""4"", ""process"": ""all"", ""resource_instance_id"": ""8057035535632679842"", ""resource_project_id"": ""proyecto-2-cloud-509714"", ""resource_type"": ""gce_instance"", ""resource_zone"": ""us-central1-a"", ""vm"": ""8057035535632679842""}",0
2026-09-27T02:33:59.734041Z,"{""command"": ""rcu_par_gp"", ""command_line"": """", ""owner"": ""root"", ""pid"": ""4"", ""process"": ""all"", ""resource_instance_id"": ""8057035535632679842"", ""resource_project_id"": ""proyecto-2-cloud-509714"", ""resource_type"": ""gce_instance"", ""resource_zone"": ""us-central1-a"", ""vm"": ""8057035535632679842""}",0
2026-09-27T02:33:29.723647Z,"{""command"": ""rcu_par_gp"", ""command_line"": """", ""owner"": ""root"", ""pid"": ""4"", ""process"": ""all"", ""resource_instance_id"": ""8057035535632679842"", ""resource_project_id"": ""proyecto-2-cloud-509714"", ""resource_type"": ""gce_instance"", ""resource_zone"": ""us-central1-a"", ""vm"": ""8057035535632679842""}",0
2026-09-27T02:32:59.740577Z,"{""command"": ""rcu_par_gp"", ""command_line"": """", ""owner"": ""root"", ""pid"": ""4"", ""process"": ""all"", ""resource_instance_id"": ""8057035535632679842"", ""resource_project_id"": ""proyecto-2-cloud-509714"", ""resource_type"": ""gce_instance"", ""resource_zone"": ""us-central1-a"", ""vm"": ""8057035535632679842""}",0
2026-09-27T02:32:29.731712Z,"{""command"": ""rcu_par_gp"", ""command_line"": """", ""owner"": ""root"", ""pid"": ""4"", ""process"": ""all"", ""resource_instance_id"": ""8057035535632679842"", ""resource_project_id"": ""proyecto-2-cloud-509714"", ""resource_type"": ""gce_instance"", ""resource_zone"": ""us-central1-a"", ""vm"": ""8057035535632679842""}",0
2026-09-27T02:31:59.732057Z,"{""command"": ""rcu_par_gp"", ""command_line"": """", ""owner"": ""root"", ""pid"": ""4"", ""process"": ""all"", ""resource_instance_id"": ""8057035535632679842"", ""resource_project_id"": ""proyecto-2-cloud-509714"", ""resource_type"": ""gce_instance"", ""resource_zone"": ""us-central1-a"", ""vm"": ""8057035535632679842""}",0
2026-09-27T02:31:29.726411Z,"{""command"": ""rcu_par_gp"", ""command_line"": """", ""owner"": ""root"", ""pid"": ""4"", ""process"": ""all"", ""resource_instance_id"": ""8057035535632679842"", ""resource_project_id"": ""proyecto-2-cloud-509714"", ""resource_type"": ""gce_instance"", ""resource_zone"": ""us-central1-a"", ""vm"": ""8057035535632679842""}",0
2026-09-27T02:30:59.740381Z,"{""command"": ""rcu_par_gp"", ""command_line"": """", ""owner"": ""root"", ""pid"": ""4"", ""process"": ""all"", ""resource_instance_id"": ""8057035535632679842"", ""resource_project_id"": ""proyecto-2-cloud-509714"", ""resource_type"": ""gce_instance"", ""resource_zone"": ""us-central1-a"", ""vm"": ""8057035535632679842""}",0
2026-09-27T02:30:29.736705Z,"{""command"": ""rcu_par_gp"", ""command_line"": """", ""owner"": ""root"", ""pid"": ""4"", ""process"": ""all"", ""resource_instance_id"": ""8057035535632679842"", ""resource_project_id"": ""proyecto-2-cloud-509714"", ""resource_type"": ""gce_instance"", ""resource_zone"": ""us-central1-a"", ""vm"": ""8057035535632679842""}",0
2026-09-27T02:30:22.323151Z,"{""command"": ""rcu_par_gp"", ""command_line"": """", ""owner"": ""root"", ""pid"": ""4"", ""process"": ""all"", ""resource_instance_id"": ""8057035535632679842"", ""resource_project_id"": ""proyecto-2-cloud-509714"", ""resource_type"": ""gce_instance"", ""resource_zone"": ""us-central1-a"", ""vm"": ""8057035535632679842""}",0
2026-09-27T02:49:59.735313Z,"{""command"": ""rcu_preempt"", ""command_line"": """", ""owner"": ""root"", ""pid"": ""15"", ""process"": ""all"", ""resource_instance_id"": ""8057035535632679842"", ""resource_project_id"": ""proyecto-2-cloud-509714"", ""resource_type"": ""gce_instance"", ""resource_zone"": ""us-central1-a"", ""vm"": ""8057035535632679842""}",0
2026-09-27T02:49:29.732721Z,"{""command"": ""rcu_preempt"", ""command_line"": """", ""owner"": ""root"", ""pid"": ""15"", ""process"": ""all"", ""resource_instance_id"": ""8057035535632679842"", ""resource_project_id"": ""proyecto-2-cloud-509714"", ""resource_type"": ""gce_instance"", ""resource_zone"": ""us-central1-a"", ""vm"": ""8057035535632679842""}",0
2026-09-27T02:48:59.727933Z,"{""command"": ""rcu_preempt"", ""command_line"": """", ""owner"": ""root"", ""pid"": ""15"", ""process"": ""all"", ""resource_instance_id"": ""8057035535632679842"", ""resource_project_id"": ""proyecto-2-cloud-509714"", ""resource_type"": ""gce_instance"", ""resource_zone"": ""us-central1-a"", ""vm"": ""8057035535632679842""}",0
2026-09-27T02:48:29.733524Z,"{""command"": ""rcu_preempt"", ""command_line"": """", ""owner"": ""root"", ""pid"": ""15"", ""process"": ""all"", ""resource_instance_id"": ""8057035535632679842"", ""resource_project_id"": ""proyecto-2-cloud-509714"", ""resource_type"": ""gce_instance"", ""resource_zone"": ""us-central1-a"", ""vm"": ""8057035535632679842""}",0
2026-09-27T02:47:59.732244Z,"{""command"": ""rcu_preempt"", ""command_line"": """", ""owner"": ""root"", ""pid"": ""15"", ""process"": ""all"", ""resource_instance_id"": ""8057035535632679842"", ""resource_project_id"": ""proyecto-2-cloud-509714"", ""resource_type"": ""gce_instance"", ""resource_zone"": ""us-central1-a"", ""vm"": ""8057035535632679842""}",0
2026-09-27T02:47:29.728357Z,"{""command"": ""rcu_preempt"", ""command_line"": """", ""owner"": ""root"", ""pid"": ""15"", ""process"": ""all"", ""resource_instance_id"": ""8057035535632679842"", ""resource_project_id"": ""proyecto-2-cloud-509714"", ""resource_type"": ""gce_instance"", ""resource_zone"": ""us-central1-a"", ""vm"": ""8057035535632679842""}",0
2026-09-27T02:46:59.739148Z,"{""command"": ""rcu_preempt"", ""command_line"": """", ""owner"": ""root"", ""pid"": ""15"", ""process"": ""all"", ""resource_instance_id"": ""8057035535632679842"", ""resource_project_id"": ""proyecto-2-cloud-509714"", ""resource_type"": ""gce_instance"", ""resource_zone"": ""us-central1-a"", ""vm"": ""8057035535632679842""}",0
2026-09-27T02:46:29.734032Z,"{""command"": ""rcu_preempt"", ""command_line"": """", ""owner"": ""root"", ""pid"": ""15"", ""process"": ""all"", ""resource_instance_id"": ""8057035535632679842"", ""resource_project_id"": ""proyecto-2-cloud-509714"", ""resource_type"": ""gce_instance"", ""resource_zone"": ""us-central1-a"", ""vm"": ""8057035535632679842""}",0
2026-09-27T02:45:59.728849Z,"{""command"": ""rcu_preempt"", ""command_line"": """", ""owner"": ""root"", ""pid"": ""15"", ""process"": ""all"", ""resource_instance_id"": ""8057035535632679842"", ""resource_project_id"": ""proyecto-2-cloud-509714"", ""resource_type"": ""gce_instance"", ""resource_zone"": ""us-central1-a"", ""vm"": ""8057035535632679842""}",0
2026-09-27T02:45:29.734695Z,"{""command"": ""rcu_preempt"", ""command_line"": """", ""owner"": ""root"", ""pid"": ""15"", ""process"": ""all"", ""resource_instance_id"": ""8057035535632679842"", ""resource_project_id"": ""proyecto-2-cloud-509714"", ""resource_type"": ""gce_instance"", ""resource_zone"": ""us-central1-a"", ""vm"": ""8057035535632679842""}",0
2026-09-27T02:44:59.739832Z,"{""command"": ""rcu_preempt"", ""command_line"": """", ""owner"": ""root"", ""pid"": ""15"", ""process"": ""all"", ""resource_instance_id"": ""8057035535632679842"", ""resource_project_id"": ""proyecto-2-cloud-509714"", ""resource_type"": ""gce_instance"", ""resource_zone"": ""us-central1-a"", ""vm"": ""8057035535632679842""}",0
2026-09-27T02:44:29.736897Z,"{""command"": ""rcu_preempt"", ""command_line"": """", ""owner"": ""root"", ""pid"": ""15"", ""process"": ""all"", ""resource_instance_id"": ""8057035535632679842"", ""resource_project_id"": ""proyecto-2-cloud-509714"", ""resource_type"": ""gce_instance"", ""resource_zone"": ""us-central1-a"", ""vm"": ""8057035535632679842""}",0
2026-09-27T02:43:59.738480Z,"{""command"": ""rcu_preempt"", ""command_line"": """", ""owner"": ""root"", ""pid"": ""15"", ""process"": ""all"", ""resource_instance_id"": ""8057035535632679842"", ""resource_project_id"": ""proyecto-2-cloud-509714"", ""resource_type"": ""gce_instance"", ""resource_zone"": ""us-central1-a"", ""vm"": ""8057035535632679842""}",0
2026-09-27T02:43:29.738678Z,"{""command"": ""rcu_preempt"", ""command_line"": """", ""owner"": ""root"", ""pid"": ""15"", ""process"": ""all"", ""resource_instance_id"": ""8057035535632679842"", ""resource_project_id"": ""proyecto-2-cloud-509714"", ""resource_type"": ""gce_instance"", ""resource_zone"": ""us-central1-a"", ""vm"": ""8057035535632679842""}",0
2026-09-27T02:42:59.732892Z,"{""command"": ""rcu_preempt"", ""command_line"": """", ""owner"": ""root"", ""pid"": ""15"", ""process"": ""all"", ""resource_instance_id"": ""8057035535632679842"", ""resource_project_id"": ""proyecto-2-cloud-509714"", ""resource_type"": ""gce_instance"", ""resource_zone"": ""us-central1-a"", ""vm"": ""8057035535632679842""}",0
2026-09-27T02:42:29.757685Z,"{""command"": ""rcu_preempt"", ""command_line"": """", ""owner"": ""root"", ""pid"": ""15"", ""process"": ""all"", ""resource_instance_id"": ""8057035535632679842"", ""resource_project_id"": ""proyecto-2-cloud-509714"", ""resource_type"": ""gce_instance"", ""resource_zone"": ""us-central1-a"", ""vm"": ""8057035535632679842""}",0
2026-09-27T02:41:59.735903Z,"{""command"": ""rcu_preempt"", ""command_line"": """", ""owner"": ""root"", ""pid"": ""15"", ""process"": ""all"", ""resource_instance_id"": ""8057035535632679842"", ""resource_project_id"": ""proyecto-2-cloud-509714"", ""resource_type"": ""gce_instance"", ""resource_zone"": ""us-central1-a"", ""vm"": ""8057035535632679842""}",0
2026-09-27T02:41:29.740001Z,"{""command"": ""rcu_preempt"", ""command_line"": """", ""owner"": ""root"", ""pid"": ""15"", ""process"": ""all"", ""resource_instance_id"": ""8057035535632679842"", ""resource_project_id"": ""proyecto-2-cloud-509714"", ""resource_type"": ""gce_instance"", ""resource_zone"": ""us-central1-a"", ""vm"": ""8057035535632679842""}",0
2026-09-27T02:40:59.727730Z,"{""command"": ""rcu_preempt"", ""command_line"": """", ""owner"": ""root"", ""pid"": ""15"", ""process"": ""all"", ""resource_instance_id"": ""8057035535632679842"", ""resource_project_id"": ""proyecto-2-cloud-509714"", ""resource_type"": ""gce_instance"", ""resource_zone"": ""us-central1-a"", ""vm"": ""8057035535632679842""}",0
2026-09-27T02:40:29.725604Z,"{""command"": ""rcu_preempt"", ""command_line"": """", ""owner"": ""root"", ""pid"": ""15"", ""process"": ""all"", ""resource_instance_id"": ""8057035535632679842"", ""resource_project_id"": ""proyecto-2-cloud-509714"", ""resource_type"": ""gce_instance"", ""resource_zone"": ""us-central1-a"", ""vm"": ""8057035535632679842""}",0
2026-09-27T02:39:59.730238Z,"{""command"": ""rcu_preempt"", ""command_line"": """", ""owner"": ""root"", ""pid"": ""15"", ""process"": ""all"", ""resource_instance_id"": ""8057035535632679842"", ""resource_project_id"": ""proyecto-2-cloud-509714"", ""resource_type"": ""gce_instance"", ""resource_zone"": ""us-central1-a"", ""vm"": ""8057035535632679842""}",0
2026-09-27T02:39:29.727841Z,"{""command"": ""rcu_preempt"", ""command_line"": """", ""owner"": ""root"", ""pid"": ""15"", ""process"": ""all"", ""resource_instance_id"": ""8057035535632679842"", ""resource_project_id"": ""proyecto-2-cloud-509714"", ""resource_type"": ""gce_instance"", ""resource_zone"": ""us-central1-a"", ""vm"": ""8057035535632679842""}",0
2026-09-27T02:38:59.731745Z,"{""command"": ""rcu_preempt"", ""command_line"": """", ""owner"": ""root"", ""pid"": ""15"", ""process"": ""all"", ""resource_instance_id"": ""8057035535632679842"", ""resource_project_id"": ""proyecto-2-cloud-509714"", ""resource_type"": ""gce_instance"", ""resource_zone"": ""us-central1-a"", ""vm"": ""8057035535632679842""}",0
2026-09-27T02:38:29.724423Z,"{""command"": ""rcu_preempt"", ""command_line"": """", ""owner"": ""root"", ""pid"": ""15"", ""process"": ""all"", ""resource_instance_id"": ""8057035535632679842"", ""resource_project_id"": ""proyecto-2-cloud-509714"", ""resource_type"": ""gce_instance"", ""resource_zone"": ""us-central1-a"", ""vm"": ""8057035535632679842""}",0
2026-09-27T02:37:59.735368Z,"{""command"": ""rcu_preempt"", ""command_line"": """", ""owner"": ""root"", ""pid"": ""15"", ""process"": ""all"", ""resource_instance_id"": ""8057035535632679842"", ""resource_project_id"": ""proyecto-2-cloud-509714"", ""resource_type"": ""gce_instance"", ""resource_zone"": ""us-central1-a"", ""vm"": ""8057035535632679842""}",0
2026-09-27T02:37:29.728286Z,"{""command"": ""rcu_preempt"", ""command_line"": """", ""owner"": ""root"", ""pid"": ""15"", ""process"": ""all"", ""resource_instance_id"": ""8057035535632679842"", ""resource_project_id"": ""proyecto-2-cloud-509714"", ""resource_type"": ""gce_instance"", ""resource_zone"": ""us-central1-a"", ""vm"": ""8057035535632679842""}",0
2026-09-27T02:36:59.735691Z,"{""command"": ""rcu_preempt"", ""command_line"": """", ""owner"": ""root"", ""pid"": ""15"", ""process"": ""all"", ""resource_instance_id"": ""8057035535632679842"", ""resource_project_id"": ""proyecto-2-cloud-509714"", ""resource_type"": ""gce_instance"", ""resource_zone"": ""us-central1-a"", ""vm"": ""8057035535632679842""}",0
2026-09-27T02:36:29.730771Z,"{""command"": ""rcu_preempt"", ""command_line"": """", ""owner"": ""root"", ""pid"": ""15"", ""process"": ""all"", ""resource_instance_id"": ""8057035535632679842"", ""resource_project_id"": ""proyecto-2-cloud-509714"", ""resource_type"": ""gce_instance"", ""resource_zone"": ""us-central1-a"", ""vm"": ""8057035535632679842""}",0
2026-09-27T02:35:59.724644Z,"{""command"": ""rcu_preempt"", ""command_line"": """", ""owner"": ""root"", ""pid"": ""15"", ""process"": ""all"", ""resource_instance_id"": ""8057035535632679842"", ""resource_project_id"": ""proyecto-2-cloud-509714"", ""resource_type"": ""gce_instance"", ""resource_zone"": ""us-central1-a"", ""vm"": ""8057035535632679842""}",0
2026-09-27T02:35:29.723506Z,"{""command"": ""rcu_preempt"", ""command_line"": """", ""owner"": ""root"", ""pid"": ""15"", ""process"": ""all"", ""resource_instance_id"": ""8057035535632679842"", ""resource_project_id"": ""proyecto-2-cloud-509714"", ""resource_type"": ""gce_instance"", ""resource_zone"": ""us-central1-a"", ""vm"": ""8057035535632679842""}",0
2026-09-27T02:34:59.727972Z,"{""command"": ""rcu_preempt"", ""command_line"": """", ""owner"": ""root"", ""pid"": ""15"", ""process"": ""all"", ""resource_instance_id"": ""8057035535632679842"", ""resource_project_id"": ""proyecto-2-cloud-509714"", ""resource_type"": ""gce_instance"", ""resource_zone"": ""us-central1-a"", ""vm"": ""8057035535632679842""}",0
2026-09-27T02:34:29.727620Z,"{""command"": ""rcu_preempt"", ""command_line"": """", ""owner"": ""root"", ""pid"": ""15"", ""process"": ""all"", ""resource_instance_id"": ""8057035535632679842"", ""resource_project_id"": ""proyecto-2-cloud-509714"", ""resource_type"": ""gce_instance"", ""resource_zone"": ""us-central1-a"", ""vm"": ""8057035535632679842""}",0
2026-09-27T02:33:59.734704Z,"{""command"": ""rcu_preempt"", ""command_line"": """", ""owner"": ""root"", ""pid"": ""15"", ""process"": ""all"", ""resource_instance_id"": ""8057035535632679842"", ""resource_project_id"": ""proyecto-2-cloud-509714"", ""resource_type"": ""gce_instance"", ""resource_zone"": ""us-central1-a"", ""vm"": ""8057035535632679842""}",0
2026-09-27T02:33:29.724170Z,"{""command"": ""rcu_preempt"", ""command_line"": """", ""owner"": ""root"", ""pid"": ""15"", ""process"": ""all"", ""resource_instance_id"": ""8057035535632679842"", ""resource_project_id"": ""proyecto-2-cloud-509714"", ""resource_type"": ""gce_instance"", ""resource_zone"": ""us-central1-a"", ""vm"": ""8057035535632679842""}",0
2026-09-27T02:32:59.741145Z,"{""command"": ""rcu_preempt"", ""command_line"": """", ""owner"": ""root"", ""pid"": ""15"", ""process"": ""all"", ""resource_instance_id"": ""8057035535632679842"", ""resource_project_id"": ""proyecto-2-cloud-509714"", ""resource_type"": ""gce_instance"", ""resource_zone"": ""us-central1-a"", ""vm"": ""8057035535632679842""}",0
2026-09-27T02:32:29.732301Z,"{""command"": ""rcu_preempt"", ""command_line"": """", ""owner"": ""root"", ""pid"": ""15"", ""process"": ""all"", ""resource_instance_id"": ""8057035535632679842"", ""resource_project_id"": ""proyecto-2-cloud-509714"", ""resource_type"": ""gce_instance"", ""resource_zone"": ""us-central1-a"", ""vm"": ""8057035535632679842""}",0
2026-09-27T02:31:59.732638Z,"{""command"": ""rcu_preempt"", ""command_line"": """", ""owner"": ""root"", ""pid"": ""15"", ""process"": ""all"", ""resource_instance_id"": ""8057035535632679842"", ""resource_project_id"": ""proyecto-2-cloud-509714"", ""resource_type"": ""gce_instance"", ""resource_zone"": ""us-central1-a"", ""vm"": ""8057035535632679842""}",0
2026-09-27T02:31:29.727157Z,"{""command"": ""rcu_preempt"", ""command_line"": """", ""owner"": ""root"", ""pid"": ""15"", ""process"": ""all"", ""resource_instance_id"": ""8057035535632679842"", ""resource_project_id"": ""proyecto-2-cloud-509714"", ""resource_type"": ""gce_instance"", ""resource_zone"": ""us-central1-a"", ""vm"": ""8057035535632679842""}",0
2026-09-27T02:30:59.741256Z,"{""command"": ""rcu_preempt"", ""command_line"": """", ""owner"": ""root"", ""pid"": ""15"", ""process"": ""all"", ""resource_instance_id"": ""8057035535632679842"", ""resource_project_id"": ""proyecto-2-cloud-509714"", ""resource_type"": ""gce_instance"", ""resource_zone"": ""us-central1-a"", ""vm"": ""8057035535632679842""}",0
2026-09-27T02:30:29.737367Z,"{""command"": ""rcu_preempt"", ""command_line"": """", ""owner"": ""root"", ""pid"": ""15"", ""process"": ""all"", ""resource_instance_id"": ""8057035535632679842"", ""resource_project_id"": ""proyecto-2-cloud-509714"", ""resource_type"": ""gce_instance"", ""resource_zone"": ""us-central1-a"", ""vm"": ""8057035535632679842""}",0
2026-09-27T02:30:22.323765Z,"{""command"": ""rcu_preempt"", ""command_line"": """", ""owner"": ""root"", ""pid"": ""15"", ""process"": ""all"", ""resource_instance_id"": ""8057035535632679842"", ""resource_project_id"": ""proyecto-2-cloud-509714"", ""resource_type"": ""gce_instance"", ""resource_zone"": ""us-central1-a"", ""vm"": ""8057035535632679842""}",0
2026-09-27T02:49:59.734539Z,"{""command"": ""rcu_tasks_kthread"", ""command_line"": """", ""owner"": ""root"", ""pid"": ""11"", ""process"": ""all"", ""resource_instance_id"": ""8057035535632679842"", ""resource_project_id"": ""proyecto-2-cloud-509714"", ""resource_type"": ""gce_instance"", ""resource_zone"": ""us-central1-a"", ""vm"": ""8057035535632679842""}",0
2026-09-27T02:49:29.732487Z,"{""command"": ""rcu_tasks_kthread"", ""command_line"": """", ""owner"": ""root"", ""pid"": ""11"", ""process"": ""all"", ""resource_instance_id"": ""8057035535632679842"", ""resource_project_id"": ""proyecto-2-cloud-509714"", ""resource_type"": ""gce_instance"", ""resource_zone"": ""us-central1-a"", ""vm"": ""8057035535632679842""}",0
2026-09-27T02:48:59.727728Z,"{""command"": ""rcu_tasks_kthread"", ""command_line"": """", ""owner"": ""root"", ""pid"": ""11"", ""process"": ""all"", ""resource_instance_id"": ""8057035535632679842"", ""resource_project_id"": ""proyecto-2-cloud-509714"", ""resource_type"": ""gce_instance"", ""resource_zone"": ""us-central1-a"", ""vm"": ""8057035535632679842""}",0
2026-09-27T02:48:29.733288Z,"{""command"": ""rcu_tasks_kthread"", ""command_line"": """", ""owner"": ""root"", ""pid"": ""11"", ""process"": ""all"", ""resource_instance_id"": ""8057035535632679842"", ""resource_project_id"": ""proyecto-2-cloud-509714"", ""resource_type"": ""gce_instance"", ""resource_zone"": ""us-central1-a"", ""vm"": ""8057035535632679842""}",0
2026-09-27T02:47:59.732030Z,"{""command"": ""rcu_tasks_kthread"", ""command_line"": """", ""owner"": ""root"", ""pid"": ""11"", ""process"": ""all"", ""resource_instance_id"": ""8057035535632679842"", ""resource_project_id"": ""proyecto-2-cloud-509714"", ""resource_type"": ""gce_instance"", ""resource_zone"": ""us-central1-a"", ""vm"": ""8057035535632679842""}",0
2026-09-27T02:47:29.727688Z,"{""command"": ""rcu_tasks_kthread"", ""command_line"": """", ""owner"": ""root"", ""pid"": ""11"", ""process"": ""all"", ""resource_instance_id"": ""8057035535632679842"", ""resource_project_id"": ""proyecto-2-cloud-509714"", ""resource_type"": ""gce_instance"", ""resource_zone"": ""us-central1-a"", ""vm"": ""8057035535632679842""}",0
2026-09-27T02:46:59.738827Z,"{""command"": ""rcu_tasks_kthread"", ""command_line"": """", ""owner"": ""root"", ""pid"": ""11"", ""process"": ""all"", ""resource_instance_id"": ""8057035535632679842"", ""resource_project_id"": ""proyecto-2-cloud-509714"", ""resource_type"": ""gce_instance"", ""resource_zone"": ""us-central1-a"", ""vm"": ""8057035535632679842""}",0
2026-09-27T02:46:29.733785Z,"{""command"": ""rcu_tasks_kthread"", ""command_line"": """", ""owner"": ""root"", ""pid"": ""11"", ""process"": ""all"", ""resource_instance_id"": ""8057035535632679842"", ""resource_project_id"": ""proyecto-2-cloud-509714"", ""resource_type"": ""gce_instance"", ""resource_zone"": ""us-central1-a"", ""vm"": ""8057035535632679842""}",0
2026-09-27T02:45:59.728634Z,"{""command"": ""rcu_tasks_kthread"", ""command_line"": """", ""owner"": ""root"", ""pid"": ""11"", ""process"": ""all"", ""resource_instance_id"": ""8057035535632679842"", ""resource_project_id"": ""proyecto-2-cloud-509714"", ""resource_type"": ""gce_instance"", ""resource_zone"": ""us-central1-a"", ""vm"": ""8057035535632679842""}",0
2026-09-27T02:45:29.734407Z,"{""command"": ""rcu_tasks_kthread"", ""command_line"": """", ""owner"": ""root"", ""pid"": ""11"", ""process"": ""all"", ""resource_instance_id"": ""8057035535632679842"", ""resource_project_id"": ""proyecto-2-cloud-509714"", ""resource_type"": ""gce_instance"", ""resource_zone"": ""us-central1-a"", ""vm"": ""8057035535632679842""}",0
2026-09-27T02:44:59.739604Z,"{""command"": ""rcu_tasks_kthread"", ""command_line"": """", ""owner"": ""root"", ""pid"": ""11"", ""process"": ""all"", ""resource_instance_id"": ""8057035535632679842"", ""resource_project_id"": ""proyecto-2-cloud-509714"", ""resource_type"": ""gce_instance"", ""resource_zone"": ""us-central1-a"", ""vm"": ""8057035535632679842""}",0
2026-09-27T02:44:29.736664Z,"{""command"": ""rcu_tasks_kthread"", ""command_line"": """", ""owner"": ""root"", ""pid"": ""11"", ""process"": ""all"", ""resource_instance_id"": ""8057035535632679842"", ""resource_project_id"": ""proyecto-2-cloud-509714"", ""resource_type"": ""gce_instance"", ""resource_zone"": ""us-central1-a"", ""vm"": ""8057035535632679842""}",0
2026-09-27T02:43:59.738199Z,"{""command"": ""rcu_tasks_kthread"", ""command_line"": """", ""owner"": ""root"", ""pid"": ""11"", ""process"": ""all"", ""resource_instance_id"": ""8057035535632679842"", ""resource_project_id"": ""proyecto-2-cloud-509714"", ""resource_type"": ""gce_instance"", ""resource_zone"": ""us-central1-a"", ""vm"": ""8057035535632679842""}",0
2026-09-27T02:43:29.737334Z,"{""command"": ""rcu_tasks_kthread"", ""command_line"": """", ""owner"": ""root"", ""pid"": ""11"", ""process"": ""all"", ""resource_instance_id"": ""8057035535632679842"", ""resource_project_id"": ""proyecto-2-cloud-509714"", ""resource_type"": ""gce_instance"", ""resource_zone"": ""us-central1-a"", ""vm"": ""8057035535632679842""}",0
2026-09-27T02:42:59.732634Z,"{""command"": ""rcu_tasks_kthread"", ""command_line"": """", ""owner"": ""root"", ""pid"": ""11"", ""process"": ""all"", ""resource_instance_id"": ""8057035535632679842"", ""resource_project_id"": ""proyecto-2-cloud-509714"", ""resource_type"": ""gce_instance"", ""resource_zone"": ""us-central1-a"", ""vm"": ""8057035535632679842""}",0
2026-09-27T02:42:29.757472Z,"{""command"": ""rcu_tasks_kthread"", ""command_line"": """", ""owner"": ""root"", ""pid"": ""11"", ""process"": ""all"", ""resource_instance_id"": ""8057035535632679842"", ""resource_project_id"": ""proyecto-2-cloud-509714"", ""resource_type"": ""gce_instance"", ""resource_zone"": ""us-central1-a"", ""vm"": ""8057035535632679842""}",0
2026-09-27T02:41:59.735563Z,"{""command"": ""rcu_tasks_kthread"", ""command_line"": """", ""owner"": ""root"", ""pid"": ""11"", ""process"": ""all"", ""resource_instance_id"": ""8057035535632679842"", ""resource_project_id"": ""proyecto-2-cloud-509714"", ""resource_type"": ""gce_instance"", ""resource_zone"": ""us-central1-a"", ""vm"": ""8057035535632679842""}",0
2026-09-27T02:41:29.739686Z,"{""command"": ""rcu_tasks_kthread"", ""command_line"": """", ""owner"": ""root"", ""pid"": ""11"", ""process"": ""all"", ""resource_instance_id"": ""8057035535632679842"", ""resource_project_id"": ""proyecto-2-cloud-509714"", ""resource_type"": ""gce_instance"", ""resource_zone"": ""us-central1-a"", ""vm"": ""8057035535632679842""}",0
2026-09-27T02:40:59.727521Z,"{""command"": ""rcu_tasks_kthread"", ""command_line"": """", ""owner"": ""root"", ""pid"": ""11"", ""process"": ""all"", ""resource_instance_id"": ""8057035535632679842"", ""resource_project_id"": ""proyecto-2-cloud-509714"", ""resource_type"": ""gce_instance"", ""resource_zone"": ""us-central1-a"", ""vm"": ""8057035535632679842""}",0
2026-09-27T02:40:29.725380Z,"{""command"": ""rcu_tasks_kthread"", ""command_line"": """", ""owner"": ""root"", ""pid"": ""11"", ""process"": ""all"", ""resource_instance_id"": ""8057035535632679842"", ""resource_project_id"": ""proyecto-2-cloud-509714"", ""resource_type"": ""gce_instance"", ""resource_zone"": ""us-central1-a"", ""vm"": ""8057035535632679842""}",0
2026-09-27T02:39:59.729644Z,"{""command"": ""rcu_tasks_kthread"", ""command_line"": """", ""owner"": ""root"", ""pid"": ""11"", ""process"": ""all"", ""resource_instance_id"": ""8057035535632679842"", ""resource_project_id"": ""proyecto-2-cloud-509714"", ""resource_type"": ""gce_instance"", ""resource_zone"": ""us-central1-a"", ""vm"": ""8057035535632679842""}",0
2026-09-27T02:39:29.727636Z,"{""command"": ""rcu_tasks_kthread"", ""command_line"": """", ""owner"": ""root"", ""pid"": ""11"", ""process"": ""all"", ""resource_instance_id"": ""8057035535632679842"", ""resource_project_id"": ""proyecto-2-cloud-509714"", ""resource_type"": ""gce_instance"", ""resource_zone"": ""us-central1-a"", ""vm"": ""8057035535632679842""}",0
2026-09-27T02:38:59.731367Z,"{""command"": ""rcu_tasks_kthread"", ""command_line"": """", ""owner"": ""root"", ""pid"": ""11"", ""process"": ""all"", ""resource_instance_id"": ""8057035535632679842"", ""resource_project_id"": ""proyecto-2-cloud-509714"", ""resource_type"": ""gce_instance"", ""resource_zone"": ""us-central1-a"", ""vm"": ""8057035535632679842""}",0
2026-09-27T02:38:29.724120Z,"{""command"": ""rcu_tasks_kthread"", ""command_line"": """", ""owner"": ""root"", ""pid"": ""11"", ""process"": ""all"", ""resource_instance_id"": ""8057035535632679842"", ""resource_project_id"": ""proyecto-2-cloud-509714"", ""resource_type"": ""gce_instance"", ""resource_zone"": ""us-central1-a"", ""vm"": ""8057035535632679842""}",0
2026-09-27T02:37:59.735127Z,"{""command"": ""rcu_tasks_kthread"", ""command_line"": """", ""owner"": ""root"", ""pid"": ""11"", ""process"": ""all"", ""resource_instance_id"": ""8057035535632679842"", ""resource_project_id"": ""proyecto-2-cloud-509714"", ""resource_type"": ""gce_instance"", ""resource_zone"": ""us-central1-a"", ""vm"": ""8057035535632679842""}",0
2026-09-27T02:37:29.727953Z,"{""command"": ""rcu_tasks_kthread"", ""command_line"": """", ""owner"": ""root"", ""pid"": ""11"", ""process"": ""all"", ""resource_instance_id"": ""8057035535632679842"", ""resource_project_id"": ""proyecto-2-cloud-509714"", ""resource_type"": ""gce_instance"", ""resource_zone"": ""us-central1-a"", ""vm"": ""8057035535632679842""}",0
2026-09-27T02:36:59.735433Z,"{""command"": ""rcu_tasks_kthread"", ""command_line"": """", ""owner"": ""root"", ""pid"": ""11"", ""process"": ""all"", ""resource_instance_id"": ""8057035535632679842"", ""resource_project_id"": ""proyecto-2-cloud-509714"", ""resource_type"": ""gce_instance"", ""resource_zone"": ""us-central1-a"", ""vm"": ""8057035535632679842""}",0
2026-09-27T02:36:29.730358Z,"{""command"": ""rcu_tasks_kthread"", ""command_line"": """", ""owner"": ""root"", ""pid"": ""11"", ""process"": ""all"", ""resource_instance_id"": ""8057035535632679842"", ""resource_project_id"": ""proyecto-2-cloud-509714"", ""resource_type"": ""gce_instance"", ""resource_zone"": ""us-central1-a"", ""vm"": ""8057035535632679842""}",0
2026-09-27T02:35:59.724411Z,"{""command"": ""rcu_tasks_kthread"", ""command_line"": """", ""owner"": ""root"", ""pid"": ""11"", ""process"": ""all"", ""resource_instance_id"": ""8057035535632679842"", ""resource_project_id"": ""proyecto-2-cloud-509714"", ""resource_type"": ""gce_instance"", ""resource_zone"": ""us-central1-a"", ""vm"": ""8057035535632679842""}",0
2026-09-27T02:35:29.723313Z,"{""command"": ""rcu_tasks_kthread"", ""command_line"": """", ""owner"": ""root"", ""pid"": ""11"", ""process"": ""all"", ""resource_instance_id"": ""8057035535632679842"", ""resource_project_id"": ""proyecto-2-cloud-509714"", ""resource_type"": ""gce_instance"", ""resource_zone"": ""us-central1-a"", ""vm"": ""8057035535632679842""}",0
2026-09-27T02:34:59.727706Z,"{""command"": ""rcu_tasks_kthread"", ""command_line"": """", ""owner"": ""root"", ""pid"": ""11"", ""process"": ""all"", ""resource_instance_id"": ""8057035535632679842"", ""resource_project_id"": ""proyecto-2-cloud-509714"", ""resource_type"": ""gce_instance"", ""resource_zone"": ""us-central1-a"", ""vm"": ""8057035535632679842""}",0
2026-09-27T02:34:29.727390Z,"{""command"": ""rcu_tasks_kthread"", ""command_line"": """", ""owner"": ""root"", ""pid"": ""11"", ""process"": ""all"", ""resource_instance_id"": ""8057035535632679842"", ""resource_project_id"": ""proyecto-2-cloud-509714"", ""resource_type"": ""gce_instance"", ""resource_zone"": ""us-central1-a"", ""vm"": ""8057035535632679842""}",0
2026-09-27T02:33:59.734403Z,"{""command"": ""rcu_tasks_kthread"", ""command_line"": """", ""owner"": ""root"", ""pid"": ""11"", ""process"": ""all"", ""resource_instance_id"": ""8057035535632679842"", ""resource_project_id"": ""proyecto-2-cloud-509714"", ""resource_type"": ""gce_instance"", ""resource_zone"": ""us-central1-a"", ""vm"": ""8057035535632679842""}",0
2026-09-27T02:33:29.723967Z,"{""command"": ""rcu_tasks_kthread"", ""command_line"": """", ""owner"": ""root"", ""pid"": ""11"", ""process"": ""all"", ""resource_instance_id"": ""8057035535632679842"", ""resource_project_id"": ""proyecto-2-cloud-509714"", ""resource_type"": ""gce_instance"", ""resource_zone"": ""us-central1-a"", ""vm"": ""8057035535632679842""}",0
2026-09-27T02:32:59.740919Z,"{""command"": ""rcu_tasks_kthread"", ""command_line"": """", ""owner"": ""root"", ""pid"": ""11"", ""process"": ""all"", ""resource_instance_id"": ""8057035535632679842"", ""resource_project_id"": ""proyecto-2-cloud-509714"", ""resource_type"": ""gce_instance"", ""resource_zone"": ""us-central1-a"", ""vm"": ""8057035535632679842""}",0
2026-09-27T02:32:29.732056Z,"{""command"": ""rcu_tasks_kthread"", ""command_line"": """", ""owner"": ""root"", ""pid"": ""11"", ""process"": ""all"", ""resource_instance_id"": ""8057035535632679842"", ""resource_project_id"": ""proyecto-2-cloud-509714"", ""resource_type"": ""gce_instance"", ""resource_zone"": ""us-central1-a"", ""vm"": ""8057035535632679842""}",0
2026-09-27T02:31:59.732412Z,"{""command"": ""rcu_tasks_kthread"", ""command_line"": """", ""owner"": ""root"", ""pid"": ""11"", ""process"": ""all"", ""resource_instance_id"": ""8057035535632679842"", ""resource_project_id"": ""proyecto-2-cloud-509714"", ""resource_type"": ""gce_instance"", ""resource_zone"": ""us-central1-a"", ""vm"": ""8057035535632679842""}",0
2026-09-27T02:31:29.726926Z,"{""command"": ""rcu_tasks_kthread"", ""command_line"": """", ""owner"": ""root"", ""pid"": ""11"", ""process"": ""all"", ""resource_instance_id"": ""8057035535632679842"", ""resource_project_id"": ""proyecto-2-cloud-509714"", ""resource_type"": ""gce_instance"", ""resource_zone"": ""us-central1-a"", ""vm"": ""8057035535632679842""}",0
2026-09-27T02:30:59.740980Z,"{""command"": ""rcu_tasks_kthread"", ""command_line"": """", ""owner"": ""root"", ""pid"": ""11"", ""process"": ""all"", ""resource_instance_id"": ""8057035535632679842"", ""resource_project_id"": ""proyecto-2-cloud-509714"", ""resource_type"": ""gce_instance"", ""resource_zone"": ""us-central1-a"", ""vm"": ""8057035535632679842""}",0
2026-09-27T02:30:29.737133Z,"{""command"": ""rcu_tasks_kthread"", ""command_line"": """", ""owner"": ""root"", ""pid"": ""11"", ""process"": ""all"", ""resource_instance_id"": ""8057035535632679842"", ""resource_project_id"": ""proyecto-2-cloud-509714"", ""resource_type"": ""gce_instance"", ""resource_zone"": ""us-central1-a"", ""vm"": ""8057035535632679842""}",0
2026-09-27T02:30:22.323521Z,"{""command"": ""rcu_tasks_kthread"", ""command_line"": """", ""owner"": ""root"", ""pid"": ""11"", ""process"": ""all"", ""resource_instance_id"": ""8057035535632679842"", ""resource_project_id"": ""proyecto-2-cloud-509714"", ""resource_type"": ""gce_instance"", ""resource_zone"": ""us-central1-a"", ""vm"": ""8057035535632679842""}",0
2026-09-27T02:49:59.735044Z,"{""command"": ""rcu_tasks_rude_kthread"", ""command_line"": """", ""owner"": ""root"", ""pid"": ""12"", ""process"": ""all"", ""resource_instance_id"": ""8057035535632679842"", ""resource_project_id"": ""proyecto-2-cloud-509714"", ""resource_type"": ""gce_instance"", ""resource_zone"": ""us-central1-a"", ""vm"": ""8057035535632679842""}",0
2026-09-27T02:49:29.732545Z,"{""command"": ""rcu_tasks_rude_kthread"", ""command_line"": """", ""owner"": ""root"", ""pid"": ""12"", ""process"": ""all"", ""resource_instance_id"": ""8057035535632679842"", ""resource_project_id"": ""proyecto-2-cloud-509714"", ""resource_type"": ""gce_instance"", ""resource_zone"": ""us-central1-a"", ""vm"": ""8057035535632679842""}",0
2026-09-27T02:48:59.727780Z,"{""command"": ""rcu_tasks_rude_kthread"", ""command_line"": """", ""owner"": ""root"", ""pid"": ""12"", ""process"": ""all"", ""resource_instance_id"": ""8057035535632679842"", ""resource_project_id"": ""proyecto-2-cloud-509714"", ""resource_type"": ""gce_instance"", ""resource_zone"": ""us-central1-a"", ""vm"": ""8057035535632679842""}",0
2026-09-27T02:48:29.733350Z,"{""command"": ""rcu_tasks_rude_kthread"", ""command_line"": """", ""owner"": ""root"", ""pid"": ""12"", ""process"": ""all"", ""resource_instance_id"": ""8057035535632679842"", ""resource_project_id"": ""proyecto-2-cloud-509714"", ""resource_type"": ""gce_instance"", ""resource_zone"": ""us-central1-a"", ""vm"": ""8057035535632679842""}",0
2026-09-27T02:47:59.732081Z,"{""command"": ""rcu_tasks_rude_kthread"", ""command_line"": """", ""owner"": ""root"", ""pid"": ""12"", ""process"": ""all"", ""resource_instance_id"": ""8057035535632679842"", ""resource_project_id"": ""proyecto-2-cloud-509714"", ""resource_type"": ""gce_instance"", ""resource_zone"": ""us-central1-a"", ""vm"": ""8057035535632679842""}",0
2026-09-27T02:47:29.727969Z,"{""command"": ""rcu_tasks_rude_kthread"", ""command_line"": """", ""owner"": ""root"", ""pid"": ""12"", ""process"": ""all"", ""resource_instance_id"": ""8057035535632679842"", ""resource_project_id"": ""proyecto-2-cloud-509714"", ""resource_type"": ""gce_instance"", ""resource_zone"": ""us-central1-a"", ""vm"": ""8057035535632679842""}",0
2026-09-27T02:46:59.738908Z,"{""command"": ""rcu_tasks_rude_kthread"", ""command_line"": """", ""owner"": ""root"", ""pid"": ""12"", ""process"": ""all"", ""resource_instance_id"": ""8057035535632679842"", ""resource_project_id"": ""proyecto-2-cloud-509714"", ""resource_type"": ""gce_instance"", ""resource_zone"": ""us-central1-a"", ""vm"": ""8057035535632679842""}",0
2026-09-27T02:46:29.733843Z,"{""command"": ""rcu_tasks_rude_kthread"", ""command_line"": """", ""owner"": ""root"", ""pid"": ""12"", ""process"": ""all"", ""resource_instance_id"": ""8057035535632679842"", ""resource_project_id"": ""proyecto-2-cloud-509714"", ""resource_type"": ""gce_instance"", ""resource_zone"": ""us-central1-a"", ""vm"": ""8057035535632679842""}",0
2026-09-27T02:45:59.728693Z,"{""command"": ""rcu_tasks_rude_kthread"", ""command_line"": """", ""owner"": ""root"", ""pid"": ""12"", ""process"": ""all"", ""resource_instance_id"": ""8057035535632679842"", ""resource_project_id"": ""proyecto-2-cloud-509714"", ""resource_type"": ""gce_instance"", ""resource_zone"": ""us-central1-a"", ""vm"": ""8057035535632679842""}",0
2026-09-27T02:45:29.734466Z,"{""command"": ""rcu_tasks_rude_kthread"", ""command_line"": """", ""owner"": ""root"", ""pid"": ""12"", ""process"": ""all"", ""resource_instance_id"": ""8057035535632679842"", ""resource_project_id"": ""proyecto-2-cloud-509714"", ""resource_type"": ""gce_instance"", ""resource_zone"": ""us-central1-a"", ""vm"": ""8057035535632679842""}",0
2026-09-27T02:44:59.739661Z,"{""command"": ""rcu_tasks_rude_kthread"", ""command_line"": """", ""owner"": ""root"", ""pid"": ""12"", ""process"": ""all"", ""resource_instance_id"": ""8057035535632679842"", ""resource_project_id"": ""proyecto-2-cloud-509714"", ""resource_type"": ""gce_instance"", ""resource_zone"": ""us-central1-a"", ""vm"": ""8057035535632679842""}",0
2026-09-27T02:44:29.736734Z,"{""command"": ""rcu_tasks_rude_kthread"", ""command_line"": """", ""owner"": ""root"", ""pid"": ""12"", ""process"": ""all"", ""resource_instance_id"": ""8057035535632679842"", ""resource_project_id"": ""proyecto-2-cloud-509714"", ""resource_type"": ""gce_instance"", ""resource_zone"": ""us-central1-a"", ""vm"": ""8057035535632679842""}",0
2026-09-27T02:43:59.738276Z,"{""command"": ""rcu_tasks_rude_kthread"", ""command_line"": """", ""owner"": ""root"", ""pid"": ""12"", ""process"": ""all"", ""resource_instance_id"": ""8057035535632679842"", ""resource_project_id"": ""proyecto-2-cloud-509714"", ""resource_type"": ""gce_instance"", ""resource_zone"": ""us-central1-a"", ""vm"": ""8057035535632679842""}",0
2026-09-27T02:43:29.737424Z,"{""command"": ""rcu_tasks_rude_kthread"", ""command_line"": """", ""owner"": ""root"", ""pid"": ""12"", ""process"": ""all"", ""resource_instance_id"": ""8057035535632679842"", ""resource_project_id"": ""proyecto-2-cloud-509714"", ""resource_type"": ""gce_instance"", ""resource_zone"": ""us-central1-a"", ""vm"": ""8057035535632679842""}",0
2026-09-27T02:42:59.732703Z,"{""command"": ""rcu_tasks_rude_kthread"", ""command_line"": """", ""owner"": ""root"", ""pid"": ""12"", ""process"": ""all"", ""resource_instance_id"": ""8057035535632679842"", ""resource_project_id"": ""proyecto-2-cloud-509714"", ""resource_type"": ""gce_instance"", ""resource_zone"": ""us-central1-a"", ""vm"": ""8057035535632679842""}",0
2026-09-27T02:42:29.757528Z,"{""command"": ""rcu_tasks_rude_kthread"", ""command_line"": """", ""owner"": ""root"", ""pid"": ""12"", ""process"": ""all"", ""resource_instance_id"": ""8057035535632679842"", ""resource_project_id"": ""proyecto-2-cloud-509714"", ""resource_type"": ""gce_instance"", ""resource_zone"": ""us-central1-a"", ""vm"": ""8057035535632679842""}",0
2026-09-27T02:41:59.735644Z,"{""command"": ""rcu_tasks_rude_kthread"", ""command_line"": """", ""owner"": ""root"", ""pid"": ""12"", ""process"": ""all"", ""resource_instance_id"": ""8057035535632679842"", ""resource_project_id"": ""proyecto-2-cloud-509714"", ""resource_type"": ""gce_instance"", ""resource_zone"": ""us-central1-a"", ""vm"": ""8057035535632679842""}",0
2026-09-27T02:41:29.739746Z,"{""command"": ""rcu_tasks_rude_kthread"", ""command_line"": """", ""owner"": ""root"", ""pid"": ""12"", ""process"": ""all"", ""resource_instance_id"": ""8057035535632679842"", ""resource_project_id"": ""proyecto-2-cloud-509714"", ""resource_type"": ""gce_instance"", ""resource_zone"": ""us-central1-a"", ""vm"": ""8057035535632679842""}",0
2026-09-27T02:40:59.727575Z,"{""command"": ""rcu_tasks_rude_kthread"", ""command_line"": """", ""owner"": ""root"", ""pid"": ""12"", ""process"": ""all"", ""resource_instance_id"": ""8057035535632679842"", ""resource_project_id"": ""proyecto-2-cloud-509714"", ""resource_type"": ""gce_instance"", ""resource_zone"": ""us-central1-a"", ""vm"": ""8057035535632679842""}",0
2026-09-27T02:40:29.725432Z,"{""command"": ""rcu_tasks_rude_kthread"", ""command_line"": """", ""owner"": ""root"", ""pid"": ""12"", ""process"": ""all"", ""resource_instance_id"": ""8057035535632679842"", ""resource_project_id"": ""proyecto-2-cloud-509714"", ""resource_type"": ""gce_instance"", ""resource_zone"": ""us-central1-a"", ""vm"": ""8057035535632679842""}",0
2026-09-27T02:39:59.729721Z,"{""command"": ""rcu_tasks_rude_kthread"", ""command_line"": """", ""owner"": ""root"", ""pid"": ""12"", ""process"": ""all"", ""resource_instance_id"": ""8057035535632679842"", ""resource_project_id"": ""proyecto-2-cloud-509714"", ""resource_type"": ""gce_instance"", ""resource_zone"": ""us-central1-a"", ""vm"": ""8057035535632679842""}",0
2026-09-27T02:39:29.727688Z,"{""command"": ""rcu_tasks_rude_kthread"", ""command_line"": """", ""owner"": ""root"", ""pid"": ""12"", ""process"": ""all"", ""resource_instance_id"": ""8057035535632679842"", ""resource_project_id"": ""proyecto-2-cloud-509714"", ""resource_type"": ""gce_instance"", ""resource_zone"": ""us-central1-a"", ""vm"": ""8057035535632679842""}",0
2026-09-27T02:38:59.731455Z,"{""command"": ""rcu_tasks_rude_kthread"", ""command_line"": """", ""owner"": ""root"", ""pid"": ""12"", ""process"": ""all"", ""resource_instance_id"": ""8057035535632679842"", ""resource_project_id"": ""proyecto-2-cloud-509714"", ""resource_type"": ""gce_instance"", ""resource_zone"": ""us-central1-a"", ""vm"": ""8057035535632679842""}",0
2026-09-27T02:38:29.724197Z,"{""command"": ""rcu_tasks_rude_kthread"", ""command_line"": """", ""owner"": ""root"", ""pid"": ""12"", ""process"": ""all"", ""resource_instance_id"": ""8057035535632679842"", ""resource_project_id"": ""proyecto-2-cloud-509714"", ""resource_type"": ""gce_instance"", ""resource_zone"": ""us-central1-a"", ""vm"": ""8057035535632679842""}",0
2026-09-27T02:37:59.735200Z,"{""command"": ""rcu_tasks_rude_kthread"", ""command_line"": """", ""owner"": ""root"", ""pid"": ""12"", ""process"": ""all"", ""resource_instance_id"": ""8057035535632679842"", ""resource_project_id"": ""proyecto-2-cloud-509714"", ""resource_type"": ""gce_instance"", ""resource_zone"": ""us-central1-a"", ""vm"": ""8057035535632679842""}",0
2026-09-27T02:37:29.728037Z,"{""command"": ""rcu_tasks_rude_kthread"", ""command_line"": """", ""owner"": ""root"", ""pid"": ""12"", ""process"": ""all"", ""resource_instance_id"": ""8057035535632679842"", ""resource_project_id"": ""proyecto-2-cloud-509714"", ""resource_type"": ""gce_instance"", ""resource_zone"": ""us-central1-a"", ""vm"": ""8057035535632679842""}",0
2026-09-27T02:36:59.735498Z,"{""command"": ""rcu_tasks_rude_kthread"", ""command_line"": """", ""owner"": ""root"", ""pid"": ""12"", ""process"": ""all"", ""resource_instance_id"": ""8057035535632679842"", ""resource_project_id"": ""proyecto-2-cloud-509714"", ""resource_type"": ""gce_instance"", ""resource_zone"": ""us-central1-a"", ""vm"": ""8057035535632679842""}",0
2026-09-27T02:36:29.730449Z,"{""command"": ""rcu_tasks_rude_kthread"", ""command_line"": """", ""owner"": ""root"", ""pid"": ""12"", ""process"": ""all"", ""resource_instance_id"": ""8057035535632679842"", ""resource_project_id"": ""proyecto-2-cloud-509714"", ""resource_type"": ""gce_instance"", ""resource_zone"": ""us-central1-a"", ""vm"": ""8057035535632679842""}",0
2026-09-27T02:35:59.724463Z,"{""command"": ""rcu_tasks_rude_kthread"", ""command_line"": """", ""owner"": ""root"", ""pid"": ""12"", ""process"": ""all"", ""resource_instance_id"": ""8057035535632679842"", ""resource_project_id"": ""proyecto-2-cloud-509714"", ""resource_type"": ""gce_instance"", ""resource_zone"": ""us-central1-a"", ""vm"": ""8057035535632679842""}",0
2026-09-27T02:35:29.723363Z,"{""command"": ""rcu_tasks_rude_kthread"", ""command_line"": """", ""owner"": ""root"", ""pid"": ""12"", ""process"": ""all"", ""resource_instance_id"": ""8057035535632679842"", ""resource_project_id"": ""proyecto-2-cloud-509714"", ""resource_type"": ""gce_instance"", ""resource_zone"": ""us-central1-a"", ""vm"": ""8057035535632679842""}",0
2026-09-27T02:34:59.727769Z,"{""command"": ""rcu_tasks_rude_kthread"", ""command_line"": """", ""owner"": ""root"", ""pid"": ""12"", ""process"": ""all"", ""resource_instance_id"": ""8057035535632679842"", ""resource_project_id"": ""proyecto-2-cloud-509714"", ""resource_type"": ""gce_instance"", ""resource_zone"": ""us-central1-a"", ""vm"": ""8057035535632679842""}",0
2026-09-27T02:34:29.727446Z,"{""command"": ""rcu_tasks_rude_kthread"", ""command_line"": """", ""owner"": ""root"", ""pid"": ""12"", ""process"": ""all"", ""resource_instance_id"": ""8057035535632679842"", ""resource_project_id"": ""proyecto-2-cloud-509714"", ""resource_type"": ""gce_instance"", ""resource_zone"": ""us-central1-a"", ""vm"": ""8057035535632679842""}",0
2026-09-27T02:33:59.734464Z,"{""command"": ""rcu_tasks_rude_kthread"", ""command_line"": """", ""owner"": ""root"", ""pid"": ""12"", ""process"": ""all"", ""resource_instance_id"": ""8057035535632679842"", ""resource_project_id"": ""proyecto-2-cloud-509714"", ""resource_type"": ""gce_instance"", ""resource_zone"": ""us-central1-a"", ""vm"": ""8057035535632679842""}",0
2026-09-27T02:33:29.724017Z,"{""command"": ""rcu_tasks_rude_kthread"", ""command_line"": """", ""owner"": ""root"", ""pid"": ""12"", ""process"": ""all"", ""resource_instance_id"": ""8057035535632679842"", ""resource_project_id"": ""proyecto-2-cloud-509714"", ""resource_type"": ""gce_instance"", ""resource_zone"": ""us-central1-a"", ""vm"": ""8057035535632679842""}",0
2026-09-27T02:32:59.740974Z,"{""command"": ""rcu_tasks_rude_kthread"", ""command_line"": """", ""owner"": ""root"", ""pid"": ""12"", ""process"": ""all"", ""resource_instance_id"": ""8057035535632679842"", ""resource_project_id"": ""proyecto-2-cloud-509714"", ""resource_type"": ""gce_instance"", ""resource_zone"": ""us-central1-a"", ""vm"": ""8057035535632679842""}",0
2026-09-27T02:32:29.732126Z,"{""command"": ""rcu_tasks_rude_kthread"", ""command_line"": """", ""owner"": ""root"", ""pid"": ""12"", ""process"": ""all"", ""resource_instance_id"": ""8057035535632679842"", ""resource_project_id"": ""proyecto-2-cloud-509714"", ""resource_type"": ""gce_instance"", ""resource_zone"": ""us-central1-a"", ""vm"": ""8057035535632679842""}",0
2026-09-27T02:31:59.732466Z,"{""command"": ""rcu_tasks_rude_kthread"", ""command_line"": """", ""owner"": ""root"", ""pid"": ""12"", ""process"": ""all"", ""resource_instance_id"": ""8057035535632679842"", ""resource_project_id"": ""proyecto-2-cloud-509714"", ""resource_type"": ""gce_instance"", ""resource_zone"": ""us-central1-a"", ""vm"": ""8057035535632679842""}",0
2026-09-27T02:31:29.727Z,"{""command"": ""rcu_tasks_rude_kthread"", ""command_line"": """", ""owner"": ""root"", ""pid"": ""12"", ""process"": ""all"", ""resource_instance_id"": ""8057035535632679842"", ""resource_project_id"": ""proyecto-2-cloud-509714"", ""resource_type"": ""gce_instance"", ""resource_zone"": ""us-central1-a"", ""vm"": ""8057035535632679842""}",0
2026-09-27T02:30:59.741034Z,"{""command"": ""rcu_tasks_rude_kthread"", ""command_line"": """", ""owner"": ""root"", ""pid"": ""12"", ""process"": ""all"", ""resource_instance_id"": ""8057035535632679842"", ""resource_project_id"": ""proyecto-2-cloud-509714"", ""resource_type"": ""gce_instance"", ""resource_zone"": ""us-central1-a"", ""vm"": ""8057035535632679842""}",0
2026-09-27T02:30:29.737188Z,"{""command"": ""rcu_tasks_rude_kthread"", ""command_line"": """", ""owner"": ""root"", ""pid"": ""12"", ""process"": ""all"", ""resource_instance_id"": ""8057035535632679842"", ""resource_project_id"": ""proyecto-2-cloud-509714"", ""resource_type"": ""gce_instance"", ""resource_zone"": ""us-central1-a"", ""vm"": ""8057035535632679842""}",0
2026-09-27T02:30:22.323587Z,"{""command"": ""rcu_tasks_rude_kthread"", ""command_line"": """", ""owner"": ""root"", ""pid"": ""12"", ""process"": ""all"", ""resource_instance_id"": ""8057035535632679842"", ""resource_project_id"": ""proyecto-2-cloud-509714"", ""resource_type"": ""gce_instance"", ""resource_zone"": ""us-central1-a"", ""vm"": ""8057035535632679842""}",0
2026-09-27T02:49:59.735133Z,"{""command"": ""rcu_tasks_trace_kthread"", ""command_line"": """", ""owner"": ""root"", ""pid"": ""13"", ""process"": ""all"", ""resource_instance_id"": ""8057035535632679842"", ""resource_project_id"": ""proyecto-2-cloud-509714"", ""resource_type"": ""gce_instance"", ""resource_zone"": ""us-central1-a"", ""vm"": ""8057035535632679842""}",0
2026-09-27T02:49:29.732603Z,"{""command"": ""rcu_tasks_trace_kthread"", ""command_line"": """", ""owner"": ""root"", ""pid"": ""13"", ""process"": ""all"", ""resource_instance_id"": ""8057035535632679842"", ""resource_project_id"": ""proyecto-2-cloud-509714"", ""resource_type"": ""gce_instance"", ""resource_zone"": ""us-central1-a"", ""vm"": ""8057035535632679842""}",0
2026-09-27T02:48:59.727830Z,"{""command"": ""rcu_tasks_trace_kthread"", ""command_line"": """", ""owner"": ""root"", ""pid"": ""13"", ""process"": ""all"", ""resource_instance_id"": ""8057035535632679842"", ""resource_project_id"": ""proyecto-2-cloud-509714"", ""resource_type"": ""gce_instance"", ""resource_zone"": ""us-central1-a"", ""vm"": ""8057035535632679842""}",0
2026-09-27T02:48:29.733409Z,"{""command"": ""rcu_tasks_trace_kthread"", ""command_line"": """", ""owner"": ""root"", ""pid"": ""13"", ""process"": ""all"", ""resource_instance_id"": ""8057035535632679842"", ""resource_project_id"": ""proyecto-2-cloud-509714"", ""resource_type"": ""gce_instance"", ""resource_zone"": ""us-central1-a"", ""vm"": ""8057035535632679842""}",0
2026-09-27T02:47:59.732136Z,"{""command"": ""rcu_tasks_trace_kthread"", ""command_line"": """", ""owner"": ""root"", ""pid"": ""13"", ""process"": ""all"", ""resource_instance_id"": ""8057035535632679842"", ""resource_project_id"": ""proyecto-2-cloud-509714"", ""resource_type"": ""gce_instance"", ""resource_zone"": ""us-central1-a"", ""vm"": ""8057035535632679842""}",0
2026-09-27T02:47:29.728174Z,"{""command"": ""rcu_tasks_trace_kthread"", ""command_line"": """", ""owner"": ""root"", ""pid"": ""13"", ""process"": ""all"", ""resource_instance_id"": ""8057035535632679842"", ""resource_project_id"": ""proyecto-2-cloud-509714"", ""resource_type"": ""gce_instance"", ""resource_zone"": ""us-central1-a"", ""vm"": ""8057035535632679842""}",0
2026-09-27T02:46:59.738987Z,"{""command"": ""rcu_tasks_trace_kthread"", ""command_line"": """", ""owner"": ""root"", ""pid"": ""13"", ""process"": ""all"", ""resource_instance_id"": ""8057035535632679842"", ""resource_project_id"": ""proyecto-2-cloud-509714"", ""resource_type"": ""gce_instance"", ""resource_zone"": ""us-central1-a"", ""vm"": ""8057035535632679842""}",0
2026-09-27T02:46:29.733896Z,"{""command"": ""rcu_tasks_trace_kthread"", ""command_line"": """", ""owner"": ""root"", ""pid"": ""13"", ""process"": ""all"", ""resource_instance_id"": ""8057035535632679842"", ""resource_project_id"": ""proyecto-2-cloud-509714"", ""resource_type"": ""gce_instance"", ""resource_zone"": ""us-central1-a"", ""vm"": ""8057035535632679842""}",0
2026-09-27T02:45:59.728744Z,"{""command"": ""rcu_tasks_trace_kthread"", ""command_line"": """", ""owner"": ""root"", ""pid"": ""13"", ""process"": ""all"", ""resource_instance_id"": ""8057035535632679842"", ""resource_project_id"": ""proyecto-2-cloud-509714"", ""resource_type"": ""gce_instance"", ""resource_zone"": ""us-central1-a"", ""vm"": ""8057035535632679842""}",0
2026-09-27T02:45:29.734520Z,"{""command"": ""rcu_tasks_trace_kthread"", ""command_line"": """", ""owner"": ""root"", ""pid"": ""13"", ""process"": ""all"", ""resource_instance_id"": ""8057035535632679842"", ""resource_project_id"": ""proyecto-2-cloud-509714"", ""resource_type"": ""gce_instance"", ""resource_zone"": ""us-central1-a"", ""vm"": ""8057035535632679842""}",0
2026-09-27T02:44:59.739716Z,"{""command"": ""rcu_tasks_trace_kthread"", ""command_line"": """", ""owner"": ""root"", ""pid"": ""13"", ""process"": ""all"", ""resource_instance_id"": ""8057035535632679842"", ""resource_project_id"": ""proyecto-2-cloud-509714"", ""resource_type"": ""gce_instance"", ""resource_zone"": ""us-central1-a"", ""vm"": ""8057035535632679842""}",0
2026-09-27T02:44:29.736787Z,"{""command"": ""rcu_tasks_trace_kthread"", ""command_line"": """", ""owner"": ""root"", ""pid"": ""13"", ""process"": ""all"", ""resource_instance_id"": ""8057035535632679842"", ""resource_project_id"": ""proyecto-2-cloud-509714"", ""resource_type"": ""gce_instance"", ""resource_zone"": ""us-central1-a"", ""vm"": ""8057035535632679842""}",0
2026-09-27T02:43:59.738355Z,"{""command"": ""rcu_tasks_trace_kthread"", ""command_line"": """", ""owner"": ""root"", ""pid"": ""13"", ""process"": ""all"", ""resource_instance_id"": ""8057035535632679842"", ""resource_project_id"": ""proyecto-2-cloud-509714"", ""resource_type"": ""gce_instance"", ""resource_zone"": ""us-central1-a"", ""vm"": ""8057035535632679842""}",0
2026-09-27T02:43:29.737518Z,"{""command"": ""rcu_tasks_trace_kthread"", ""command_line"": """", ""owner"": ""root"", ""pid"": ""13"", ""process"": ""all"", ""resource_instance_id"": ""8057035535632679842"", ""resource_project_id"": ""proyecto-2-cloud-509714"", ""resource_type"": ""gce_instance"", ""resource_zone"": ""us-central1-a"", ""vm"": ""8057035535632679842""}",0
2026-09-27T02:42:59.732769Z,"{""command"": ""rcu_tasks_trace_kthread"", ""command_line"": """", ""owner"": ""root"", ""pid"": ""13"", ""process"": ""all"", ""resource_instance_id"": ""8057035535632679842"", ""resource_project_id"": ""proyecto-2-cloud-509714"", ""resource_type"": ""gce_instance"", ""resource_zone"": ""us-central1-a"", ""vm"": ""8057035535632679842""}",0
2026-09-27T02:42:29.757581Z,"{""command"": ""rcu_tasks_trace_kthread"", ""command_line"": """", ""owner"": ""root"", ""pid"": ""13"", ""process"": ""all"", ""resource_instance_id"": ""8057035535632679842"", ""resource_project_id"": ""proyecto-2-cloud-509714"", ""resource_type"": ""gce_instance"", ""resource_zone"": ""us-central1-a"", ""vm"": ""8057035535632679842""}",0
2026-09-27T02:41:59.735711Z,"{""command"": ""rcu_tasks_trace_kthread"", ""command_line"": """", ""owner"": ""root"", ""pid"": ""13"", ""process"": ""all"", ""resource_instance_id"": ""8057035535632679842"", ""resource_project_id"": ""proyecto-2-cloud-509714"", ""resource_type"": ""gce_instance"", ""resource_zone"": ""us-central1-a"", ""vm"": ""8057035535632679842""}",0
2026-09-27T02:41:29.739803Z,"{""command"": ""rcu_tasks_trace_kthread"", ""command_line"": """", ""owner"": ""root"", ""pid"": ""13"", ""process"": ""all"", ""resource_instance_id"": ""8057035535632679842"", ""resource_project_id"": ""proyecto-2-cloud-509714"", ""resource_type"": ""gce_instance"", ""resource_zone"": ""us-central1-a"", ""vm"": ""8057035535632679842""}",0
2026-09-27T02:40:59.727628Z,"{""command"": ""rcu_tasks_trace_kthread"", ""command_line"": """", ""owner"": ""root"", ""pid"": ""13"", ""process"": ""all"", ""resource_instance_id"": ""8057035535632679842"", ""resource_project_id"": ""proyecto-2-cloud-509714"", ""resource_type"": ""gce_instance"", ""resource_zone"": ""us-central1-a"", ""vm"": ""8057035535632679842""}",0
2026-09-27T02:40:29.725495Z,"{""command"": ""rcu_tasks_trace_kthread"", ""command_line"": """", ""owner"": ""root"", ""pid"": ""13"", ""process"": ""all"", ""resource_instance_id"": ""8057035535632679842"", ""resource_project_id"": ""proyecto-2-cloud-509714"", ""resource_type"": ""gce_instance"", ""resource_zone"": ""us-central1-a"", ""vm"": ""8057035535632679842""}",0
2026-09-27T02:39:59.729778Z,"{""command"": ""rcu_tasks_trace_kthread"", ""command_line"": """", ""owner"": ""root"", ""pid"": ""13"", ""process"": ""all"", ""resource_instance_id"": ""8057035535632679842"", ""resource_project_id"": ""proyecto-2-cloud-509714"", ""resource_type"": ""gce_instance"", ""resource_zone"": ""us-central1-a"", ""vm"": ""8057035535632679842""}",0
2026-09-27T02:39:29.727741Z,"{""command"": ""rcu_tasks_trace_kthread"", ""command_line"": """", ""owner"": ""root"", ""pid"": ""13"", ""process"": ""all"", ""resource_instance_id"": ""8057035535632679842"", ""resource_project_id"": ""proyecto-2-cloud-509714"", ""resource_type"": ""gce_instance"", ""resource_zone"": ""us-central1-a"", ""vm"": ""8057035535632679842""}",0
2026-09-27T02:38:59.731556Z,"{""command"": ""rcu_tasks_trace_kthread"", ""command_line"": """", ""owner"": ""root"", ""pid"": ""13"", ""process"": ""all"", ""resource_instance_id"": ""8057035535632679842"", ""resource_project_id"": ""proyecto-2-cloud-509714"", ""resource_type"": ""gce_instance"", ""resource_zone"": ""us-central1-a"", ""vm"": ""8057035535632679842""}",0
2026-09-27T02:38:29.724275Z,"{""command"": ""rcu_tasks_trace_kthread"", ""command_line"": """", ""owner"": ""root"", ""pid"": ""13"", ""process"": ""all"", ""resource_instance_id"": ""8057035535632679842"", ""resource_project_id"": ""proyecto-2-cloud-509714"", ""resource_type"": ""gce_instance"", ""resource_zone"": ""us-central1-a"", ""vm"": ""8057035535632679842""}",0
2026-09-27T02:37:59.735255Z,"{""command"": ""rcu_tasks_trace_kthread"", ""command_line"": """", ""owner"": ""root"", ""pid"": ""13"", ""process"": ""all"", ""resource_instance_id"": ""8057035535632679842"", ""resource_project_id"": ""proyecto-2-cloud-509714"", ""resource_type"": ""gce_instance"", ""resource_zone"": ""us-central1-a"", ""vm"": ""8057035535632679842""}",0
2026-09-27T02:37:29.728116Z,"{""command"": ""rcu_tasks_trace_kthread"", ""command_line"": """", ""owner"": ""root"", ""pid"": ""13"", ""process"": ""all"", ""resource_instance_id"": ""8057035535632679842"", ""resource_project_id"": ""proyecto-2-cloud-509714"", ""resource_type"": ""gce_instance"", ""resource_zone"": ""us-central1-a"", ""vm"": ""8057035535632679842""}",0
2026-09-27T02:36:59.735563Z,"{""command"": ""rcu_tasks_trace_kthread"", ""command_line"": """", ""owner"": ""root"", ""pid"": ""13"", ""process"": ""all"", ""resource_instance_id"": ""8057035535632679842"", ""resource_project_id"": ""proyecto-2-cloud-509714"", ""resource_type"": ""gce_instance"", ""resource_zone"": ""us-central1-a"", ""vm"": ""8057035535632679842""}",0
2026-09-27T02:36:29.730551Z,"{""command"": ""rcu_tasks_trace_kthread"", ""command_line"": """", ""owner"": ""root"", ""pid"": ""13"", ""process"": ""all"", ""resource_instance_id"": ""8057035535632679842"", ""resource_project_id"": ""proyecto-2-cloud-509714"", ""resource_type"": ""gce_instance"", ""resource_zone"": ""us-central1-a"", ""vm"": ""8057035535632679842""}",0
2026-09-27T02:35:59.724530Z,"{""command"": ""rcu_tasks_trace_kthread"", ""command_line"": """", ""owner"": ""root"", ""pid"": ""13"", ""process"": ""all"", ""resource_instance_id"": ""8057035535632679842"", ""resource_project_id"": ""proyecto-2-cloud-509714"", ""resource_type"": ""gce_instance"", ""resource_zone"": ""us-central1-a"", ""vm"": ""8057035535632679842""}",0
2026-09-27T02:35:29.723411Z,"{""command"": ""rcu_tasks_trace_kthread"", ""command_line"": """", ""owner"": ""root"", ""pid"": ""13"", ""process"": ""all"", ""resource_instance_id"": ""8057035535632679842"", ""resource_project_id"": ""proyecto-2-cloud-509714"", ""resource_type"": ""gce_instance"", ""resource_zone"": ""us-central1-a"", ""vm"": ""8057035535632679842""}",0
2026-09-27T02:34:59.727853Z,"{""command"": ""rcu_tasks_trace_kthread"", ""command_line"": """", ""owner"": ""root"", ""pid"": ""13"", ""process"": ""all"", ""resource_instance_id"": ""8057035535632679842"", ""resource_project_id"": ""proyecto-2-cloud-509714"", ""resource_type"": ""gce_instance"", ""resource_zone"": ""us-central1-a"", ""vm"": ""8057035535632679842""}",0
2026-09-27T02:34:29.727503Z,"{""command"": ""rcu_tasks_trace_kthread"", ""command_line"": """", ""owner"": ""root"", ""pid"": ""13"", ""process"": ""all"", ""resource_instance_id"": ""8057035535632679842"", ""resource_project_id"": ""proyecto-2-cloud-509714"", ""resource_type"": ""gce_instance"", ""resource_zone"": ""us-central1-a"", ""vm"": ""8057035535632679842""}",0
2026-09-27T02:33:59.734520Z,"{""command"": ""rcu_tasks_trace_kthread"", ""command_line"": """", ""owner"": ""root"", ""pid"": ""13"", ""process"": ""all"", ""resource_instance_id"": ""8057035535632679842"", ""resource_project_id"": ""proyecto-2-cloud-509714"", ""resource_type"": ""gce_instance"", ""resource_zone"": ""us-central1-a"", ""vm"": ""8057035535632679842""}",0
2026-09-27T02:33:29.724070Z,"{""command"": ""rcu_tasks_trace_kthread"", ""command_line"": """", ""owner"": ""root"", ""pid"": ""13"", ""process"": ""all"", ""resource_instance_id"": ""8057035535632679842"", ""resource_project_id"": ""proyecto-2-cloud-509714"", ""resource_type"": ""gce_instance"", ""resource_zone"": ""us-central1-a"", ""vm"": ""8057035535632679842""}",0
2026-09-27T02:32:59.741032Z,"{""command"": ""rcu_tasks_trace_kthread"", ""command_line"": """", ""owner"": ""root"", ""pid"": ""13"", ""process"": ""all"", ""resource_instance_id"": ""8057035535632679842"", ""resource_project_id"": ""proyecto-2-cloud-509714"", ""resource_type"": ""gce_instance"", ""resource_zone"": ""us-central1-a"", ""vm"": ""8057035535632679842""}",0
2026-09-27T02:32:29.732187Z,"{""command"": ""rcu_tasks_trace_kthread"", ""command_line"": """", ""owner"": ""root"", ""pid"": ""13"", ""process"": ""all"", ""resource_instance_id"": ""8057035535632679842"", ""resource_project_id"": ""proyecto-2-cloud-509714"", ""resource_type"": ""gce_instance"", ""resource_zone"": ""us-central1-a"", ""vm"": ""8057035535632679842""}",0
2026-09-27T02:31:59.732523Z,"{""command"": ""rcu_tasks_trace_kthread"", ""command_line"": """", ""owner"": ""root"", ""pid"": ""13"", ""process"": ""all"", ""resource_instance_id"": ""8057035535632679842"", ""resource_project_id"": ""proyecto-2-cloud-509714"", ""resource_type"": ""gce_instance"", ""resource_zone"": ""us-central1-a"", ""vm"": ""8057035535632679842""}",0
2026-09-27T02:31:29.727053Z,"{""command"": ""rcu_tasks_trace_kthread"", ""command_line"": """", ""owner"": ""root"", ""pid"": ""13"", ""process"": ""all"", ""resource_instance_id"": ""8057035535632679842"", ""resource_project_id"": ""proyecto-2-cloud-509714"", ""resource_type"": ""gce_instance"", ""resource_zone"": ""us-central1-a"", ""vm"": ""8057035535632679842""}",0
2026-09-27T02:30:59.741090Z,"{""command"": ""rcu_tasks_trace_kthread"", ""command_line"": """", ""owner"": ""root"", ""pid"": ""13"", ""process"": ""all"", ""resource_instance_id"": ""8057035535632679842"", ""resource_project_id"": ""proyecto-2-cloud-509714"", ""resource_type"": ""gce_instance"", ""resource_zone"": ""us-central1-a"", ""vm"": ""8057035535632679842""}",0
2026-09-27T02:30:29.737243Z,"{""command"": ""rcu_tasks_trace_kthread"", ""command_line"": """", ""owner"": ""root"", ""pid"": ""13"", ""process"": ""all"", ""resource_instance_id"": ""8057035535632679842"", ""resource_project_id"": ""proyecto-2-cloud-509714"", ""resource_type"": ""gce_instance"", ""resource_zone"": ""us-central1-a"", ""vm"": ""8057035535632679842""}",0
2026-09-27T02:30:22.323647Z,"{""command"": ""rcu_tasks_trace_kthread"", ""command_line"": """", ""owner"": ""root"", ""pid"": ""13"", ""process"": ""all"", ""resource_instance_id"": ""8057035535632679842"", ""resource_project_id"": ""proyecto-2-cloud-509714"", ""resource_type"": ""gce_instance"", ""resource_zone"": ""us-central1-a"", ""vm"": ""8057035535632679842""}",0
2026-09-27T02:49:59.742484Z,"{""command"": ""redis-server"", ""command_line"": ""redis-server *:6379"", ""pid"": ""6431"", ""process"": ""all"", ""resource_instance_id"": ""8057035535632679842"", ""resource_project_id"": ""proyecto-2-cloud-509714"", ""resource_type"": ""gce_instance"", ""resource_zone"": ""us-central1-a"", ""vm"": ""8057035535632679842""}",68235264
2026-09-27T02:49:29.737297Z,"{""command"": ""redis-server"", ""command_line"": ""redis-server *:6379"", ""pid"": ""6431"", ""process"": ""all"", ""resource_instance_id"": ""8057035535632679842"", ""resource_project_id"": ""proyecto-2-cloud-509714"", ""resource_type"": ""gce_instance"", ""resource_zone"": ""us-central1-a"", ""vm"": ""8057035535632679842""}",68235264
2026-09-27T02:48:59.733513Z,"{""command"": ""redis-server"", ""command_line"": ""redis-server *:6379"", ""pid"": ""6431"", ""process"": ""all"", ""resource_instance_id"": ""8057035535632679842"", ""resource_project_id"": ""proyecto-2-cloud-509714"", ""resource_type"": ""gce_instance"", ""resource_zone"": ""us-central1-a"", ""vm"": ""8057035535632679842""}",68235264
2026-09-27T02:48:29.739720Z,"{""command"": ""redis-server"", ""command_line"": ""redis-server *:6379"", ""pid"": ""6431"", ""process"": ""all"", ""resource_instance_id"": ""8057035535632679842"", ""resource_project_id"": ""proyecto-2-cloud-509714"", ""resource_type"": ""gce_instance"", ""resource_zone"": ""us-central1-a"", ""vm"": ""8057035535632679842""}",68235264
2026-09-27T02:47:59.736862Z,"{""command"": ""redis-server"", ""command_line"": ""redis-server *:6379"", ""pid"": ""6431"", ""process"": ""all"", ""resource_instance_id"": ""8057035535632679842"", ""resource_project_id"": ""proyecto-2-cloud-509714"", ""resource_type"": ""gce_instance"", ""resource_zone"": ""us-central1-a"", ""vm"": ""8057035535632679842""}",68235264
2026-09-27T02:47:29.733889Z,"{""command"": ""redis-server"", ""command_line"": ""redis-server *:6379"", ""pid"": ""6431"", ""process"": ""all"", ""resource_instance_id"": ""8057035535632679842"", ""resource_project_id"": ""proyecto-2-cloud-509714"", ""resource_type"": ""gce_instance"", ""resource_zone"": ""us-central1-a"", ""vm"": ""8057035535632679842""}",68235264
2026-09-27T02:46:59.744717Z,"{""command"": ""redis-server"", ""command_line"": ""redis-server *:6379"", ""pid"": ""6431"", ""process"": ""all"", ""resource_instance_id"": ""8057035535632679842"", ""resource_project_id"": ""proyecto-2-cloud-509714"", ""resource_type"": ""gce_instance"", ""resource_zone"": ""us-central1-a"", ""vm"": ""8057035535632679842""}",68235264
2026-09-27T02:46:29.741270Z,"{""command"": ""redis-server"", ""command_line"": ""redis-server *:6379"", ""pid"": ""6431"", ""process"": ""all"", ""resource_instance_id"": ""8057035535632679842"", ""resource_project_id"": ""proyecto-2-cloud-509714"", ""resource_type"": ""gce_instance"", ""resource_zone"": ""us-central1-a"", ""vm"": ""8057035535632679842""}",68235264
2026-09-27T02:45:59.732881Z,"{""command"": ""redis-server"", ""command_line"": ""redis-server *:6379"", ""pid"": ""6431"", ""process"": ""all"", ""resource_instance_id"": ""8057035535632679842"", ""resource_project_id"": ""proyecto-2-cloud-509714"", ""resource_type"": ""gce_instance"", ""resource_zone"": ""us-central1-a"", ""vm"": ""8057035535632679842""}",68235264
2026-09-27T02:45:29.738748Z,"{""command"": ""redis-server"", ""command_line"": ""redis-server *:6379"", ""pid"": ""6431"", ""process"": ""all"", ""resource_instance_id"": ""8057035535632679842"", ""resource_project_id"": ""proyecto-2-cloud-509714"", ""resource_type"": ""gce_instance"", ""resource_zone"": ""us-central1-a"", ""vm"": ""8057035535632679842""}",68235264
2026-09-27T02:44:59.744559Z,"{""command"": ""redis-server"", ""command_line"": ""redis-server *:6379"", ""pid"": ""6431"", ""process"": ""all"", ""resource_instance_id"": ""8057035535632679842"", ""resource_project_id"": ""proyecto-2-cloud-509714"", ""resource_type"": ""gce_instance"", ""resource_zone"": ""us-central1-a"", ""vm"": ""8057035535632679842""}",68235264
2026-09-27T02:44:29.741450Z,"{""command"": ""redis-server"", ""command_line"": ""redis-server *:6379"", ""pid"": ""6431"", ""process"": ""all"", ""resource_instance_id"": ""8057035535632679842"", ""resource_project_id"": ""proyecto-2-cloud-509714"", ""resource_type"": ""gce_instance"", ""resource_zone"": ""us-central1-a"", ""vm"": ""8057035535632679842""}",68235264
2026-09-27T02:43:59.743394Z,"{""command"": ""redis-server"", ""command_line"": ""redis-server *:6379"", ""pid"": ""6431"", ""process"": ""all"", ""resource_instance_id"": ""8057035535632679842"", ""resource_project_id"": ""proyecto-2-cloud-509714"", ""resource_type"": ""gce_instance"", ""resource_zone"": ""us-central1-a"", ""vm"": ""8057035535632679842""}",68235264
2026-09-27T02:43:29.744755Z,"{""command"": ""redis-server"", ""command_line"": ""redis-server *:6379"", ""pid"": ""6431"", ""process"": ""all"", ""resource_instance_id"": ""8057035535632679842"", ""resource_project_id"": ""proyecto-2-cloud-509714"", ""resource_type"": ""gce_instance"", ""resource_zone"": ""us-central1-a"", ""vm"": ""8057035535632679842""}",68235264
2026-09-27T02:42:59.737574Z,"{""command"": ""redis-server"", ""command_line"": ""redis-server *:6379"", ""pid"": ""6431"", ""process"": ""all"", ""resource_instance_id"": ""8057035535632679842"", ""resource_project_id"": ""proyecto-2-cloud-509714"", ""resource_type"": ""gce_instance"", ""resource_zone"": ""us-central1-a"", ""vm"": ""8057035535632679842""}",68235264
2026-09-27T02:42:29.763497Z,"{""command"": ""redis-server"", ""command_line"": ""redis-server *:6379"", ""pid"": ""6431"", ""process"": ""all"", ""resource_instance_id"": ""8057035535632679842"", ""resource_project_id"": ""proyecto-2-cloud-509714"", ""resource_type"": ""gce_instance"", ""resource_zone"": ""us-central1-a"", ""vm"": ""8057035535632679842""}",68235264
2026-09-27T02:41:59.741328Z,"{""command"": ""redis-server"", ""command_line"": ""redis-server *:6379"", ""pid"": ""6431"", ""process"": ""all"", ""resource_instance_id"": ""8057035535632679842"", ""resource_project_id"": ""proyecto-2-cloud-509714"", ""resource_type"": ""gce_instance"", ""resource_zone"": ""us-central1-a"", ""vm"": ""8057035535632679842""}",68235264
2026-09-27T02:41:29.744517Z,"{""command"": ""redis-server"", ""command_line"": ""redis-server *:6379"", ""pid"": ""6431"", ""process"": ""all"", ""resource_instance_id"": ""8057035535632679842"", ""resource_project_id"": ""proyecto-2-cloud-509714"", ""resource_type"": ""gce_instance"", ""resource_zone"": ""us-central1-a"", ""vm"": ""8057035535632679842""}",68235264
2026-09-27T02:40:59.733453Z,"{""command"": ""redis-server"", ""command_line"": ""redis-server *:6379"", ""pid"": ""6431"", ""process"": ""all"", ""resource_instance_id"": ""8057035535632679842"", ""resource_project_id"": ""proyecto-2-cloud-509714"", ""resource_type"": ""gce_instance"", ""resource_zone"": ""us-central1-a"", ""vm"": ""8057035535632679842""}",68235264
2026-09-27T02:40:29.730531Z,"{""command"": ""redis-server"", ""command_line"": ""redis-server *:6379"", ""pid"": ""6431"", ""process"": ""all"", ""resource_instance_id"": ""8057035535632679842"", ""resource_project_id"": ""proyecto-2-cloud-509714"", ""resource_type"": ""gce_instance"", ""resource_zone"": ""us-central1-a"", ""vm"": ""8057035535632679842""}",68235264
2026-09-27T02:39:59.740739Z,"{""command"": ""redis-server"", ""command_line"": ""redis-server *:6379"", ""pid"": ""6431"", ""process"": ""all"", ""resource_instance_id"": ""8057035535632679842"", ""resource_project_id"": ""proyecto-2-cloud-509714"", ""resource_type"": ""gce_instance"", ""resource_zone"": ""us-central1-a"", ""vm"": ""8057035535632679842""}",68235264
2026-09-27T02:39:29.732221Z,"{""command"": ""redis-server"", ""command_line"": ""redis-server *:6379"", ""pid"": ""6431"", ""process"": ""all"", ""resource_instance_id"": ""8057035535632679842"", ""resource_project_id"": ""proyecto-2-cloud-509714"", ""resource_type"": ""gce_instance"", ""resource_zone"": ""us-central1-a"", ""vm"": ""8057035535632679842""}",68235264
2026-09-27T02:38:59.739419Z,"{""command"": ""redis-server"", ""command_line"": ""redis-server *:6379"", ""pid"": ""6431"", ""process"": ""all"", ""resource_instance_id"": ""8057035535632679842"", ""resource_project_id"": ""proyecto-2-cloud-509714"", ""resource_type"": ""gce_instance"", ""resource_zone"": ""us-central1-a"", ""vm"": ""8057035535632679842""}",68235264
2026-09-27T02:38:29.729349Z,"{""command"": ""redis-server"", ""command_line"": ""redis-server *:6379"", ""pid"": ""6431"", ""process"": ""all"", ""resource_instance_id"": ""8057035535632679842"", ""resource_project_id"": ""proyecto-2-cloud-509714"", ""resource_type"": ""gce_instance"", ""resource_zone"": ""us-central1-a"", ""vm"": ""8057035535632679842""}",68235264
2026-09-27T02:37:59.740031Z,"{""command"": ""redis-server"", ""command_line"": ""redis-server *:6379"", ""pid"": ""6431"", ""process"": ""all"", ""resource_instance_id"": ""8057035535632679842"", ""resource_project_id"": ""proyecto-2-cloud-509714"", ""resource_type"": ""gce_instance"", ""resource_zone"": ""us-central1-a"", ""vm"": ""8057035535632679842""}",68235264
2026-09-27T02:37:29.734295Z,"{""command"": ""redis-server"", ""command_line"": ""redis-server *:6379"", ""pid"": ""6431"", ""process"": ""all"", ""resource_instance_id"": ""8057035535632679842"", ""resource_project_id"": ""proyecto-2-cloud-509714"", ""resource_type"": ""gce_instance"", ""resource_zone"": ""us-central1-a"", ""vm"": ""8057035535632679842""}",68235264
2026-09-27T02:36:59.742332Z,"{""command"": ""redis-server"", ""command_line"": ""redis-server *:6379"", ""pid"": ""6431"", ""process"": ""all"", ""resource_instance_id"": ""8057035535632679842"", ""resource_project_id"": ""proyecto-2-cloud-509714"", ""resource_type"": ""gce_instance"", ""resource_zone"": ""us-central1-a"", ""vm"": ""8057035535632679842""}",68235264
2026-09-27T02:36:29.737988Z,"{""command"": ""redis-server"", ""command_line"": ""redis-server *:6379"", ""pid"": ""6431"", ""process"": ""all"", ""resource_instance_id"": ""8057035535632679842"", ""resource_project_id"": ""proyecto-2-cloud-509714"", ""resource_type"": ""gce_instance"", ""resource_zone"": ""us-central1-a"", ""vm"": ""8057035535632679842""}",68235264
2026-09-27T02:35:59.730645Z,"{""command"": ""redis-server"", ""command_line"": ""redis-server *:6379"", ""pid"": ""6431"", ""process"": ""all"", ""resource_instance_id"": ""8057035535632679842"", ""resource_project_id"": ""proyecto-2-cloud-509714"", ""resource_type"": ""gce_instance"", ""resource_zone"": ""us-central1-a"", ""vm"": ""8057035535632679842""}",68235264
2026-09-27T02:35:29.727624Z,"{""command"": ""redis-server"", ""command_line"": ""redis-server *:6379"", ""pid"": ""6431"", ""process"": ""all"", ""resource_instance_id"": ""8057035535632679842"", ""resource_project_id"": ""proyecto-2-cloud-509714"", ""resource_type"": ""gce_instance"", ""resource_zone"": ""us-central1-a"", ""vm"": ""8057035535632679842""}",68235264
2026-09-27T02:34:59.734146Z,"{""command"": ""redis-server"", ""command_line"": ""redis-server *:6379"", ""pid"": ""6431"", ""process"": ""all"", ""resource_instance_id"": ""8057035535632679842"", ""resource_project_id"": ""proyecto-2-cloud-509714"", ""resource_type"": ""gce_instance"", ""resource_zone"": ""us-central1-a"", ""vm"": ""8057035535632679842""}",68235264
2026-09-27T02:34:29.733839Z,"{""command"": ""redis-server"", ""command_line"": ""redis-server *:6379"", ""pid"": ""6431"", ""process"": ""all"", ""resource_instance_id"": ""8057035535632679842"", ""resource_project_id"": ""proyecto-2-cloud-509714"", ""resource_type"": ""gce_instance"", ""resource_zone"": ""us-central1-a"", ""vm"": ""8057035535632679842""}",68235264
2026-09-27T02:33:59.739671Z,"{""command"": ""redis-server"", ""command_line"": ""redis-server *:6379"", ""pid"": ""6431"", ""process"": ""all"", ""resource_instance_id"": ""8057035535632679842"", ""resource_project_id"": ""proyecto-2-cloud-509714"", ""resource_type"": ""gce_instance"", ""resource_zone"": ""us-central1-a"", ""vm"": ""8057035535632679842""}",68235264
2026-09-27T02:33:29.728504Z,"{""command"": ""redis-server"", ""command_line"": ""redis-server *:6379"", ""pid"": ""6431"", ""process"": ""all"", ""resource_instance_id"": ""8057035535632679842"", ""resource_project_id"": ""proyecto-2-cloud-509714"", ""resource_type"": ""gce_instance"", ""resource_zone"": ""us-central1-a"", ""vm"": ""8057035535632679842""}",68235264
2026-09-27T02:32:59.746064Z,"{""command"": ""redis-server"", ""command_line"": ""redis-server *:6379"", ""pid"": ""6431"", ""process"": ""all"", ""resource_instance_id"": ""8057035535632679842"", ""resource_project_id"": ""proyecto-2-cloud-509714"", ""resource_type"": ""gce_instance"", ""resource_zone"": ""us-central1-a"", ""vm"": ""8057035535632679842""}",68235264
2026-09-27T02:32:29.737632Z,"{""command"": ""redis-server"", ""command_line"": ""redis-server *:6379"", ""pid"": ""6431"", ""process"": ""all"", ""resource_instance_id"": ""8057035535632679842"", ""resource_project_id"": ""proyecto-2-cloud-509714"", ""resource_type"": ""gce_instance"", ""resource_zone"": ""us-central1-a"", ""vm"": ""8057035535632679842""}",68235264
2026-09-27T02:31:59.737418Z,"{""command"": ""redis-server"", ""command_line"": ""redis-server *:6379"", ""pid"": ""6431"", ""process"": ""all"", ""resource_instance_id"": ""8057035535632679842"", ""resource_project_id"": ""proyecto-2-cloud-509714"", ""resource_type"": ""gce_instance"", ""resource_zone"": ""us-central1-a"", ""vm"": ""8057035535632679842""}",68235264
2026-09-27T02:31:29.731875Z,"{""command"": ""redis-server"", ""command_line"": ""redis-server *:6379"", ""pid"": ""6431"", ""process"": ""all"", ""resource_instance_id"": ""8057035535632679842"", ""resource_project_id"": ""proyecto-2-cloud-509714"", ""resource_type"": ""gce_instance"", ""resource_zone"": ""us-central1-a"", ""vm"": ""8057035535632679842""}",68235264
2026-09-27T02:30:59.748496Z,"{""command"": ""redis-server"", ""command_line"": ""redis-server *:6379"", ""pid"": ""6431"", ""process"": ""all"", ""resource_instance_id"": ""8057035535632679842"", ""resource_project_id"": ""proyecto-2-cloud-509714"", ""resource_type"": ""gce_instance"", ""resource_zone"": ""us-central1-a"", ""vm"": ""8057035535632679842""}",68235264
2026-09-27T02:30:29.742980Z,"{""command"": ""redis-server"", ""command_line"": ""redis-server *:6379"", ""pid"": ""6431"", ""process"": ""all"", ""resource_instance_id"": ""8057035535632679842"", ""resource_project_id"": ""proyecto-2-cloud-509714"", ""resource_type"": ""gce_instance"", ""resource_zone"": ""us-central1-a"", ""vm"": ""8057035535632679842""}",68235264
2026-09-27T02:30:22.329778Z,"{""command"": ""redis-server"", ""command_line"": ""redis-server *:6379"", ""pid"": ""6431"", ""process"": ""all"", ""resource_instance_id"": ""8057035535632679842"", ""resource_project_id"": ""proyecto-2-cloud-509714"", ""resource_type"": ""gce_instance"", ""resource_zone"": ""us-central1-a"", ""vm"": ""8057035535632679842""}",68235264
2026-09-27T02:49:59.740910Z,"{""command"": ""rsyslogd"", ""command_line"": ""/usr/sbin/rsyslogd -n -iNONE"", ""owner"": ""root"", ""pid"": ""571"", ""process"": ""all"", ""resource_instance_id"": ""8057035535632679842"", ""resource_project_id"": ""proyecto-2-cloud-509714"", ""resource_type"": ""gce_instance"", ""resource_zone"": ""us-central1-a"", ""vm"": ""8057035535632679842""}",227123200
2026-09-27T02:49:29.736316Z,"{""command"": ""rsyslogd"", ""command_line"": ""/usr/sbin/rsyslogd -n -iNONE"", ""owner"": ""root"", ""pid"": ""571"", ""process"": ""all"", ""resource_instance_id"": ""8057035535632679842"", ""resource_project_id"": ""proyecto-2-cloud-509714"", ""resource_type"": ""gce_instance"", ""resource_zone"": ""us-central1-a"", ""vm"": ""8057035535632679842""}",227123200
2026-09-27T02:48:59.732300Z,"{""command"": ""rsyslogd"", ""command_line"": ""/usr/sbin/rsyslogd -n -iNONE"", ""owner"": ""root"", ""pid"": ""571"", ""process"": ""all"", ""resource_instance_id"": ""8057035535632679842"", ""resource_project_id"": ""proyecto-2-cloud-509714"", ""resource_type"": ""gce_instance"", ""resource_zone"": ""us-central1-a"", ""vm"": ""8057035535632679842""}",227123200
2026-09-27T02:48:29.738284Z,"{""command"": ""rsyslogd"", ""command_line"": ""/usr/sbin/rsyslogd -n -iNONE"", ""owner"": ""root"", ""pid"": ""571"", ""process"": ""all"", ""resource_instance_id"": ""8057035535632679842"", ""resource_project_id"": ""proyecto-2-cloud-509714"", ""resource_type"": ""gce_instance"", ""resource_zone"": ""us-central1-a"", ""vm"": ""8057035535632679842""}",227123200
2026-09-27T02:47:59.735885Z,"{""command"": ""rsyslogd"", ""command_line"": ""/usr/sbin/rsyslogd -n -iNONE"", ""owner"": ""root"", ""pid"": ""571"", ""process"": ""all"", ""resource_instance_id"": ""8057035535632679842"", ""resource_project_id"": ""proyecto-2-cloud-509714"", ""resource_type"": ""gce_instance"", ""resource_zone"": ""us-central1-a"", ""vm"": ""8057035535632679842""}",227123200
2026-09-27T02:47:29.732993Z,"{""command"": ""rsyslogd"", ""command_line"": ""/usr/sbin/rsyslogd -n -iNONE"", ""owner"": ""root"", ""pid"": ""571"", ""process"": ""all"", ""resource_instance_id"": ""8057035535632679842"", ""resource_project_id"": ""proyecto-2-cloud-509714"", ""resource_type"": ""gce_instance"", ""resource_zone"": ""us-central1-a"", ""vm"": ""8057035535632679842""}",227123200
2026-09-27T02:46:59.743752Z,"{""command"": ""rsyslogd"", ""command_line"": ""/usr/sbin/rsyslogd -n -iNONE"", ""owner"": ""root"", ""pid"": ""571"", ""process"": ""all"", ""resource_instance_id"": ""8057035535632679842"", ""resource_project_id"": ""proyecto-2-cloud-509714"", ""resource_type"": ""gce_instance"", ""resource_zone"": ""us-central1-a"", ""vm"": ""8057035535632679842""}",227123200
2026-09-27T02:46:29.739806Z,"{""command"": ""rsyslogd"", ""command_line"": ""/usr/sbin/rsyslogd -n -iNONE"", ""owner"": ""root"", ""pid"": ""571"", ""process"": ""all"", ""resource_instance_id"": ""8057035535632679842"", ""resource_project_id"": ""proyecto-2-cloud-509714"", ""resource_type"": ""gce_instance"", ""resource_zone"": ""us-central1-a"", ""vm"": ""8057035535632679842""}",227123200
2026-09-27T02:45:59.732063Z,"{""command"": ""rsyslogd"", ""command_line"": ""/usr/sbin/rsyslogd -n -iNONE"", ""owner"": ""root"", ""pid"": ""571"", ""process"": ""all"", ""resource_instance_id"": ""8057035535632679842"", ""resource_project_id"": ""proyecto-2-cloud-509714"", ""resource_type"": ""gce_instance"", ""resource_zone"": ""us-central1-a"", ""vm"": ""8057035535632679842""}",227123200
2026-09-27T02:45:29.737860Z,"{""command"": ""rsyslogd"", ""command_line"": ""/usr/sbin/rsyslogd -n -iNONE"", ""owner"": ""root"", ""pid"": ""571"", ""process"": ""all"", ""resource_instance_id"": ""8057035535632679842"", ""resource_project_id"": ""proyecto-2-cloud-509714"", ""resource_type"": ""gce_instance"", ""resource_zone"": ""us-central1-a"", ""vm"": ""8057035535632679842""}",227123200
2026-09-27T02:44:59.743641Z,"{""command"": ""rsyslogd"", ""command_line"": ""/usr/sbin/rsyslogd -n -iNONE"", ""owner"": ""root"", ""pid"": ""571"", ""process"": ""all"", ""resource_instance_id"": ""8057035535632679842"", ""resource_project_id"": ""proyecto-2-cloud-509714"", ""resource_type"": ""gce_instance"", ""resource_zone"": ""us-central1-a"", ""vm"": ""8057035535632679842""}",227123200
2026-09-27T02:44:29.740518Z,"{""command"": ""rsyslogd"", ""command_line"": ""/usr/sbin/rsyslogd -n -iNONE"", ""owner"": ""root"", ""pid"": ""571"", ""process"": ""all"", ""resource_instance_id"": ""8057035535632679842"", ""resource_project_id"": ""proyecto-2-cloud-509714"", ""resource_type"": ""gce_instance"", ""resource_zone"": ""us-central1-a"", ""vm"": ""8057035535632679842""}",227123200
2026-09-27T02:43:59.742201Z,"{""command"": ""rsyslogd"", ""command_line"": ""/usr/sbin/rsyslogd -n -iNONE"", ""owner"": ""root"", ""pid"": ""571"", ""process"": ""all"", ""resource_instance_id"": ""8057035535632679842"", ""resource_project_id"": ""proyecto-2-cloud-509714"", ""resource_type"": ""gce_instance"", ""resource_zone"": ""us-central1-a"", ""vm"": ""8057035535632679842""}",227123200
2026-09-27T02:43:29.743423Z,"{""command"": ""rsyslogd"", ""command_line"": ""/usr/sbin/rsyslogd -n -iNONE"", ""owner"": ""root"", ""pid"": ""571"", ""process"": ""all"", ""resource_instance_id"": ""8057035535632679842"", ""resource_project_id"": ""proyecto-2-cloud-509714"", ""resource_type"": ""gce_instance"", ""resource_zone"": ""us-central1-a"", ""vm"": ""8057035535632679842""}",227123200
2026-09-27T02:42:59.736630Z,"{""command"": ""rsyslogd"", ""command_line"": ""/usr/sbin/rsyslogd -n -iNONE"", ""owner"": ""root"", ""pid"": ""571"", ""process"": ""all"", ""resource_instance_id"": ""8057035535632679842"", ""resource_project_id"": ""proyecto-2-cloud-509714"", ""resource_type"": ""gce_instance"", ""resource_zone"": ""us-central1-a"", ""vm"": ""8057035535632679842""}",227123200
2026-09-27T02:42:29.762524Z,"{""command"": ""rsyslogd"", ""command_line"": ""/usr/sbin/rsyslogd -n -iNONE"", ""owner"": ""root"", ""pid"": ""571"", ""process"": ""all"", ""resource_instance_id"": ""8057035535632679842"", ""resource_project_id"": ""proyecto-2-cloud-509714"", ""resource_type"": ""gce_instance"", ""resource_zone"": ""us-central1-a"", ""vm"": ""8057035535632679842""}",227123200
2026-09-27T02:41:59.740178Z,"{""command"": ""rsyslogd"", ""command_line"": ""/usr/sbin/rsyslogd -n -iNONE"", ""owner"": ""root"", ""pid"": ""571"", ""process"": ""all"", ""resource_instance_id"": ""8057035535632679842"", ""resource_project_id"": ""proyecto-2-cloud-509714"", ""resource_type"": ""gce_instance"", ""resource_zone"": ""us-central1-a"", ""vm"": ""8057035535632679842""}",227123200
2026-09-27T02:41:29.743609Z,"{""command"": ""rsyslogd"", ""command_line"": ""/usr/sbin/rsyslogd -n -iNONE"", ""owner"": ""root"", ""pid"": ""571"", ""process"": ""all"", ""resource_instance_id"": ""8057035535632679842"", ""resource_project_id"": ""proyecto-2-cloud-509714"", ""resource_type"": ""gce_instance"", ""resource_zone"": ""us-central1-a"", ""vm"": ""8057035535632679842""}",227123200
2026-09-27T02:40:59.731866Z,"{""command"": ""rsyslogd"", ""command_line"": ""/usr/sbin/rsyslogd -n -iNONE"", ""owner"": ""root"", ""pid"": ""571"", ""process"": ""all"", ""resource_instance_id"": ""8057035535632679842"", ""resource_project_id"": ""proyecto-2-cloud-509714"", ""resource_type"": ""gce_instance"", ""resource_zone"": ""us-central1-a"", ""vm"": ""8057035535632679842""}",227123200
2026-09-27T02:40:29.729660Z,"{""command"": ""rsyslogd"", ""command_line"": ""/usr/sbin/rsyslogd -n -iNONE"", ""owner"": ""root"", ""pid"": ""571"", ""process"": ""all"", ""resource_instance_id"": ""8057035535632679842"", ""resource_project_id"": ""proyecto-2-cloud-509714"", ""resource_type"": ""gce_instance"", ""resource_zone"": ""us-central1-a"", ""vm"": ""8057035535632679842""}",227123200
2026-09-27T02:39:59.737485Z,"{""command"": ""rsyslogd"", ""command_line"": ""/usr/sbin/rsyslogd -n -iNONE"", ""owner"": ""root"", ""pid"": ""571"", ""process"": ""all"", ""resource_instance_id"": ""8057035535632679842"", ""resource_project_id"": ""proyecto-2-cloud-509714"", ""resource_type"": ""gce_instance"", ""resource_zone"": ""us-central1-a"", ""vm"": ""8057035535632679842""}",227123200
2026-09-27T02:39:29.731279Z,"{""command"": ""rsyslogd"", ""command_line"": ""/usr/sbin/rsyslogd -n -iNONE"", ""owner"": ""root"", ""pid"": ""571"", ""process"": ""all"", ""resource_instance_id"": ""8057035535632679842"", ""resource_project_id"": ""proyecto-2-cloud-509714"", ""resource_type"": ""gce_instance"", ""resource_zone"": ""us-central1-a"", ""vm"": ""8057035535632679842""}",227123200
2026-09-27T02:38:59.737559Z,"{""command"": ""rsyslogd"", ""command_line"": ""/usr/sbin/rsyslogd -n -iNONE"", ""owner"": ""root"", ""pid"": ""571"", ""process"": ""all"", ""resource_instance_id"": ""8057035535632679842"", ""resource_project_id"": ""proyecto-2-cloud-509714"", ""resource_type"": ""gce_instance"", ""resource_zone"": ""us-central1-a"", ""vm"": ""8057035535632679842""}",227123200
2026-09-27T02:38:29.728494Z,"{""command"": ""rsyslogd"", ""command_line"": ""/usr/sbin/rsyslogd -n -iNONE"", ""owner"": ""root"", ""pid"": ""571"", ""process"": ""all"", ""resource_instance_id"": ""8057035535632679842"", ""resource_project_id"": ""proyecto-2-cloud-509714"", ""resource_type"": ""gce_instance"", ""resource_zone"": ""us-central1-a"", ""vm"": ""8057035535632679842""}",227123200
2026-09-27T02:37:59.739097Z,"{""command"": ""rsyslogd"", ""command_line"": ""/usr/sbin/rsyslogd -n -iNONE"", ""owner"": ""root"", ""pid"": ""571"", ""process"": ""all"", ""resource_instance_id"": ""8057035535632679842"", ""resource_project_id"": ""proyecto-2-cloud-509714"", ""resource_type"": ""gce_instance"", ""resource_zone"": ""us-central1-a"", ""vm"": ""8057035535632679842""}",227123200
2026-09-27T02:37:29.733337Z,"{""command"": ""rsyslogd"", ""command_line"": ""/usr/sbin/rsyslogd -n -iNONE"", ""owner"": ""root"", ""pid"": ""571"", ""process"": ""all"", ""resource_instance_id"": ""8057035535632679842"", ""resource_project_id"": ""proyecto-2-cloud-509714"", ""resource_type"": ""gce_instance"", ""resource_zone"": ""us-central1-a"", ""vm"": ""8057035535632679842""}",227123200
2026-09-27T02:36:59.741181Z,"{""command"": ""rsyslogd"", ""command_line"": ""/usr/sbin/rsyslogd -n -iNONE"", ""owner"": ""root"", ""pid"": ""571"", ""process"": ""all"", ""resource_instance_id"": ""8057035535632679842"", ""resource_project_id"": ""proyecto-2-cloud-509714"", ""resource_type"": ""gce_instance"", ""resource_zone"": ""us-central1-a"", ""vm"": ""8057035535632679842""}",227123200
2026-09-27T02:36:29.736421Z,"{""command"": ""rsyslogd"", ""command_line"": ""/usr/sbin/rsyslogd -n -iNONE"", ""owner"": ""root"", ""pid"": ""571"", ""process"": ""all"", ""resource_instance_id"": ""8057035535632679842"", ""resource_project_id"": ""proyecto-2-cloud-509714"", ""resource_type"": ""gce_instance"", ""resource_zone"": ""us-central1-a"", ""vm"": ""8057035535632679842""}",227123200
2026-09-27T02:35:59.728986Z,"{""command"": ""rsyslogd"", ""command_line"": ""/usr/sbin/rsyslogd -n -iNONE"", ""owner"": ""root"", ""pid"": ""571"", ""process"": ""all"", ""resource_instance_id"": ""8057035535632679842"", ""resource_project_id"": ""proyecto-2-cloud-509714"", ""resource_type"": ""gce_instance"", ""resource_zone"": ""us-central1-a"", ""vm"": ""8057035535632679842""}",227123200
2026-09-27T02:35:29.726796Z,"{""command"": ""rsyslogd"", ""command_line"": ""/usr/sbin/rsyslogd -n -iNONE"", ""owner"": ""root"", ""pid"": ""571"", ""process"": ""all"", ""resource_instance_id"": ""8057035535632679842"", ""resource_project_id"": ""proyecto-2-cloud-509714"", ""resource_type"": ""gce_instance"", ""resource_zone"": ""us-central1-a"", ""vm"": ""8057035535632679842""}",227123200
2026-09-27T02:34:59.732532Z,"{""command"": ""rsyslogd"", ""command_line"": ""/usr/sbin/rsyslogd -n -iNONE"", ""owner"": ""root"", ""pid"": ""571"", ""process"": ""all"", ""resource_instance_id"": ""8057035535632679842"", ""resource_project_id"": ""proyecto-2-cloud-509714"", ""resource_type"": ""gce_instance"", ""resource_zone"": ""us-central1-a"", ""vm"": ""8057035535632679842""}",227123200
2026-09-27T02:34:29.732323Z,"{""command"": ""rsyslogd"", ""command_line"": ""/usr/sbin/rsyslogd -n -iNONE"", ""owner"": ""root"", ""pid"": ""571"", ""process"": ""all"", ""resource_instance_id"": ""8057035535632679842"", ""resource_project_id"": ""proyecto-2-cloud-509714"", ""resource_type"": ""gce_instance"", ""resource_zone"": ""us-central1-a"", ""vm"": ""8057035535632679842""}",227123200
2026-09-27T02:33:59.738380Z,"{""command"": ""rsyslogd"", ""command_line"": ""/usr/sbin/rsyslogd -n -iNONE"", ""owner"": ""root"", ""pid"": ""571"", ""process"": ""all"", ""resource_instance_id"": ""8057035535632679842"", ""resource_project_id"": ""proyecto-2-cloud-509714"", ""resource_type"": ""gce_instance"", ""resource_zone"": ""us-central1-a"", ""vm"": ""8057035535632679842""}",227123200
2026-09-27T02:33:29.727568Z,"{""command"": ""rsyslogd"", ""command_line"": ""/usr/sbin/rsyslogd -n -iNONE"", ""owner"": ""root"", ""pid"": ""571"", ""process"": ""all"", ""resource_instance_id"": ""8057035535632679842"", ""resource_project_id"": ""proyecto-2-cloud-509714"", ""resource_type"": ""gce_instance"", ""resource_zone"": ""us-central1-a"", ""vm"": ""8057035535632679842""}",227123200
2026-09-27T02:32:59.744883Z,"{""command"": ""rsyslogd"", ""command_line"": ""/usr/sbin/rsyslogd -n -iNONE"", ""owner"": ""root"", ""pid"": ""571"", ""process"": ""all"", ""resource_instance_id"": ""8057035535632679842"", ""resource_project_id"": ""proyecto-2-cloud-509714"", ""resource_type"": ""gce_instance"", ""resource_zone"": ""us-central1-a"", ""vm"": ""8057035535632679842""}",227123200
2026-09-27T02:32:29.736312Z,"{""command"": ""rsyslogd"", ""command_line"": ""/usr/sbin/rsyslogd -n -iNONE"", ""owner"": ""root"", ""pid"": ""571"", ""process"": ""all"", ""resource_instance_id"": ""8057035535632679842"", ""resource_project_id"": ""proyecto-2-cloud-509714"", ""resource_type"": ""gce_instance"", ""resource_zone"": ""us-central1-a"", ""vm"": ""8057035535632679842""}",227123200
2026-09-27T02:31:59.736309Z,"{""command"": ""rsyslogd"", ""command_line"": ""/usr/sbin/rsyslogd -n -iNONE"", ""owner"": ""root"", ""pid"": ""571"", ""process"": ""all"", ""resource_instance_id"": ""8057035535632679842"", ""resource_project_id"": ""proyecto-2-cloud-509714"", ""resource_type"": ""gce_instance"", ""resource_zone"": ""us-central1-a"", ""vm"": ""8057035535632679842""}",227123200
2026-09-27T02:31:29.730706Z,"{""command"": ""rsyslogd"", ""command_line"": ""/usr/sbin/rsyslogd -n -iNONE"", ""owner"": ""root"", ""pid"": ""571"", ""process"": ""all"", ""resource_instance_id"": ""8057035535632679842"", ""resource_project_id"": ""proyecto-2-cloud-509714"", ""resource_type"": ""gce_instance"", ""resource_zone"": ""us-central1-a"", ""vm"": ""8057035535632679842""}",227123200
2026-09-27T02:30:59.747302Z,"{""command"": ""rsyslogd"", ""command_line"": ""/usr/sbin/rsyslogd -n -iNONE"", ""owner"": ""root"", ""pid"": ""571"", ""process"": ""all"", ""resource_instance_id"": ""8057035535632679842"", ""resource_project_id"": ""proyecto-2-cloud-509714"", ""resource_type"": ""gce_instance"", ""resource_zone"": ""us-central1-a"", ""vm"": ""8057035535632679842""}",227123200
2026-09-27T02:30:29.741518Z,"{""command"": ""rsyslogd"", ""command_line"": ""/usr/sbin/rsyslogd -n -iNONE"", ""owner"": ""root"", ""pid"": ""571"", ""process"": ""all"", ""resource_instance_id"": ""8057035535632679842"", ""resource_project_id"": ""proyecto-2-cloud-509714"", ""resource_type"": ""gce_instance"", ""resource_zone"": ""us-central1-a"", ""vm"": ""8057035535632679842""}",227123200
2026-09-27T02:30:22.328039Z,"{""command"": ""rsyslogd"", ""command_line"": ""/usr/sbin/rsyslogd -n -iNONE"", ""owner"": ""root"", ""pid"": ""571"", ""process"": ""all"", ""resource_instance_id"": ""8057035535632679842"", ""resource_project_id"": ""proyecto-2-cloud-509714"", ""resource_type"": ""gce_instance"", ""resource_zone"": ""us-central1-a"", ""vm"": ""8057035535632679842""}",227123200
2026-09-27T02:49:59.738268Z,"{""command"": ""scsi_eh_0"", ""command_line"": """", ""owner"": ""root"", ""pid"": ""133"", ""process"": ""all"", ""resource_instance_id"": ""8057035535632679842"", ""resource_project_id"": ""proyecto-2-cloud-509714"", ""resource_type"": ""gce_instance"", ""resource_zone"": ""us-central1-a"", ""vm"": ""8057035535632679842""}",0
2026-09-27T02:49:29.734778Z,"{""command"": ""scsi_eh_0"", ""command_line"": """", ""owner"": ""root"", ""pid"": ""133"", ""process"": ""all"", ""resource_instance_id"": ""8057035535632679842"", ""resource_project_id"": ""proyecto-2-cloud-509714"", ""resource_type"": ""gce_instance"", ""resource_zone"": ""us-central1-a"", ""vm"": ""8057035535632679842""}",0
2026-09-27T02:48:59.729621Z,"{""command"": ""scsi_eh_0"", ""command_line"": """", ""owner"": ""root"", ""pid"": ""133"", ""process"": ""all"", ""resource_instance_id"": ""8057035535632679842"", ""resource_project_id"": ""proyecto-2-cloud-509714"", ""resource_type"": ""gce_instance"", ""resource_zone"": ""us-central1-a"", ""vm"": ""8057035535632679842""}",0
2026-09-27T02:48:29.736510Z,"{""command"": ""scsi_eh_0"", ""command_line"": """", ""owner"": ""root"", ""pid"": ""133"", ""process"": ""all"", ""resource_instance_id"": ""8057035535632679842"", ""resource_project_id"": ""proyecto-2-cloud-509714"", ""resource_type"": ""gce_instance"", ""resource_zone"": ""us-central1-a"", ""vm"": ""8057035535632679842""}",0
2026-09-27T02:47:59.734145Z,"{""command"": ""scsi_eh_0"", ""command_line"": """", ""owner"": ""root"", ""pid"": ""133"", ""process"": ""all"", ""resource_instance_id"": ""8057035535632679842"", ""resource_project_id"": ""proyecto-2-cloud-509714"", ""resource_type"": ""gce_instance"", ""resource_zone"": ""us-central1-a"", ""vm"": ""8057035535632679842""}",0
2026-09-27T02:47:29.731303Z,"{""command"": ""scsi_eh_0"", ""command_line"": """", ""owner"": ""root"", ""pid"": ""133"", ""process"": ""all"", ""resource_instance_id"": ""8057035535632679842"", ""resource_project_id"": ""proyecto-2-cloud-509714"", ""resource_type"": ""gce_instance"", ""resource_zone"": ""us-central1-a"", ""vm"": ""8057035535632679842""}",0
2026-09-27T02:46:59.741824Z,"{""command"": ""scsi_eh_0"", ""command_line"": """", ""owner"": ""root"", ""pid"": ""133"", ""process"": ""all"", ""resource_instance_id"": ""8057035535632679842"", ""resource_project_id"": ""proyecto-2-cloud-509714"", ""resource_type"": ""gce_instance"", ""resource_zone"": ""us-central1-a"", ""vm"": ""8057035535632679842""}",0
2026-09-27T02:46:29.736101Z,"{""command"": ""scsi_eh_0"", ""command_line"": """", ""owner"": ""root"", ""pid"": ""133"", ""process"": ""all"", ""resource_instance_id"": ""8057035535632679842"", ""resource_project_id"": ""proyecto-2-cloud-509714"", ""resource_type"": ""gce_instance"", ""resource_zone"": ""us-central1-a"", ""vm"": ""8057035535632679842""}",0
2026-09-27T02:45:59.730687Z,"{""command"": ""scsi_eh_0"", ""command_line"": """", ""owner"": ""root"", ""pid"": ""133"", ""process"": ""all"", ""resource_instance_id"": ""8057035535632679842"", ""resource_project_id"": ""proyecto-2-cloud-509714"", ""resource_type"": ""gce_instance"", ""resource_zone"": ""us-central1-a"", ""vm"": ""8057035535632679842""}",0
2026-09-27T02:45:29.736462Z,"{""command"": ""scsi_eh_0"", ""command_line"": """", ""owner"": ""root"", ""pid"": ""133"", ""process"": ""all"", ""resource_instance_id"": ""8057035535632679842"", ""resource_project_id"": ""proyecto-2-cloud-509714"", ""resource_type"": ""gce_instance"", ""resource_zone"": ""us-central1-a"", ""vm"": ""8057035535632679842""}",0
2026-09-27T02:44:59.741833Z,"{""command"": ""scsi_eh_0"", ""command_line"": """", ""owner"": ""root"", ""pid"": ""133"", ""process"": ""all"", ""resource_instance_id"": ""8057035535632679842"", ""resource_project_id"": ""proyecto-2-cloud-509714"", ""resource_type"": ""gce_instance"", ""resource_zone"": ""us-central1-a"", ""vm"": ""8057035535632679842""}",0
2026-09-27T02:44:29.738955Z,"{""command"": ""scsi_eh_0"", ""command_line"": """", ""owner"": ""root"", ""pid"": ""133"", ""process"": ""all"", ""resource_instance_id"": ""8057035535632679842"", ""resource_project_id"": ""proyecto-2-cloud-509714"", ""resource_type"": ""gce_instance"", ""resource_zone"": ""us-central1-a"", ""vm"": ""8057035535632679842""}",0
2026-09-27T02:43:59.740503Z,"{""command"": ""scsi_eh_0"", ""command_line"": """", ""owner"": ""root"", ""pid"": ""133"", ""process"": ""all"", ""resource_instance_id"": ""8057035535632679842"", ""resource_project_id"": ""proyecto-2-cloud-509714"", ""resource_type"": ""gce_instance"", ""resource_zone"": ""us-central1-a"", ""vm"": ""8057035535632679842""}",0
2026-09-27T02:43:29.741137Z,"{""command"": ""scsi_eh_0"", ""command_line"": """", ""owner"": ""root"", ""pid"": ""133"", ""process"": ""all"", ""resource_instance_id"": ""8057035535632679842"", ""resource_project_id"": ""proyecto-2-cloud-509714"", ""resource_type"": ""gce_instance"", ""resource_zone"": ""us-central1-a"", ""vm"": ""8057035535632679842""}",0
2026-09-27T02:42:59.735027Z,"{""command"": ""scsi_eh_0"", ""command_line"": """", ""owner"": ""root"", ""pid"": ""133"", ""process"": ""all"", ""resource_instance_id"": ""8057035535632679842"", ""resource_project_id"": ""proyecto-2-cloud-509714"", ""resource_type"": ""gce_instance"", ""resource_zone"": ""us-central1-a"", ""vm"": ""8057035535632679842""}",0
2026-09-27T02:42:29.760764Z,"{""command"": ""scsi_eh_0"", ""command_line"": """", ""owner"": ""root"", ""pid"": ""133"", ""process"": ""all"", ""resource_instance_id"": ""8057035535632679842"", ""resource_project_id"": ""proyecto-2-cloud-509714"", ""resource_type"": ""gce_instance"", ""resource_zone"": ""us-central1-a"", ""vm"": ""8057035535632679842""}",0
2026-09-27T02:41:59.738220Z,"{""command"": ""scsi_eh_0"", ""command_line"": """", ""owner"": ""root"", ""pid"": ""133"", ""process"": ""all"", ""resource_instance_id"": ""8057035535632679842"", ""resource_project_id"": ""proyecto-2-cloud-509714"", ""resource_type"": ""gce_instance"", ""resource_zone"": ""us-central1-a"", ""vm"": ""8057035535632679842""}",0
2026-09-27T02:41:29.742052Z,"{""command"": ""scsi_eh_0"", ""command_line"": """", ""owner"": ""root"", ""pid"": ""133"", ""process"": ""all"", ""resource_instance_id"": ""8057035535632679842"", ""resource_project_id"": ""proyecto-2-cloud-509714"", ""resource_type"": ""gce_instance"", ""resource_zone"": ""us-central1-a"", ""vm"": ""8057035535632679842""}",0
2026-09-27T02:40:59.729683Z,"{""command"": ""scsi_eh_0"", ""command_line"": """", ""owner"": ""root"", ""pid"": ""133"", ""process"": ""all"", ""resource_instance_id"": ""8057035535632679842"", ""resource_project_id"": ""proyecto-2-cloud-509714"", ""resource_type"": ""gce_instance"", ""resource_zone"": ""us-central1-a"", ""vm"": ""8057035535632679842""}",0
2026-09-27T02:40:29.727916Z,"{""command"": ""scsi_eh_0"", ""command_line"": """", ""owner"": ""root"", ""pid"": ""133"", ""process"": ""all"", ""resource_instance_id"": ""8057035535632679842"", ""resource_project_id"": ""proyecto-2-cloud-509714"", ""resource_type"": ""gce_instance"", ""resource_zone"": ""us-central1-a"", ""vm"": ""8057035535632679842""}",0
2026-09-27T02:39:59.734616Z,"{""command"": ""scsi_eh_0"", ""command_line"": """", ""owner"": ""root"", ""pid"": ""133"", ""process"": ""all"", ""resource_instance_id"": ""8057035535632679842"", ""resource_project_id"": ""proyecto-2-cloud-509714"", ""resource_type"": ""gce_instance"", ""resource_zone"": ""us-central1-a"", ""vm"": ""8057035535632679842""}",0
2026-09-27T02:39:29.729628Z,"{""command"": ""scsi_eh_0"", ""command_line"": """", ""owner"": ""root"", ""pid"": ""133"", ""process"": ""all"", ""resource_instance_id"": ""8057035535632679842"", ""resource_project_id"": ""proyecto-2-cloud-509714"", ""resource_type"": ""gce_instance"", ""resource_zone"": ""us-central1-a"", ""vm"": ""8057035535632679842""}",0
2026-09-27T02:38:59.734883Z,"{""command"": ""scsi_eh_0"", ""command_line"": """", ""owner"": ""root"", ""pid"": ""133"", ""process"": ""all"", ""resource_instance_id"": ""8057035535632679842"", ""resource_project_id"": ""proyecto-2-cloud-509714"", ""resource_type"": ""gce_instance"", ""resource_zone"": ""us-central1-a"", ""vm"": ""8057035535632679842""}",0
2026-09-27T02:38:29.726965Z,"{""command"": ""scsi_eh_0"", ""command_line"": """", ""owner"": ""root"", ""pid"": ""133"", ""process"": ""all"", ""resource_instance_id"": ""8057035535632679842"", ""resource_project_id"": ""proyecto-2-cloud-509714"", ""resource_type"": ""gce_instance"", ""resource_zone"": ""us-central1-a"", ""vm"": ""8057035535632679842""}",0
2026-09-27T02:37:59.737391Z,"{""command"": ""scsi_eh_0"", ""command_line"": """", ""owner"": ""root"", ""pid"": ""133"", ""process"": ""all"", ""resource_instance_id"": ""8057035535632679842"", ""resource_project_id"": ""proyecto-2-cloud-509714"", ""resource_type"": ""gce_instance"", ""resource_zone"": ""us-central1-a"", ""vm"": ""8057035535632679842""}",0
2026-09-27T02:37:29.731647Z,"{""command"": ""scsi_eh_0"", ""command_line"": """", ""owner"": ""root"", ""pid"": ""133"", ""process"": ""all"", ""resource_instance_id"": ""8057035535632679842"", ""resource_project_id"": ""proyecto-2-cloud-509714"", ""resource_type"": ""gce_instance"", ""resource_zone"": ""us-central1-a"", ""vm"": ""8057035535632679842""}",0
2026-09-27T02:36:59.738635Z,"{""command"": ""scsi_eh_0"", ""command_line"": """", ""owner"": ""root"", ""pid"": ""133"", ""process"": ""all"", ""resource_instance_id"": ""8057035535632679842"", ""resource_project_id"": ""proyecto-2-cloud-509714"", ""resource_type"": ""gce_instance"", ""resource_zone"": ""us-central1-a"", ""vm"": ""8057035535632679842""}",0
2026-09-27T02:36:29.733742Z,"{""command"": ""scsi_eh_0"", ""command_line"": """", ""owner"": ""root"", ""pid"": ""133"", ""process"": ""all"", ""resource_instance_id"": ""8057035535632679842"", ""resource_project_id"": ""proyecto-2-cloud-509714"", ""resource_type"": ""gce_instance"", ""resource_zone"": ""us-central1-a"", ""vm"": ""8057035535632679842""}",0
2026-09-27T02:35:59.726540Z,"{""command"": ""scsi_eh_0"", ""command_line"": """", ""owner"": ""root"", ""pid"": ""133"", ""process"": ""all"", ""resource_instance_id"": ""8057035535632679842"", ""resource_project_id"": ""proyecto-2-cloud-509714"", ""resource_type"": ""gce_instance"", ""resource_zone"": ""us-central1-a"", ""vm"": ""8057035535632679842""}",0
2026-09-27T02:35:29.725238Z,"{""command"": ""scsi_eh_0"", ""command_line"": """", ""owner"": ""root"", ""pid"": ""133"", ""process"": ""all"", ""resource_instance_id"": ""8057035535632679842"", ""resource_project_id"": ""proyecto-2-cloud-509714"", ""resource_type"": ""gce_instance"", ""resource_zone"": ""us-central1-a"", ""vm"": ""8057035535632679842""}",0
2026-09-27T02:34:59.730162Z,"{""command"": ""scsi_eh_0"", ""command_line"": """", ""owner"": ""root"", ""pid"": ""133"", ""process"": ""all"", ""resource_instance_id"": ""8057035535632679842"", ""resource_project_id"": ""proyecto-2-cloud-509714"", ""resource_type"": ""gce_instance"", ""resource_zone"": ""us-central1-a"", ""vm"": ""8057035535632679842""}",0
2026-09-27T02:34:29.729641Z,"{""command"": ""scsi_eh_0"", ""command_line"": """", ""owner"": ""root"", ""pid"": ""133"", ""process"": ""all"", ""resource_instance_id"": ""8057035535632679842"", ""resource_project_id"": ""proyecto-2-cloud-509714"", ""resource_type"": ""gce_instance"", ""resource_zone"": ""us-central1-a"", ""vm"": ""8057035535632679842""}",0
2026-09-27T02:33:59.736746Z,"{""command"": ""scsi_eh_0"", ""command_line"": """", ""owner"": ""root"", ""pid"": ""133"", ""process"": ""all"", ""resource_instance_id"": ""8057035535632679842"", ""resource_project_id"": ""proyecto-2-cloud-509714"", ""resource_type"": ""gce_instance"", ""resource_zone"": ""us-central1-a"", ""vm"": ""8057035535632679842""}",0
2026-09-27T02:33:29.725985Z,"{""command"": ""scsi_eh_0"", ""command_line"": """", ""owner"": ""root"", ""pid"": ""133"", ""process"": ""all"", ""resource_instance_id"": ""8057035535632679842"", ""resource_project_id"": ""proyecto-2-cloud-509714"", ""resource_type"": ""gce_instance"", ""resource_zone"": ""us-central1-a"", ""vm"": ""8057035535632679842""}",0
2026-09-27T02:32:59.743206Z,"{""command"": ""scsi_eh_0"", ""command_line"": """", ""owner"": ""root"", ""pid"": ""133"", ""process"": ""all"", ""resource_instance_id"": ""8057035535632679842"", ""resource_project_id"": ""proyecto-2-cloud-509714"", ""resource_type"": ""gce_instance"", ""resource_zone"": ""us-central1-a"", ""vm"": ""8057035535632679842""}",0
2026-09-27T02:32:29.734312Z,"{""command"": ""scsi_eh_0"", ""command_line"": """", ""owner"": ""root"", ""pid"": ""133"", ""process"": ""all"", ""resource_instance_id"": ""8057035535632679842"", ""resource_project_id"": ""proyecto-2-cloud-509714"", ""resource_type"": ""gce_instance"", ""resource_zone"": ""us-central1-a"", ""vm"": ""8057035535632679842""}",0
2026-09-27T02:31:59.734463Z,"{""command"": ""scsi_eh_0"", ""command_line"": """", ""owner"": ""root"", ""pid"": ""133"", ""process"": ""all"", ""resource_instance_id"": ""8057035535632679842"", ""resource_project_id"": ""proyecto-2-cloud-509714"", ""resource_type"": ""gce_instance"", ""resource_zone"": ""us-central1-a"", ""vm"": ""8057035535632679842""}",0
2026-09-27T02:31:29.729031Z,"{""command"": ""scsi_eh_0"", ""command_line"": """", ""owner"": ""root"", ""pid"": ""133"", ""process"": ""all"", ""resource_instance_id"": ""8057035535632679842"", ""resource_project_id"": ""proyecto-2-cloud-509714"", ""resource_type"": ""gce_instance"", ""resource_zone"": ""us-central1-a"", ""vm"": ""8057035535632679842""}",0
2026-09-27T02:30:59.744726Z,"{""command"": ""scsi_eh_0"", ""command_line"": """", ""owner"": ""root"", ""pid"": ""133"", ""process"": ""all"", ""resource_instance_id"": ""8057035535632679842"", ""resource_project_id"": ""proyecto-2-cloud-509714"", ""resource_type"": ""gce_instance"", ""resource_zone"": ""us-central1-a"", ""vm"": ""8057035535632679842""}",0
2026-09-27T02:30:29.739716Z,"{""command"": ""scsi_eh_0"", ""command_line"": """", ""owner"": ""root"", ""pid"": ""133"", ""process"": ""all"", ""resource_instance_id"": ""8057035535632679842"", ""resource_project_id"": ""proyecto-2-cloud-509714"", ""resource_type"": ""gce_instance"", ""resource_zone"": ""us-central1-a"", ""vm"": ""8057035535632679842""}",0
2026-09-27T02:30:22.326103Z,"{""command"": ""scsi_eh_0"", ""command_line"": """", ""owner"": ""root"", ""pid"": ""133"", ""process"": ""all"", ""resource_instance_id"": ""8057035535632679842"", ""resource_project_id"": ""proyecto-2-cloud-509714"", ""resource_type"": ""gce_instance"", ""resource_zone"": ""us-central1-a"", ""vm"": ""8057035535632679842""}",0
2026-09-27T02:49:59.738360Z,"{""command"": ""scsi_tmf_0"", ""command_line"": """", ""owner"": ""root"", ""pid"": ""134"", ""process"": ""all"", ""resource_instance_id"": ""8057035535632679842"", ""resource_project_id"": ""proyecto-2-cloud-509714"", ""resource_type"": ""gce_instance"", ""resource_zone"": ""us-central1-a"", ""vm"": ""8057035535632679842""}",0
2026-09-27T02:49:29.734834Z,"{""command"": ""scsi_tmf_0"", ""command_line"": """", ""owner"": ""root"", ""pid"": ""134"", ""process"": ""all"", ""resource_instance_id"": ""8057035535632679842"", ""resource_project_id"": ""proyecto-2-cloud-509714"", ""resource_type"": ""gce_instance"", ""resource_zone"": ""us-central1-a"", ""vm"": ""8057035535632679842""}",0
2026-09-27T02:48:59.729678Z,"{""command"": ""scsi_tmf_0"", ""command_line"": """", ""owner"": ""root"", ""pid"": ""134"", ""process"": ""all"", ""resource_instance_id"": ""8057035535632679842"", ""resource_project_id"": ""proyecto-2-cloud-509714"", ""resource_type"": ""gce_instance"", ""resource_zone"": ""us-central1-a"", ""vm"": ""8057035535632679842""}",0
2026-09-27T02:48:29.736571Z,"{""command"": ""scsi_tmf_0"", ""command_line"": """", ""owner"": ""root"", ""pid"": ""134"", ""process"": ""all"", ""resource_instance_id"": ""8057035535632679842"", ""resource_project_id"": ""proyecto-2-cloud-509714"", ""resource_type"": ""gce_instance"", ""resource_zone"": ""us-central1-a"", ""vm"": ""8057035535632679842""}",0
2026-09-27T02:47:59.734204Z,"{""command"": ""scsi_tmf_0"", ""command_line"": """", ""owner"": ""root"", ""pid"": ""134"", ""process"": ""all"", ""resource_instance_id"": ""8057035535632679842"", ""resource_project_id"": ""proyecto-2-cloud-509714"", ""resource_type"": ""gce_instance"", ""resource_zone"": ""us-central1-a"", ""vm"": ""8057035535632679842""}",0
2026-09-27T02:47:29.731378Z,"{""command"": ""scsi_tmf_0"", ""command_line"": """", ""owner"": ""root"", ""pid"": ""134"", ""process"": ""all"", ""resource_instance_id"": ""8057035535632679842"", ""resource_project_id"": ""proyecto-2-cloud-509714"", ""resource_type"": ""gce_instance"", ""resource_zone"": ""us-central1-a"", ""vm"": ""8057035535632679842""}",0
2026-09-27T02:46:59.741913Z,"{""command"": ""scsi_tmf_0"", ""command_line"": """", ""owner"": ""root"", ""pid"": ""134"", ""process"": ""all"", ""resource_instance_id"": ""8057035535632679842"", ""resource_project_id"": ""proyecto-2-cloud-509714"", ""resource_type"": ""gce_instance"", ""resource_zone"": ""us-central1-a"", ""vm"": ""8057035535632679842""}",0
2026-09-27T02:46:29.736150Z,"{""command"": ""scsi_tmf_0"", ""command_line"": """", ""owner"": ""root"", ""pid"": ""134"", ""process"": ""all"", ""resource_instance_id"": ""8057035535632679842"", ""resource_project_id"": ""proyecto-2-cloud-509714"", ""resource_type"": ""gce_instance"", ""resource_zone"": ""us-central1-a"", ""vm"": ""8057035535632679842""}",0
2026-09-27T02:45:59.730742Z,"{""command"": ""scsi_tmf_0"", ""command_line"": """", ""owner"": ""root"", ""pid"": ""134"", ""process"": ""all"", ""resource_instance_id"": ""8057035535632679842"", ""resource_project_id"": ""proyecto-2-cloud-509714"", ""resource_type"": ""gce_instance"", ""resource_zone"": ""us-central1-a"", ""vm"": ""8057035535632679842""}",0
2026-09-27T02:45:29.736514Z,"{""command"": ""scsi_tmf_0"", ""command_line"": """", ""owner"": ""root"", ""pid"": ""134"", ""process"": ""all"", ""resource_instance_id"": ""8057035535632679842"", ""resource_project_id"": ""proyecto-2-cloud-509714"", ""resource_type"": ""gce_instance"", ""resource_zone"": ""us-central1-a"", ""vm"": ""8057035535632679842""}",0
2026-09-27T02:44:59.741889Z,"{""command"": ""scsi_tmf_0"", ""command_line"": """", ""owner"": ""root"", ""pid"": ""134"", ""process"": ""all"", ""resource_instance_id"": ""8057035535632679842"", ""resource_project_id"": ""proyecto-2-cloud-509714"", ""resource_type"": ""gce_instance"", ""resource_zone"": ""us-central1-a"", ""vm"": ""8057035535632679842""}",0
2026-09-27T02:44:29.739018Z,"{""command"": ""scsi_tmf_0"", ""command_line"": """", ""owner"": ""root"", ""pid"": ""134"", ""process"": ""all"", ""resource_instance_id"": ""8057035535632679842"", ""resource_project_id"": ""proyecto-2-cloud-509714"", ""resource_type"": ""gce_instance"", ""resource_zone"": ""us-central1-a"", ""vm"": ""8057035535632679842""}",0
2026-09-27T02:43:59.740567Z,"{""command"": ""scsi_tmf_0"", ""command_line"": """", ""owner"": ""root"", ""pid"": ""134"", ""process"": ""all"", ""resource_instance_id"": ""8057035535632679842"", ""resource_project_id"": ""proyecto-2-cloud-509714"", ""resource_type"": ""gce_instance"", ""resource_zone"": ""us-central1-a"", ""vm"": ""8057035535632679842""}",0
2026-09-27T02:43:29.741220Z,"{""command"": ""scsi_tmf_0"", ""command_line"": """", ""owner"": ""root"", ""pid"": ""134"", ""process"": ""all"", ""resource_instance_id"": ""8057035535632679842"", ""resource_project_id"": ""proyecto-2-cloud-509714"", ""resource_type"": ""gce_instance"", ""resource_zone"": ""us-central1-a"", ""vm"": ""8057035535632679842""}",0
2026-09-27T02:42:59.735087Z,"{""command"": ""scsi_tmf_0"", ""command_line"": """", ""owner"": ""root"", ""pid"": ""134"", ""process"": ""all"", ""resource_instance_id"": ""8057035535632679842"", ""resource_project_id"": ""proyecto-2-cloud-509714"", ""resource_type"": ""gce_instance"", ""resource_zone"": ""us-central1-a"", ""vm"": ""8057035535632679842""}",0
2026-09-27T02:42:29.760920Z,"{""command"": ""scsi_tmf_0"", ""command_line"": """", ""owner"": ""root"", ""pid"": ""134"", ""process"": ""all"", ""resource_instance_id"": ""8057035535632679842"", ""resource_project_id"": ""proyecto-2-cloud-509714"", ""resource_type"": ""gce_instance"", ""resource_zone"": ""us-central1-a"", ""vm"": ""8057035535632679842""}",0
2026-09-27T02:41:59.738296Z,"{""command"": ""scsi_tmf_0"", ""command_line"": """", ""owner"": ""root"", ""pid"": ""134"", ""process"": ""all"", ""resource_instance_id"": ""8057035535632679842"", ""resource_project_id"": ""proyecto-2-cloud-509714"", ""resource_type"": ""gce_instance"", ""resource_zone"": ""us-central1-a"", ""vm"": ""8057035535632679842""}",0
2026-09-27T02:41:29.742104Z,"{""command"": ""scsi_tmf_0"", ""command_line"": """", ""owner"": ""root"", ""pid"": ""134"", ""process"": ""all"", ""resource_instance_id"": ""8057035535632679842"", ""resource_project_id"": ""proyecto-2-cloud-509714"", ""resource_type"": ""gce_instance"", ""resource_zone"": ""us-central1-a"", ""vm"": ""8057035535632679842""}",0
2026-09-27T02:40:59.729734Z,"{""command"": ""scsi_tmf_0"", ""command_line"": """", ""owner"": ""root"", ""pid"": ""134"", ""process"": ""all"", ""resource_instance_id"": ""8057035535632679842"", ""resource_project_id"": ""proyecto-2-cloud-509714"", ""resource_type"": ""gce_instance"", ""resource_zone"": ""us-central1-a"", ""vm"": ""8057035535632679842""}",0
2026-09-27T02:40:29.727969Z,"{""command"": ""scsi_tmf_0"", ""command_line"": """", ""owner"": ""root"", ""pid"": ""134"", ""process"": ""all"", ""resource_instance_id"": ""8057035535632679842"", ""resource_project_id"": ""proyecto-2-cloud-509714"", ""resource_type"": ""gce_instance"", ""resource_zone"": ""us-central1-a"", ""vm"": ""8057035535632679842""}",0
2026-09-27T02:39:59.734711Z,"{""command"": ""scsi_tmf_0"", ""command_line"": """", ""owner"": ""root"", ""pid"": ""134"", ""process"": ""all"", ""resource_instance_id"": ""8057035535632679842"", ""resource_project_id"": ""proyecto-2-cloud-509714"", ""resource_type"": ""gce_instance"", ""resource_zone"": ""us-central1-a"", ""vm"": ""8057035535632679842""}",0
2026-09-27T02:39:29.729678Z,"{""command"": ""scsi_tmf_0"", ""command_line"": """", ""owner"": ""root"", ""pid"": ""134"", ""process"": ""all"", ""resource_instance_id"": ""8057035535632679842"", ""resource_project_id"": ""proyecto-2-cloud-509714"", ""resource_type"": ""gce_instance"", ""resource_zone"": ""us-central1-a"", ""vm"": ""8057035535632679842""}",0
2026-09-27T02:38:59.734967Z,"{""command"": ""scsi_tmf_0"", ""command_line"": """", ""owner"": ""root"", ""pid"": ""134"", ""process"": ""all"", ""resource_instance_id"": ""8057035535632679842"", ""resource_project_id"": ""proyecto-2-cloud-509714"", ""resource_type"": ""gce_instance"", ""resource_zone"": ""us-central1-a"", ""vm"": ""8057035535632679842""}",0
2026-09-27T02:38:29.727018Z,"{""command"": ""scsi_tmf_0"", ""command_line"": """", ""owner"": ""root"", ""pid"": ""134"", ""process"": ""all"", ""resource_instance_id"": ""8057035535632679842"", ""resource_project_id"": ""proyecto-2-cloud-509714"", ""resource_type"": ""gce_instance"", ""resource_zone"": ""us-central1-a"", ""vm"": ""8057035535632679842""}",0
2026-09-27T02:37:59.737456Z,"{""command"": ""scsi_tmf_0"", ""command_line"": """", ""owner"": ""root"", ""pid"": ""134"", ""process"": ""all"", ""resource_instance_id"": ""8057035535632679842"", ""resource_project_id"": ""proyecto-2-cloud-509714"", ""resource_type"": ""gce_instance"", ""resource_zone"": ""us-central1-a"", ""vm"": ""8057035535632679842""}",0
2026-09-27T02:37:29.731703Z,"{""command"": ""scsi_tmf_0"", ""command_line"": """", ""owner"": ""root"", ""pid"": ""134"", ""process"": ""all"", ""resource_instance_id"": ""8057035535632679842"", ""resource_project_id"": ""proyecto-2-cloud-509714"", ""resource_type"": ""gce_instance"", ""resource_zone"": ""us-central1-a"", ""vm"": ""8057035535632679842""}",0
2026-09-27T02:36:59.738746Z,"{""command"": ""scsi_tmf_0"", ""command_line"": """", ""owner"": ""root"", ""pid"": ""134"", ""process"": ""all"", ""resource_instance_id"": ""8057035535632679842"", ""resource_project_id"": ""proyecto-2-cloud-509714"", ""resource_type"": ""gce_instance"", ""resource_zone"": ""us-central1-a"", ""vm"": ""8057035535632679842""}",0
2026-09-27T02:36:29.733845Z,"{""command"": ""scsi_tmf_0"", ""command_line"": """", ""owner"": ""root"", ""pid"": ""134"", ""process"": ""all"", ""resource_instance_id"": ""8057035535632679842"", ""resource_project_id"": ""proyecto-2-cloud-509714"", ""resource_type"": ""gce_instance"", ""resource_zone"": ""us-central1-a"", ""vm"": ""8057035535632679842""}",0
2026-09-27T02:35:59.726645Z,"{""command"": ""scsi_tmf_0"", ""command_line"": """", ""owner"": ""root"", ""pid"": ""134"", ""process"": ""all"", ""resource_instance_id"": ""8057035535632679842"", ""resource_project_id"": ""proyecto-2-cloud-509714"", ""resource_type"": ""gce_instance"", ""resource_zone"": ""us-central1-a"", ""vm"": ""8057035535632679842""}",0
2026-09-27T02:35:29.725286Z,"{""command"": ""scsi_tmf_0"", ""command_line"": """", ""owner"": ""root"", ""pid"": ""134"", ""process"": ""all"", ""resource_instance_id"": ""8057035535632679842"", ""resource_project_id"": ""proyecto-2-cloud-509714"", ""resource_type"": ""gce_instance"", ""resource_zone"": ""us-central1-a"", ""vm"": ""8057035535632679842""}",0
2026-09-27T02:34:59.730222Z,"{""command"": ""scsi_tmf_0"", ""command_line"": """", ""owner"": ""root"", ""pid"": ""134"", ""process"": ""all"", ""resource_instance_id"": ""8057035535632679842"", ""resource_project_id"": ""proyecto-2-cloud-509714"", ""resource_type"": ""gce_instance"", ""resource_zone"": ""us-central1-a"", ""vm"": ""8057035535632679842""}",0
2026-09-27T02:34:29.729697Z,"{""command"": ""scsi_tmf_0"", ""command_line"": """", ""owner"": ""root"", ""pid"": ""134"", ""process"": ""all"", ""resource_instance_id"": ""8057035535632679842"", ""resource_project_id"": ""proyecto-2-cloud-509714"", ""resource_type"": ""gce_instance"", ""resource_zone"": ""us-central1-a"", ""vm"": ""8057035535632679842""}",0
2026-09-27T02:33:59.736806Z,"{""command"": ""scsi_tmf_0"", ""command_line"": """", ""owner"": ""root"", ""pid"": ""134"", ""process"": ""all"", ""resource_instance_id"": ""8057035535632679842"", ""resource_project_id"": ""proyecto-2-cloud-509714"", ""resource_type"": ""gce_instance"", ""resource_zone"": ""us-central1-a"", ""vm"": ""8057035535632679842""}",0
2026-09-27T02:33:29.726035Z,"{""command"": ""scsi_tmf_0"", ""command_line"": """", ""owner"": ""root"", ""pid"": ""134"", ""process"": ""all"", ""resource_instance_id"": ""8057035535632679842"", ""resource_project_id"": ""proyecto-2-cloud-509714"", ""resource_type"": ""gce_instance"", ""resource_zone"": ""us-central1-a"", ""vm"": ""8057035535632679842""}",0
2026-09-27T02:32:59.743260Z,"{""command"": ""scsi_tmf_0"", ""command_line"": """", ""owner"": ""root"", ""pid"": ""134"", ""process"": ""all"", ""resource_instance_id"": ""8057035535632679842"", ""resource_project_id"": ""proyecto-2-cloud-509714"", ""resource_type"": ""gce_instance"", ""resource_zone"": ""us-central1-a"", ""vm"": ""8057035535632679842""}",0
2026-09-27T02:32:29.734372Z,"{""command"": ""scsi_tmf_0"", ""command_line"": """", ""owner"": ""root"", ""pid"": ""134"", ""process"": ""all"", ""resource_instance_id"": ""8057035535632679842"", ""resource_project_id"": ""proyecto-2-cloud-509714"", ""resource_type"": ""gce_instance"", ""resource_zone"": ""us-central1-a"", ""vm"": ""8057035535632679842""}",0
2026-09-27T02:31:59.734514Z,"{""command"": ""scsi_tmf_0"", ""command_line"": """", ""owner"": ""root"", ""pid"": ""134"", ""process"": ""all"", ""resource_instance_id"": ""8057035535632679842"", ""resource_project_id"": ""proyecto-2-cloud-509714"", ""resource_type"": ""gce_instance"", ""resource_zone"": ""us-central1-a"", ""vm"": ""8057035535632679842""}",0
2026-09-27T02:31:29.729084Z,"{""command"": ""scsi_tmf_0"", ""command_line"": """", ""owner"": ""root"", ""pid"": ""134"", ""process"": ""all"", ""resource_instance_id"": ""8057035535632679842"", ""resource_project_id"": ""proyecto-2-cloud-509714"", ""resource_type"": ""gce_instance"", ""resource_zone"": ""us-central1-a"", ""vm"": ""8057035535632679842""}",0
2026-09-27T02:30:59.744807Z,"{""command"": ""scsi_tmf_0"", ""command_line"": """", ""owner"": ""root"", ""pid"": ""134"", ""process"": ""all"", ""resource_instance_id"": ""8057035535632679842"", ""resource_project_id"": ""proyecto-2-cloud-509714"", ""resource_type"": ""gce_instance"", ""resource_zone"": ""us-central1-a"", ""vm"": ""8057035535632679842""}",0
2026-09-27T02:30:29.739774Z,"{""command"": ""scsi_tmf_0"", ""command_line"": """", ""owner"": ""root"", ""pid"": ""134"", ""process"": ""all"", ""resource_instance_id"": ""8057035535632679842"", ""resource_project_id"": ""proyecto-2-cloud-509714"", ""resource_type"": ""gce_instance"", ""resource_zone"": ""us-central1-a"", ""vm"": ""8057035535632679842""}",0
2026-09-27T02:30:22.326164Z,"{""command"": ""scsi_tmf_0"", ""command_line"": """", ""owner"": ""root"", ""pid"": ""134"", ""process"": ""all"", ""resource_instance_id"": ""8057035535632679842"", ""resource_project_id"": ""proyecto-2-cloud-509714"", ""resource_type"": ""gce_instance"", ""resource_zone"": ""us-central1-a"", ""vm"": ""8057035535632679842""}",0
2026-09-27T02:49:59.742132Z,"{""command"": ""sh"", ""command_line"": ""/bin/sh /init"", ""owner"": ""root"", ""pid"": ""6381"", ""process"": ""all"", ""resource_instance_id"": ""8057035535632679842"", ""resource_project_id"": ""proyecto-2-cloud-509714"", ""resource_type"": ""gce_instance"", ""resource_zone"": ""us-central1-a"", ""vm"": ""8057035535632679842""}",1691648
2026-09-27T02:49:29.737091Z,"{""command"": ""sh"", ""command_line"": ""/bin/sh /init"", ""owner"": ""root"", ""pid"": ""6381"", ""process"": ""all"", ""resource_instance_id"": ""8057035535632679842"", ""resource_project_id"": ""proyecto-2-cloud-509714"", ""resource_type"": ""gce_instance"", ""resource_zone"": ""us-central1-a"", ""vm"": ""8057035535632679842""}",1691648
2026-09-27T02:48:59.733251Z,"{""command"": ""sh"", ""command_line"": ""/bin/sh /init"", ""owner"": ""root"", ""pid"": ""6381"", ""process"": ""all"", ""resource_instance_id"": ""8057035535632679842"", ""resource_project_id"": ""proyecto-2-cloud-509714"", ""resource_type"": ""gce_instance"", ""resource_zone"": ""us-central1-a"", ""vm"": ""8057035535632679842""}",1691648
2026-09-27T02:48:29.739525Z,"{""command"": ""sh"", ""command_line"": ""/bin/sh /init"", ""owner"": ""root"", ""pid"": ""6381"", ""process"": ""all"", ""resource_instance_id"": ""8057035535632679842"", ""resource_project_id"": ""proyecto-2-cloud-509714"", ""resource_type"": ""gce_instance"", ""resource_zone"": ""us-central1-a"", ""vm"": ""8057035535632679842""}",1691648
2026-09-27T02:47:59.736688Z,"{""command"": ""sh"", ""command_line"": ""/bin/sh /init"", ""owner"": ""root"", ""pid"": ""6381"", ""process"": ""all"", ""resource_instance_id"": ""8057035535632679842"", ""resource_project_id"": ""proyecto-2-cloud-509714"", ""resource_type"": ""gce_instance"", ""resource_zone"": ""us-central1-a"", ""vm"": ""8057035535632679842""}",1691648
2026-09-27T02:47:29.733703Z,"{""command"": ""sh"", ""command_line"": ""/bin/sh /init"", ""owner"": ""root"", ""pid"": ""6381"", ""process"": ""all"", ""resource_instance_id"": ""8057035535632679842"", ""resource_project_id"": ""proyecto-2-cloud-509714"", ""resource_type"": ""gce_instance"", ""resource_zone"": ""us-central1-a"", ""vm"": ""8057035535632679842""}",1691648
2026-09-27T02:46:59.744517Z,"{""command"": ""sh"", ""command_line"": ""/bin/sh /init"", ""owner"": ""root"", ""pid"": ""6381"", ""process"": ""all"", ""resource_instance_id"": ""8057035535632679842"", ""resource_project_id"": ""proyecto-2-cloud-509714"", ""resource_type"": ""gce_instance"", ""resource_zone"": ""us-central1-a"", ""vm"": ""8057035535632679842""}",1691648
2026-09-27T02:46:29.740986Z,"{""command"": ""sh"", ""command_line"": ""/bin/sh /init"", ""owner"": ""root"", ""pid"": ""6381"", ""process"": ""all"", ""resource_instance_id"": ""8057035535632679842"", ""resource_project_id"": ""proyecto-2-cloud-509714"", ""resource_type"": ""gce_instance"", ""resource_zone"": ""us-central1-a"", ""vm"": ""8057035535632679842""}",1691648
2026-09-27T02:45:59.732713Z,"{""command"": ""sh"", ""command_line"": ""/bin/sh /init"", ""owner"": ""root"", ""pid"": ""6381"", ""process"": ""all"", ""resource_instance_id"": ""8057035535632679842"", ""resource_project_id"": ""proyecto-2-cloud-509714"", ""resource_type"": ""gce_instance"", ""resource_zone"": ""us-central1-a"", ""vm"": ""8057035535632679842""}",1691648
2026-09-27T02:45:29.738517Z,"{""command"": ""sh"", ""command_line"": ""/bin/sh /init"", ""owner"": ""root"", ""pid"": ""6381"", ""process"": ""all"", ""resource_instance_id"": ""8057035535632679842"", ""resource_project_id"": ""proyecto-2-cloud-509714"", ""resource_type"": ""gce_instance"", ""resource_zone"": ""us-central1-a"", ""vm"": ""8057035535632679842""}",1691648
2026-09-27T02:44:59.744374Z,"{""command"": ""sh"", ""command_line"": ""/bin/sh /init"", ""owner"": ""root"", ""pid"": ""6381"", ""process"": ""all"", ""resource_instance_id"": ""8057035535632679842"", ""resource_project_id"": ""proyecto-2-cloud-509714"", ""resource_type"": ""gce_instance"", ""resource_zone"": ""us-central1-a"", ""vm"": ""8057035535632679842""}",1691648
2026-09-27T02:44:29.741267Z,"{""command"": ""sh"", ""command_line"": ""/bin/sh /init"", ""owner"": ""root"", ""pid"": ""6381"", ""process"": ""all"", ""resource_instance_id"": ""8057035535632679842"", ""resource_project_id"": ""proyecto-2-cloud-509714"", ""resource_type"": ""gce_instance"", ""resource_zone"": ""us-central1-a"", ""vm"": ""8057035535632679842""}",1691648
2026-09-27T02:43:59.743205Z,"{""command"": ""sh"", ""command_line"": ""/bin/sh /init"", ""owner"": ""root"", ""pid"": ""6381"", ""process"": ""all"", ""resource_instance_id"": ""8057035535632679842"", ""resource_project_id"": ""proyecto-2-cloud-509714"", ""resource_type"": ""gce_instance"", ""resource_zone"": ""us-central1-a"", ""vm"": ""8057035535632679842""}",1691648
2026-09-27T02:43:29.744529Z,"{""command"": ""sh"", ""command_line"": ""/bin/sh /init"", ""owner"": ""root"", ""pid"": ""6381"", ""process"": ""all"", ""resource_instance_id"": ""8057035535632679842"", ""resource_project_id"": ""proyecto-2-cloud-509714"", ""resource_type"": ""gce_instance"", ""resource_zone"": ""us-central1-a"", ""vm"": ""8057035535632679842""}",1691648
2026-09-27T02:42:59.737387Z,"{""command"": ""sh"", ""command_line"": ""/bin/sh /init"", ""owner"": ""root"", ""pid"": ""6381"", ""process"": ""all"", ""resource_instance_id"": ""8057035535632679842"", ""resource_project_id"": ""proyecto-2-cloud-509714"", ""resource_type"": ""gce_instance"", ""resource_zone"": ""us-central1-a"", ""vm"": ""8057035535632679842""}",1691648
2026-09-27T02:42:29.763322Z,"{""command"": ""sh"", ""command_line"": ""/bin/sh /init"", ""owner"": ""root"", ""pid"": ""6381"", ""process"": ""all"", ""resource_instance_id"": ""8057035535632679842"", ""resource_project_id"": ""proyecto-2-cloud-509714"", ""resource_type"": ""gce_instance"", ""resource_zone"": ""us-central1-a"", ""vm"": ""8057035535632679842""}",1691648
2026-09-27T02:41:59.741123Z,"{""command"": ""sh"", ""command_line"": ""/bin/sh /init"", ""owner"": ""root"", ""pid"": ""6381"", ""process"": ""all"", ""resource_instance_id"": ""8057035535632679842"", ""resource_project_id"": ""proyecto-2-cloud-509714"", ""resource_type"": ""gce_instance"", ""resource_zone"": ""us-central1-a"", ""vm"": ""8057035535632679842""}",1691648
2026-09-27T02:41:29.744348Z,"{""command"": ""sh"", ""command_line"": ""/bin/sh /init"", ""owner"": ""root"", ""pid"": ""6381"", ""process"": ""all"", ""resource_instance_id"": ""8057035535632679842"", ""resource_project_id"": ""proyecto-2-cloud-509714"", ""resource_type"": ""gce_instance"", ""resource_zone"": ""us-central1-a"", ""vm"": ""8057035535632679842""}",1691648
2026-09-27T02:40:59.733145Z,"{""command"": ""sh"", ""command_line"": ""/bin/sh /init"", ""owner"": ""root"", ""pid"": ""6381"", ""process"": ""all"", ""resource_instance_id"": ""8057035535632679842"", ""resource_project_id"": ""proyecto-2-cloud-509714"", ""resource_type"": ""gce_instance"", ""resource_zone"": ""us-central1-a"", ""vm"": ""8057035535632679842""}",1691648
2026-09-27T02:40:29.730358Z,"{""command"": ""sh"", ""command_line"": ""/bin/sh /init"", ""owner"": ""root"", ""pid"": ""6381"", ""process"": ""all"", ""resource_instance_id"": ""8057035535632679842"", ""resource_project_id"": ""proyecto-2-cloud-509714"", ""resource_type"": ""gce_instance"", ""resource_zone"": ""us-central1-a"", ""vm"": ""8057035535632679842""}",1691648
2026-09-27T02:39:59.740372Z,"{""command"": ""sh"", ""command_line"": ""/bin/sh /init"", ""owner"": ""root"", ""pid"": ""6381"", ""process"": ""all"", ""resource_instance_id"": ""8057035535632679842"", ""resource_project_id"": ""proyecto-2-cloud-509714"", ""resource_type"": ""gce_instance"", ""resource_zone"": ""us-central1-a"", ""vm"": ""8057035535632679842""}",1691648
2026-09-27T02:39:29.732044Z,"{""command"": ""sh"", ""command_line"": ""/bin/sh /init"", ""owner"": ""root"", ""pid"": ""6381"", ""process"": ""all"", ""resource_instance_id"": ""8057035535632679842"", ""resource_project_id"": ""proyecto-2-cloud-509714"", ""resource_type"": ""gce_instance"", ""resource_zone"": ""us-central1-a"", ""vm"": ""8057035535632679842""}",1691648
2026-09-27T02:38:59.739094Z,"{""command"": ""sh"", ""command_line"": ""/bin/sh /init"", ""owner"": ""root"", ""pid"": ""6381"", ""process"": ""all"", ""resource_instance_id"": ""8057035535632679842"", ""resource_project_id"": ""proyecto-2-cloud-509714"", ""resource_type"": ""gce_instance"", ""resource_zone"": ""us-central1-a"", ""vm"": ""8057035535632679842""}",1691648
2026-09-27T02:38:29.729170Z,"{""command"": ""sh"", ""command_line"": ""/bin/sh /init"", ""owner"": ""root"", ""pid"": ""6381"", ""process"": ""all"", ""resource_instance_id"": ""8057035535632679842"", ""resource_project_id"": ""proyecto-2-cloud-509714"", ""resource_type"": ""gce_instance"", ""resource_zone"": ""us-central1-a"", ""vm"": ""8057035535632679842""}",1691648
2026-09-27T02:37:59.739848Z,"{""command"": ""sh"", ""command_line"": ""/bin/sh /init"", ""owner"": ""root"", ""pid"": ""6381"", ""process"": ""all"", ""resource_instance_id"": ""8057035535632679842"", ""resource_project_id"": ""proyecto-2-cloud-509714"", ""resource_type"": ""gce_instance"", ""resource_zone"": ""us-central1-a"", ""vm"": ""8057035535632679842""}",1691648
2026-09-27T02:37:29.734108Z,"{""command"": ""sh"", ""command_line"": ""/bin/sh /init"", ""owner"": ""root"", ""pid"": ""6381"", ""process"": ""all"", ""resource_instance_id"": ""8057035535632679842"", ""resource_project_id"": ""proyecto-2-cloud-509714"", ""resource_type"": ""gce_instance"", ""resource_zone"": ""us-central1-a"", ""vm"": ""8057035535632679842""}",1691648
2026-09-27T02:36:59.742074Z,"{""command"": ""sh"", ""command_line"": ""/bin/sh /init"", ""owner"": ""root"", ""pid"": ""6381"", ""process"": ""all"", ""resource_instance_id"": ""8057035535632679842"", ""resource_project_id"": ""proyecto-2-cloud-509714"", ""resource_type"": ""gce_instance"", ""resource_zone"": ""us-central1-a"", ""vm"": ""8057035535632679842""}",1691648
2026-09-27T02:36:29.737708Z,"{""command"": ""sh"", ""command_line"": ""/bin/sh /init"", ""owner"": ""root"", ""pid"": ""6381"", ""process"": ""all"", ""resource_instance_id"": ""8057035535632679842"", ""resource_project_id"": ""proyecto-2-cloud-509714"", ""resource_type"": ""gce_instance"", ""resource_zone"": ""us-central1-a"", ""vm"": ""8057035535632679842""}",1691648
2026-09-27T02:35:59.730301Z,"{""command"": ""sh"", ""command_line"": ""/bin/sh /init"", ""owner"": ""root"", ""pid"": ""6381"", ""process"": ""all"", ""resource_instance_id"": ""8057035535632679842"", ""resource_project_id"": ""proyecto-2-cloud-509714"", ""resource_type"": ""gce_instance"", ""resource_zone"": ""us-central1-a"", ""vm"": ""8057035535632679842""}",1691648
2026-09-27T02:35:29.727459Z,"{""command"": ""sh"", ""command_line"": ""/bin/sh /init"", ""owner"": ""root"", ""pid"": ""6381"", ""process"": ""all"", ""resource_instance_id"": ""8057035535632679842"", ""resource_project_id"": ""proyecto-2-cloud-509714"", ""resource_type"": ""gce_instance"", ""resource_zone"": ""us-central1-a"", ""vm"": ""8057035535632679842""}",1691648
2026-09-27T02:34:59.733832Z,"{""command"": ""sh"", ""command_line"": ""/bin/sh /init"", ""owner"": ""root"", ""pid"": ""6381"", ""process"": ""all"", ""resource_instance_id"": ""8057035535632679842"", ""resource_project_id"": ""proyecto-2-cloud-509714"", ""resource_type"": ""gce_instance"", ""resource_zone"": ""us-central1-a"", ""vm"": ""8057035535632679842""}",1691648
2026-09-27T02:34:29.733509Z,"{""command"": ""sh"", ""command_line"": ""/bin/sh /init"", ""owner"": ""root"", ""pid"": ""6381"", ""process"": ""all"", ""resource_instance_id"": ""8057035535632679842"", ""resource_project_id"": ""proyecto-2-cloud-509714"", ""resource_type"": ""gce_instance"", ""resource_zone"": ""us-central1-a"", ""vm"": ""8057035535632679842""}",1691648
2026-09-27T02:33:59.739450Z,"{""command"": ""sh"", ""command_line"": ""/bin/sh /init"", ""owner"": ""root"", ""pid"": ""6381"", ""process"": ""all"", ""resource_instance_id"": ""8057035535632679842"", ""resource_project_id"": ""proyecto-2-cloud-509714"", ""resource_type"": ""gce_instance"", ""resource_zone"": ""us-central1-a"", ""vm"": ""8057035535632679842""}",1691648
2026-09-27T02:33:29.728320Z,"{""command"": ""sh"", ""command_line"": ""/bin/sh /init"", ""owner"": ""root"", ""pid"": ""6381"", ""process"": ""all"", ""resource_instance_id"": ""8057035535632679842"", ""resource_project_id"": ""proyecto-2-cloud-509714"", ""resource_type"": ""gce_instance"", ""resource_zone"": ""us-central1-a"", ""vm"": ""8057035535632679842""}",1691648
2026-09-27T02:32:59.745870Z,"{""command"": ""sh"", ""command_line"": ""/bin/sh /init"", ""owner"": ""root"", ""pid"": ""6381"", ""process"": ""all"", ""resource_instance_id"": ""8057035535632679842"", ""resource_project_id"": ""proyecto-2-cloud-509714"", ""resource_type"": ""gce_instance"", ""resource_zone"": ""us-central1-a"", ""vm"": ""8057035535632679842""}",1691648
2026-09-27T02:32:29.737423Z,"{""command"": ""sh"", ""command_line"": ""/bin/sh /init"", ""owner"": ""root"", ""pid"": ""6381"", ""process"": ""all"", ""resource_instance_id"": ""8057035535632679842"", ""resource_project_id"": ""proyecto-2-cloud-509714"", ""resource_type"": ""gce_instance"", ""resource_zone"": ""us-central1-a"", ""vm"": ""8057035535632679842""}",1691648
2026-09-27T02:31:59.737243Z,"{""command"": ""sh"", ""command_line"": ""/bin/sh /init"", ""owner"": ""root"", ""pid"": ""6381"", ""process"": ""all"", ""resource_instance_id"": ""8057035535632679842"", ""resource_project_id"": ""proyecto-2-cloud-509714"", ""resource_type"": ""gce_instance"", ""resource_zone"": ""us-central1-a"", ""vm"": ""8057035535632679842""}",1691648
2026-09-27T02:31:29.731698Z,"{""command"": ""sh"", ""command_line"": ""/bin/sh /init"", ""owner"": ""root"", ""pid"": ""6381"", ""process"": ""all"", ""resource_instance_id"": ""8057035535632679842"", ""resource_project_id"": ""proyecto-2-cloud-509714"", ""resource_type"": ""gce_instance"", ""resource_zone"": ""us-central1-a"", ""vm"": ""8057035535632679842""}",1691648
2026-09-27T02:30:59.748285Z,"{""command"": ""sh"", ""command_line"": ""/bin/sh /init"", ""owner"": ""root"", ""pid"": ""6381"", ""process"": ""all"", ""resource_instance_id"": ""8057035535632679842"", ""resource_project_id"": ""proyecto-2-cloud-509714"", ""resource_type"": ""gce_instance"", ""resource_zone"": ""us-central1-a"", ""vm"": ""8057035535632679842""}",1691648
2026-09-27T02:30:29.742788Z,"{""command"": ""sh"", ""command_line"": ""/bin/sh /init"", ""owner"": ""root"", ""pid"": ""6381"", ""process"": ""all"", ""resource_instance_id"": ""8057035535632679842"", ""resource_project_id"": ""proyecto-2-cloud-509714"", ""resource_type"": ""gce_instance"", ""resource_zone"": ""us-central1-a"", ""vm"": ""8057035535632679842""}",1691648
2026-09-27T02:30:22.329566Z,"{""command"": ""sh"", ""command_line"": ""/bin/sh /init"", ""owner"": ""root"", ""pid"": ""6381"", ""process"": ""all"", ""resource_instance_id"": ""8057035535632679842"", ""resource_project_id"": ""proyecto-2-cloud-509714"", ""resource_type"": ""gce_instance"", ""resource_zone"": ""us-central1-a"", ""vm"": ""8057035535632679842""}",1691648
2026-09-27T02:34:29.734791Z,"{""command"": ""sleep"", ""command_line"": ""sleep 1"", ""owner"": ""root"", ""pid"": ""10055"", ""process"": ""all"", ""resource_instance_id"": ""8057035535632679842"", ""resource_project_id"": ""proyecto-2-cloud-509714"", ""resource_type"": ""gce_instance"", ""resource_zone"": ""us-central1-a"", ""vm"": ""8057035535632679842""}",1667072
2026-09-27T02:34:59.735751Z,"{""command"": ""sleep"", ""command_line"": ""sleep 1"", ""owner"": ""root"", ""pid"": ""10111"", ""process"": ""all"", ""resource_instance_id"": ""8057035535632679842"", ""resource_project_id"": ""proyecto-2-cloud-509714"", ""resource_type"": ""gce_instance"", ""resource_zone"": ""us-central1-a"", ""vm"": ""8057035535632679842""}",1667072
2026-09-27T02:35:29.728238Z,"{""command"": ""sleep"", ""command_line"": ""sleep 1"", ""owner"": ""root"", ""pid"": ""10173"", ""process"": ""all"", ""resource_instance_id"": ""8057035535632679842"", ""resource_project_id"": ""proyecto-2-cloud-509714"", ""resource_type"": ""gce_instance"", ""resource_zone"": ""us-central1-a"", ""vm"": ""8057035535632679842""}",1667072
2026-09-27T02:35:59.731598Z,"{""command"": ""sleep"", ""command_line"": ""sleep 1"", ""owner"": ""root"", ""pid"": ""10230"", ""process"": ""all"", ""resource_instance_id"": ""8057035535632679842"", ""resource_project_id"": ""proyecto-2-cloud-509714"", ""resource_type"": ""gce_instance"", ""resource_zone"": ""us-central1-a"", ""vm"": ""8057035535632679842""}",1667072
2026-09-27T02:36:29.739015Z,"{""command"": ""sleep"", ""command_line"": ""sleep 1"", ""owner"": ""root"", ""pid"": ""10290"", ""process"": ""all"", ""resource_instance_id"": ""8057035535632679842"", ""resource_project_id"": ""proyecto-2-cloud-509714"", ""resource_type"": ""gce_instance"", ""resource_zone"": ""us-central1-a"", ""vm"": ""8057035535632679842""}",1667072
2026-09-27T02:36:59.743096Z,"{""command"": ""sleep"", ""command_line"": ""sleep 1"", ""owner"": ""root"", ""pid"": ""10346"", ""process"": ""all"", ""resource_instance_id"": ""8057035535632679842"", ""resource_project_id"": ""proyecto-2-cloud-509714"", ""resource_type"": ""gce_instance"", ""resource_zone"": ""us-central1-a"", ""vm"": ""8057035535632679842""}",1667072
2026-09-27T02:37:29.734984Z,"{""command"": ""sleep"", ""command_line"": ""sleep 1"", ""owner"": ""root"", ""pid"": ""10406"", ""process"": ""all"", ""resource_instance_id"": ""8057035535632679842"", ""resource_project_id"": ""proyecto-2-cloud-509714"", ""resource_type"": ""gce_instance"", ""resource_zone"": ""us-central1-a"", ""vm"": ""8057035535632679842""}",1667072
2026-09-27T02:37:59.740708Z,"{""command"": ""sleep"", ""command_line"": ""sleep 1"", ""owner"": ""root"", ""pid"": ""10466"", ""process"": ""all"", ""resource_instance_id"": ""8057035535632679842"", ""resource_project_id"": ""proyecto-2-cloud-509714"", ""resource_type"": ""gce_instance"", ""resource_zone"": ""us-central1-a"", ""vm"": ""8057035535632679842""}",1667072
2026-09-27T02:38:29.729975Z,"{""command"": ""sleep"", ""command_line"": ""sleep 1"", ""owner"": ""root"", ""pid"": ""10526"", ""process"": ""all"", ""resource_instance_id"": ""8057035535632679842"", ""resource_project_id"": ""proyecto-2-cloud-509714"", ""resource_type"": ""gce_instance"", ""resource_zone"": ""us-central1-a"", ""vm"": ""8057035535632679842""}",1667072
2026-09-27T02:38:59.740521Z,"{""command"": ""sleep"", ""command_line"": ""sleep 1"", ""owner"": ""root"", ""pid"": ""10582"", ""process"": ""all"", ""resource_instance_id"": ""8057035535632679842"", ""resource_project_id"": ""proyecto-2-cloud-509714"", ""resource_type"": ""gce_instance"", ""resource_zone"": ""us-central1-a"", ""vm"": ""8057035535632679842""}",1667072
2026-09-27T02:39:29.732891Z,"{""command"": ""sleep"", ""command_line"": ""sleep 1"", ""owner"": ""root"", ""pid"": ""10642"", ""process"": ""all"", ""resource_instance_id"": ""8057035535632679842"", ""resource_project_id"": ""proyecto-2-cloud-509714"", ""resource_type"": ""gce_instance"", ""resource_zone"": ""us-central1-a"", ""vm"": ""8057035535632679842""}",1667072
2026-09-27T02:39:59.743151Z,"{""command"": ""sleep"", ""command_line"": ""sleep 1"", ""owner"": ""root"", ""pid"": ""10698"", ""process"": ""all"", ""resource_instance_id"": ""8057035535632679842"", ""resource_project_id"": ""proyecto-2-cloud-509714"", ""resource_type"": ""gce_instance"", ""resource_zone"": ""us-central1-a"", ""vm"": ""8057035535632679842""}",1667072
2026-09-27T02:40:29.731232Z,"{""command"": ""sleep"", ""command_line"": ""sleep 1"", ""owner"": ""root"", ""pid"": ""10759"", ""process"": ""all"", ""resource_instance_id"": ""8057035535632679842"", ""resource_project_id"": ""proyecto-2-cloud-509714"", ""resource_type"": ""gce_instance"", ""resource_zone"": ""us-central1-a"", ""vm"": ""8057035535632679842""}",1667072
2026-09-27T02:40:59.735148Z,"{""command"": ""sleep"", ""command_line"": ""sleep 1"", ""owner"": ""root"", ""pid"": ""10931"", ""process"": ""all"", ""resource_instance_id"": ""8057035535632679842"", ""resource_project_id"": ""proyecto-2-cloud-509714"", ""resource_type"": ""gce_instance"", ""resource_zone"": ""us-central1-a"", ""vm"": ""8057035535632679842""}",1667072
2026-09-27T02:41:29.746177Z,"{""command"": ""sleep"", ""command_line"": ""sleep 1"", ""owner"": ""root"", ""pid"": ""10990"", ""process"": ""all"", ""resource_instance_id"": ""8057035535632679842"", ""resource_project_id"": ""proyecto-2-cloud-509714"", ""resource_type"": ""gce_instance"", ""resource_zone"": ""us-central1-a"", ""vm"": ""8057035535632679842""}",1667072
2026-09-27T02:41:59.742790Z,"{""command"": ""sleep"", ""command_line"": ""sleep 1"", ""owner"": ""root"", ""pid"": ""11047"", ""process"": ""all"", ""resource_instance_id"": ""8057035535632679842"", ""resource_project_id"": ""proyecto-2-cloud-509714"", ""resource_type"": ""gce_instance"", ""resource_zone"": ""us-central1-a"", ""vm"": ""8057035535632679842""}",1667072
2026-09-27T02:42:29.764593Z,"{""command"": ""sleep"", ""command_line"": ""sleep 1"", ""owner"": ""root"", ""pid"": ""11107"", ""process"": ""all"", ""resource_instance_id"": ""8057035535632679842"", ""resource_project_id"": ""proyecto-2-cloud-509714"", ""resource_type"": ""gce_instance"", ""resource_zone"": ""us-central1-a"", ""vm"": ""8057035535632679842""}",1667072
2026-09-27T02:42:59.738978Z,"{""command"": ""sleep"", ""command_line"": ""sleep 1"", ""owner"": ""root"", ""pid"": ""11167"", ""process"": ""all"", ""resource_instance_id"": ""8057035535632679842"", ""resource_project_id"": ""proyecto-2-cloud-509714"", ""resource_type"": ""gce_instance"", ""resource_zone"": ""us-central1-a"", ""vm"": ""8057035535632679842""}",1667072
2026-09-27T02:43:29.746651Z,"{""command"": ""sleep"", ""command_line"": ""sleep 1"", ""owner"": ""root"", ""pid"": ""11225"", ""process"": ""all"", ""resource_instance_id"": ""8057035535632679842"", ""resource_project_id"": ""proyecto-2-cloud-509714"", ""resource_type"": ""gce_instance"", ""resource_zone"": ""us-central1-a"", ""vm"": ""8057035535632679842""}",1667072
2026-09-27T02:43:59.744584Z,"{""command"": ""sleep"", ""command_line"": ""sleep 1"", ""owner"": ""root"", ""pid"": ""11300"", ""process"": ""all"", ""resource_instance_id"": ""8057035535632679842"", ""resource_project_id"": ""proyecto-2-cloud-509714"", ""resource_type"": ""gce_instance"", ""resource_zone"": ""us-central1-a"", ""vm"": ""8057035535632679842""}",1667072
2026-09-27T02:44:29.742524Z,"{""command"": ""sleep"", ""command_line"": ""sleep 1"", ""owner"": ""root"", ""pid"": ""11357"", ""process"": ""all"", ""resource_instance_id"": ""8057035535632679842"", ""resource_project_id"": ""proyecto-2-cloud-509714"", ""resource_type"": ""gce_instance"", ""resource_zone"": ""us-central1-a"", ""vm"": ""8057035535632679842""}",1667072
2026-09-27T02:44:59.745713Z,"{""command"": ""sleep"", ""command_line"": ""sleep 1"", ""owner"": ""root"", ""pid"": ""11422"", ""process"": ""all"", ""resource_instance_id"": ""8057035535632679842"", ""resource_project_id"": ""proyecto-2-cloud-509714"", ""resource_type"": ""gce_instance"", ""resource_zone"": ""us-central1-a"", ""vm"": ""8057035535632679842""}",1667072
2026-09-27T02:45:29.739784Z,"{""command"": ""sleep"", ""command_line"": ""sleep 1"", ""owner"": ""root"", ""pid"": ""11477"", ""process"": ""all"", ""resource_instance_id"": ""8057035535632679842"", ""resource_project_id"": ""proyecto-2-cloud-509714"", ""resource_type"": ""gce_instance"", ""resource_zone"": ""us-central1-a"", ""vm"": ""8057035535632679842""}",1667072
2026-09-27T02:45:59.733859Z,"{""command"": ""sleep"", ""command_line"": ""sleep 1"", ""owner"": ""root"", ""pid"": ""11539"", ""process"": ""all"", ""resource_instance_id"": ""8057035535632679842"", ""resource_project_id"": ""proyecto-2-cloud-509714"", ""resource_type"": ""gce_instance"", ""resource_zone"": ""us-central1-a"", ""vm"": ""8057035535632679842""}",1667072
2026-09-27T02:46:29.743176Z,"{""command"": ""sleep"", ""command_line"": ""sleep 1"", ""owner"": ""root"", ""pid"": ""11596"", ""process"": ""all"", ""resource_instance_id"": ""8057035535632679842"", ""resource_project_id"": ""proyecto-2-cloud-509714"", ""resource_type"": ""gce_instance"", ""resource_zone"": ""us-central1-a"", ""vm"": ""8057035535632679842""}",1667072
2026-09-27T02:46:59.745821Z,"{""command"": ""sleep"", ""command_line"": ""sleep 1"", ""owner"": ""root"", ""pid"": ""11657"", ""process"": ""all"", ""resource_instance_id"": ""8057035535632679842"", ""resource_project_id"": ""proyecto-2-cloud-509714"", ""resource_type"": ""gce_instance"", ""resource_zone"": ""us-central1-a"", ""vm"": ""8057035535632679842""}",1667072
2026-09-27T02:47:29.735019Z,"{""command"": ""sleep"", ""command_line"": ""sleep 1"", ""owner"": ""root"", ""pid"": ""11712"", ""process"": ""all"", ""resource_instance_id"": ""8057035535632679842"", ""resource_project_id"": ""proyecto-2-cloud-509714"", ""resource_type"": ""gce_instance"", ""resource_zone"": ""us-central1-a"", ""vm"": ""8057035535632679842""}",1667072
2026-09-27T02:47:59.737865Z,"{""command"": ""sleep"", ""command_line"": ""sleep 1"", ""owner"": ""root"", ""pid"": ""11773"", ""process"": ""all"", ""resource_instance_id"": ""8057035535632679842"", ""resource_project_id"": ""proyecto-2-cloud-509714"", ""resource_type"": ""gce_instance"", ""resource_zone"": ""us-central1-a"", ""vm"": ""8057035535632679842""}",1667072
2026-09-27T02:48:29.741505Z,"{""command"": ""sleep"", ""command_line"": ""sleep 1"", ""owner"": ""root"", ""pid"": ""11833"", ""process"": ""all"", ""resource_instance_id"": ""8057035535632679842"", ""resource_project_id"": ""proyecto-2-cloud-509714"", ""resource_type"": ""gce_instance"", ""resource_zone"": ""us-central1-a"", ""vm"": ""8057035535632679842""}",1667072
2026-09-27T02:48:59.735012Z,"{""command"": ""sleep"", ""command_line"": ""sleep 1"", ""owner"": ""root"", ""pid"": ""11897"", ""process"": ""all"", ""resource_instance_id"": ""8057035535632679842"", ""resource_project_id"": ""proyecto-2-cloud-509714"", ""resource_type"": ""gce_instance"", ""resource_zone"": ""us-central1-a"", ""vm"": ""8057035535632679842""}",1667072
2026-09-27T02:49:29.738953Z,"{""command"": ""sleep"", ""command_line"": ""sleep 1"", ""owner"": ""root"", ""pid"": ""11957"", ""process"": ""all"", ""resource_instance_id"": ""8057035535632679842"", ""resource_project_id"": ""proyecto-2-cloud-509714"", ""resource_type"": ""gce_instance"", ""resource_zone"": ""us-central1-a"", ""vm"": ""8057035535632679842""}",1667072
2026-09-27T02:30:22.330644Z,"{""command"": ""sleep"", ""command_line"": ""sleep 1"", ""owner"": ""root"", ""pid"": ""8635"", ""process"": ""all"", ""resource_instance_id"": ""8057035535632679842"", ""resource_project_id"": ""proyecto-2-cloud-509714"", ""resource_type"": ""gce_instance"", ""resource_zone"": ""us-central1-a"", ""vm"": ""8057035535632679842""}",1667072
2026-09-27T02:30:29.743712Z,"{""command"": ""sleep"", ""command_line"": ""sleep 1"", ""owner"": ""root"", ""pid"": ""8785"", ""process"": ""all"", ""resource_instance_id"": ""8057035535632679842"", ""resource_project_id"": ""proyecto-2-cloud-509714"", ""resource_type"": ""gce_instance"", ""resource_zone"": ""us-central1-a"", ""vm"": ""8057035535632679842""}",1667072
2026-09-27T02:30:59.749273Z,"{""command"": ""sleep"", ""command_line"": ""sleep 1"", ""owner"": ""root"", ""pid"": ""8953"", ""process"": ""all"", ""resource_instance_id"": ""8057035535632679842"", ""resource_project_id"": ""proyecto-2-cloud-509714"", ""resource_type"": ""gce_instance"", ""resource_zone"": ""us-central1-a"", ""vm"": ""8057035535632679842""}",1667072
2026-09-27T02:31:29.732640Z,"{""command"": ""sleep"", ""command_line"": ""sleep 1"", ""owner"": ""root"", ""pid"": ""9116"", ""process"": ""all"", ""resource_instance_id"": ""8057035535632679842"", ""resource_project_id"": ""proyecto-2-cloud-509714"", ""resource_type"": ""gce_instance"", ""resource_zone"": ""us-central1-a"", ""vm"": ""8057035535632679842""}",1667072
2026-09-27T02:31:59.738076Z,"{""command"": ""sleep"", ""command_line"": ""sleep 1"", ""owner"": ""root"", ""pid"": ""9277"", ""process"": ""all"", ""resource_instance_id"": ""8057035535632679842"", ""resource_project_id"": ""proyecto-2-cloud-509714"", ""resource_type"": ""gce_instance"", ""resource_zone"": ""us-central1-a"", ""vm"": ""8057035535632679842""}",1667072
2026-09-27T02:32:29.738367Z,"{""command"": ""sleep"", ""command_line"": ""sleep 1"", ""owner"": ""root"", ""pid"": ""9445"", ""process"": ""all"", ""resource_instance_id"": ""8057035535632679842"", ""resource_project_id"": ""proyecto-2-cloud-509714"", ""resource_type"": ""gce_instance"", ""resource_zone"": ""us-central1-a"", ""vm"": ""8057035535632679842""}",1667072
2026-09-27T02:32:59.747172Z,"{""command"": ""sleep"", ""command_line"": ""sleep 1"", ""owner"": ""root"", ""pid"": ""9609"", ""process"": ""all"", ""resource_instance_id"": ""8057035535632679842"", ""resource_project_id"": ""proyecto-2-cloud-509714"", ""resource_type"": ""gce_instance"", ""resource_zone"": ""us-central1-a"", ""vm"": ""8057035535632679842""}",1667072
2026-09-27T02:33:29.729110Z,"{""command"": ""sleep"", ""command_line"": ""sleep 1"", ""owner"": ""root"", ""pid"": ""9774"", ""process"": ""all"", ""resource_instance_id"": ""8057035535632679842"", ""resource_project_id"": ""proyecto-2-cloud-509714"", ""resource_type"": ""gce_instance"", ""resource_zone"": ""us-central1-a"", ""vm"": ""8057035535632679842""}",1667072
2026-09-27T02:33:59.740362Z,"{""command"": ""sleep"", ""command_line"": ""sleep 1"", ""owner"": ""root"", ""pid"": ""9934"", ""process"": ""all"", ""resource_instance_id"": ""8057035535632679842"", ""resource_project_id"": ""proyecto-2-cloud-509714"", ""resource_type"": ""gce_instance"", ""resource_zone"": ""us-central1-a"", ""vm"": ""8057035535632679842""}",1667072
2026-09-27T02:49:59.734170Z,"{""command"": ""slub_flushwq"", ""command_line"": """", ""owner"": ""root"", ""pid"": ""5"", ""process"": ""all"", ""resource_instance_id"": ""8057035535632679842"", ""resource_project_id"": ""proyecto-2-cloud-509714"", ""resource_type"": ""gce_instance"", ""resource_zone"": ""us-central1-a"", ""vm"": ""8057035535632679842""}",0
2026-09-27T02:49:29.732247Z,"{""command"": ""slub_flushwq"", ""command_line"": """", ""owner"": ""root"", ""pid"": ""5"", ""process"": ""all"", ""resource_instance_id"": ""8057035535632679842"", ""resource_project_id"": ""proyecto-2-cloud-509714"", ""resource_type"": ""gce_instance"", ""resource_zone"": ""us-central1-a"", ""vm"": ""8057035535632679842""}",0
2026-09-27T02:48:59.727480Z,"{""command"": ""slub_flushwq"", ""command_line"": """", ""owner"": ""root"", ""pid"": ""5"", ""process"": ""all"", ""resource_instance_id"": ""8057035535632679842"", ""resource_project_id"": ""proyecto-2-cloud-509714"", ""resource_type"": ""gce_instance"", ""resource_zone"": ""us-central1-a"", ""vm"": ""8057035535632679842""}",0
2026-09-27T02:48:29.733043Z,"{""command"": ""slub_flushwq"", ""command_line"": """", ""owner"": ""root"", ""pid"": ""5"", ""process"": ""all"", ""resource_instance_id"": ""8057035535632679842"", ""resource_project_id"": ""proyecto-2-cloud-509714"", ""resource_type"": ""gce_instance"", ""resource_zone"": ""us-central1-a"", ""vm"": ""8057035535632679842""}",0
2026-09-27T02:47:59.731818Z,"{""command"": ""slub_flushwq"", ""command_line"": """", ""owner"": ""root"", ""pid"": ""5"", ""process"": ""all"", ""resource_instance_id"": ""8057035535632679842"", ""resource_project_id"": ""proyecto-2-cloud-509714"", ""resource_type"": ""gce_instance"", ""resource_zone"": ""us-central1-a"", ""vm"": ""8057035535632679842""}",0
2026-09-27T02:47:29.727370Z,"{""command"": ""slub_flushwq"", ""command_line"": """", ""owner"": ""root"", ""pid"": ""5"", ""process"": ""all"", ""resource_instance_id"": ""8057035535632679842"", ""resource_project_id"": ""proyecto-2-cloud-509714"", ""resource_type"": ""gce_instance"", ""resource_zone"": ""us-central1-a"", ""vm"": ""8057035535632679842""}",0
2026-09-27T02:46:59.738466Z,"{""command"": ""slub_flushwq"", ""command_line"": """", ""owner"": ""root"", ""pid"": ""5"", ""process"": ""all"", ""resource_instance_id"": ""8057035535632679842"", ""resource_project_id"": ""proyecto-2-cloud-509714"", ""resource_type"": ""gce_instance"", ""resource_zone"": ""us-central1-a"", ""vm"": ""8057035535632679842""}",0
2026-09-27T02:46:29.733518Z,"{""command"": ""slub_flushwq"", ""command_line"": """", ""owner"": ""root"", ""pid"": ""5"", ""process"": ""all"", ""resource_instance_id"": ""8057035535632679842"", ""resource_project_id"": ""proyecto-2-cloud-509714"", ""resource_type"": ""gce_instance"", ""resource_zone"": ""us-central1-a"", ""vm"": ""8057035535632679842""}",0
2026-09-27T02:45:59.728403Z,"{""command"": ""slub_flushwq"", ""command_line"": """", ""owner"": ""root"", ""pid"": ""5"", ""process"": ""all"", ""resource_instance_id"": ""8057035535632679842"", ""resource_project_id"": ""proyecto-2-cloud-509714"", ""resource_type"": ""gce_instance"", ""resource_zone"": ""us-central1-a"", ""vm"": ""8057035535632679842""}",0
2026-09-27T02:45:29.734194Z,"{""command"": ""slub_flushwq"", ""command_line"": """", ""owner"": ""root"", ""pid"": ""5"", ""process"": ""all"", ""resource_instance_id"": ""8057035535632679842"", ""resource_project_id"": ""proyecto-2-cloud-509714"", ""resource_type"": ""gce_instance"", ""resource_zone"": ""us-central1-a"", ""vm"": ""8057035535632679842""}",0
2026-09-27T02:44:59.739365Z,"{""command"": ""slub_flushwq"", ""command_line"": """", ""owner"": ""root"", ""pid"": ""5"", ""process"": ""all"", ""resource_instance_id"": ""8057035535632679842"", ""resource_project_id"": ""proyecto-2-cloud-509714"", ""resource_type"": ""gce_instance"", ""resource_zone"": ""us-central1-a"", ""vm"": ""8057035535632679842""}",0
2026-09-27T02:44:29.736363Z,"{""command"": ""slub_flushwq"", ""command_line"": """", ""owner"": ""root"", ""pid"": ""5"", ""process"": ""all"", ""resource_instance_id"": ""8057035535632679842"", ""resource_project_id"": ""proyecto-2-cloud-509714"", ""resource_type"": ""gce_instance"", ""resource_zone"": ""us-central1-a"", ""vm"": ""8057035535632679842""}",0
2026-09-27T02:43:59.737945Z,"{""command"": ""slub_flushwq"", ""command_line"": """", ""owner"": ""root"", ""pid"": ""5"", ""process"": ""all"", ""resource_instance_id"": ""8057035535632679842"", ""resource_project_id"": ""proyecto-2-cloud-509714"", ""resource_type"": ""gce_instance"", ""resource_zone"": ""us-central1-a"", ""vm"": ""8057035535632679842""}",0
2026-09-27T02:43:29.736789Z,"{""command"": ""slub_flushwq"", ""command_line"": """", ""owner"": ""root"", ""pid"": ""5"", ""process"": ""all"", ""resource_instance_id"": ""8057035535632679842"", ""resource_project_id"": ""proyecto-2-cloud-509714"", ""resource_type"": ""gce_instance"", ""resource_zone"": ""us-central1-a"", ""vm"": ""8057035535632679842""}",0
2026-09-27T02:42:59.732387Z,"{""command"": ""slub_flushwq"", ""command_line"": """", ""owner"": ""root"", ""pid"": ""5"", ""process"": ""all"", ""resource_instance_id"": ""8057035535632679842"", ""resource_project_id"": ""proyecto-2-cloud-509714"", ""resource_type"": ""gce_instance"", ""resource_zone"": ""us-central1-a"", ""vm"": ""8057035535632679842""}",0
2026-09-27T02:42:29.757140Z,"{""command"": ""slub_flushwq"", ""command_line"": """", ""owner"": ""root"", ""pid"": ""5"", ""process"": ""all"", ""resource_instance_id"": ""8057035535632679842"", ""resource_project_id"": ""proyecto-2-cloud-509714"", ""resource_type"": ""gce_instance"", ""resource_zone"": ""us-central1-a"", ""vm"": ""8057035535632679842""}",0
2026-09-27T02:41:59.735279Z,"{""command"": ""slub_flushwq"", ""command_line"": """", ""owner"": ""root"", ""pid"": ""5"", ""process"": ""all"", ""resource_instance_id"": ""8057035535632679842"", ""resource_project_id"": ""proyecto-2-cloud-509714"", ""resource_type"": ""gce_instance"", ""resource_zone"": ""us-central1-a"", ""vm"": ""8057035535632679842""}",0
2026-09-27T02:41:29.739445Z,"{""command"": ""slub_flushwq"", ""command_line"": """", ""owner"": ""root"", ""pid"": ""5"", ""process"": ""all"", ""resource_instance_id"": ""8057035535632679842"", ""resource_project_id"": ""proyecto-2-cloud-509714"", ""resource_type"": ""gce_instance"", ""resource_zone"": ""us-central1-a"", ""vm"": ""8057035535632679842""}",0
2026-09-27T02:40:59.727313Z,"{""command"": ""slub_flushwq"", ""command_line"": """", ""owner"": ""root"", ""pid"": ""5"", ""process"": ""all"", ""resource_instance_id"": ""8057035535632679842"", ""resource_project_id"": ""proyecto-2-cloud-509714"", ""resource_type"": ""gce_instance"", ""resource_zone"": ""us-central1-a"", ""vm"": ""8057035535632679842""}",0
2026-09-27T02:40:29.725170Z,"{""command"": ""slub_flushwq"", ""command_line"": """", ""owner"": ""root"", ""pid"": ""5"", ""process"": ""all"", ""resource_instance_id"": ""8057035535632679842"", ""resource_project_id"": ""proyecto-2-cloud-509714"", ""resource_type"": ""gce_instance"", ""resource_zone"": ""us-central1-a"", ""vm"": ""8057035535632679842""}",0
2026-09-27T02:39:59.729361Z,"{""command"": ""slub_flushwq"", ""command_line"": """", ""owner"": ""root"", ""pid"": ""5"", ""process"": ""all"", ""resource_instance_id"": ""8057035535632679842"", ""resource_project_id"": ""proyecto-2-cloud-509714"", ""resource_type"": ""gce_instance"", ""resource_zone"": ""us-central1-a"", ""vm"": ""8057035535632679842""}",0
2026-09-27T02:39:29.727426Z,"{""command"": ""slub_flushwq"", ""command_line"": """", ""owner"": ""root"", ""pid"": ""5"", ""process"": ""all"", ""resource_instance_id"": ""8057035535632679842"", ""resource_project_id"": ""proyecto-2-cloud-509714"", ""resource_type"": ""gce_instance"", ""resource_zone"": ""us-central1-a"", ""vm"": ""8057035535632679842""}",0
2026-09-27T02:38:59.730949Z,"{""command"": ""slub_flushwq"", ""command_line"": """", ""owner"": ""root"", ""pid"": ""5"", ""process"": ""all"", ""resource_instance_id"": ""8057035535632679842"", ""resource_project_id"": ""proyecto-2-cloud-509714"", ""resource_type"": ""gce_instance"", ""resource_zone"": ""us-central1-a"", ""vm"": ""8057035535632679842""}",0
2026-09-27T02:38:29.723787Z,"{""command"": ""slub_flushwq"", ""command_line"": """", ""owner"": ""root"", ""pid"": ""5"", ""process"": ""all"", ""resource_instance_id"": ""8057035535632679842"", ""resource_project_id"": ""proyecto-2-cloud-509714"", ""resource_type"": ""gce_instance"", ""resource_zone"": ""us-central1-a"", ""vm"": ""8057035535632679842""}",0
2026-09-27T02:37:59.734893Z,"{""command"": ""slub_flushwq"", ""command_line"": """", ""owner"": ""root"", ""pid"": ""5"", ""process"": ""all"", ""resource_instance_id"": ""8057035535632679842"", ""resource_project_id"": ""proyecto-2-cloud-509714"", ""resource_type"": ""gce_instance"", ""resource_zone"": ""us-central1-a"", ""vm"": ""8057035535632679842""}",0
2026-09-27T02:37:29.727607Z,"{""command"": ""slub_flushwq"", ""command_line"": """", ""owner"": ""root"", ""pid"": ""5"", ""process"": ""all"", ""resource_instance_id"": ""8057035535632679842"", ""resource_project_id"": ""proyecto-2-cloud-509714"", ""resource_type"": ""gce_instance"", ""resource_zone"": ""us-central1-a"", ""vm"": ""8057035535632679842""}",0
2026-09-27T02:36:59.735154Z,"{""command"": ""slub_flushwq"", ""command_line"": """", ""owner"": ""root"", ""pid"": ""5"", ""process"": ""all"", ""resource_instance_id"": ""8057035535632679842"", ""resource_project_id"": ""proyecto-2-cloud-509714"", ""resource_type"": ""gce_instance"", ""resource_zone"": ""us-central1-a"", ""vm"": ""8057035535632679842""}",0
2026-09-27T02:36:29.729998Z,"{""command"": ""slub_flushwq"", ""command_line"": """", ""owner"": ""root"", ""pid"": ""5"", ""process"": ""all"", ""resource_instance_id"": ""8057035535632679842"", ""resource_project_id"": ""proyecto-2-cloud-509714"", ""resource_type"": ""gce_instance"", ""resource_zone"": ""us-central1-a"", ""vm"": ""8057035535632679842""}",0
2026-09-27T02:35:59.724176Z,"{""command"": ""slub_flushwq"", ""command_line"": """", ""owner"": ""root"", ""pid"": ""5"", ""process"": ""all"", ""resource_instance_id"": ""8057035535632679842"", ""resource_project_id"": ""proyecto-2-cloud-509714"", ""resource_type"": ""gce_instance"", ""resource_zone"": ""us-central1-a"", ""vm"": ""8057035535632679842""}",0
2026-09-27T02:35:29.723055Z,"{""command"": ""slub_flushwq"", ""command_line"": """", ""owner"": ""root"", ""pid"": ""5"", ""process"": ""all"", ""resource_instance_id"": ""8057035535632679842"", ""resource_project_id"": ""proyecto-2-cloud-509714"", ""resource_type"": ""gce_instance"", ""resource_zone"": ""us-central1-a"", ""vm"": ""8057035535632679842""}",0
2026-09-27T02:34:59.727387Z,"{""command"": ""slub_flushwq"", ""command_line"": """", ""owner"": ""root"", ""pid"": ""5"", ""process"": ""all"", ""resource_instance_id"": ""8057035535632679842"", ""resource_project_id"": ""proyecto-2-cloud-509714"", ""resource_type"": ""gce_instance"", ""resource_zone"": ""us-central1-a"", ""vm"": ""8057035535632679842""}",0
2026-09-27T02:34:29.727087Z,"{""command"": ""slub_flushwq"", ""command_line"": """", ""owner"": ""root"", ""pid"": ""5"", ""process"": ""all"", ""resource_instance_id"": ""8057035535632679842"", ""resource_project_id"": ""proyecto-2-cloud-509714"", ""resource_type"": ""gce_instance"", ""resource_zone"": ""us-central1-a"", ""vm"": ""8057035535632679842""}",0
2026-09-27T02:33:59.734096Z,"{""command"": ""slub_flushwq"", ""command_line"": """", ""owner"": ""root"", ""pid"": ""5"", ""process"": ""all"", ""resource_instance_id"": ""8057035535632679842"", ""resource_project_id"": ""proyecto-2-cloud-509714"", ""resource_type"": ""gce_instance"", ""resource_zone"": ""us-central1-a"", ""vm"": ""8057035535632679842""}",0
2026-09-27T02:33:29.723707Z,"{""command"": ""slub_flushwq"", ""command_line"": """", ""owner"": ""root"", ""pid"": ""5"", ""process"": ""all"", ""resource_instance_id"": ""8057035535632679842"", ""resource_project_id"": ""proyecto-2-cloud-509714"", ""resource_type"": ""gce_instance"", ""resource_zone"": ""us-central1-a"", ""vm"": ""8057035535632679842""}",0
2026-09-27T02:32:59.740633Z,"{""command"": ""slub_flushwq"", ""command_line"": """", ""owner"": ""root"", ""pid"": ""5"", ""process"": ""all"", ""resource_instance_id"": ""8057035535632679842"", ""resource_project_id"": ""proyecto-2-cloud-509714"", ""resource_type"": ""gce_instance"", ""resource_zone"": ""us-central1-a"", ""vm"": ""8057035535632679842""}",0
2026-09-27T02:32:29.731772Z,"{""command"": ""slub_flushwq"", ""command_line"": """", ""owner"": ""root"", ""pid"": ""5"", ""process"": ""all"", ""resource_instance_id"": ""8057035535632679842"", ""resource_project_id"": ""proyecto-2-cloud-509714"", ""resource_type"": ""gce_instance"", ""resource_zone"": ""us-central1-a"", ""vm"": ""8057035535632679842""}",0
2026-09-27T02:31:59.732129Z,"{""command"": ""slub_flushwq"", ""command_line"": """", ""owner"": ""root"", ""pid"": ""5"", ""process"": ""all"", ""resource_instance_id"": ""8057035535632679842"", ""resource_project_id"": ""proyecto-2-cloud-509714"", ""resource_type"": ""gce_instance"", ""resource_zone"": ""us-central1-a"", ""vm"": ""8057035535632679842""}",0
2026-09-27T02:31:29.726489Z,"{""command"": ""slub_flushwq"", ""command_line"": """", ""owner"": ""root"", ""pid"": ""5"", ""process"": ""all"", ""resource_instance_id"": ""8057035535632679842"", ""resource_project_id"": ""proyecto-2-cloud-509714"", ""resource_type"": ""gce_instance"", ""resource_zone"": ""us-central1-a"", ""vm"": ""8057035535632679842""}",0
2026-09-27T02:30:59.740432Z,"{""command"": ""slub_flushwq"", ""command_line"": """", ""owner"": ""root"", ""pid"": ""5"", ""process"": ""all"", ""resource_instance_id"": ""8057035535632679842"", ""resource_project_id"": ""proyecto-2-cloud-509714"", ""resource_type"": ""gce_instance"", ""resource_zone"": ""us-central1-a"", ""vm"": ""8057035535632679842""}",0
2026-09-27T02:30:29.736762Z,"{""command"": ""slub_flushwq"", ""command_line"": """", ""owner"": ""root"", ""pid"": ""5"", ""process"": ""all"", ""resource_instance_id"": ""8057035535632679842"", ""resource_project_id"": ""proyecto-2-cloud-509714"", ""resource_type"": ""gce_instance"", ""resource_zone"": ""us-central1-a"", ""vm"": ""8057035535632679842""}",0
2026-09-27T02:30:22.323213Z,"{""command"": ""slub_flushwq"", ""command_line"": """", ""owner"": ""root"", ""pid"": ""5"", ""process"": ""all"", ""resource_instance_id"": ""8057035535632679842"", ""resource_project_id"": ""proyecto-2-cloud-509714"", ""resource_type"": ""gce_instance"", ""resource_zone"": ""us-central1-a"", ""vm"": ""8057035535632679842""}",0
2026-09-27T02:49:59.741241Z,"{""command"": ""sshd"", ""command_line"": ""sshd: /usr/sbin/sshd -D [listener] 0 of 10-100 startups"", ""owner"": ""root"", ""pid"": ""945"", ""process"": ""all"", ""resource_instance_id"": ""8057035535632679842"", ""resource_project_id"": ""proyecto-2-cloud-509714"", ""resource_type"": ""gce_instance"", ""resource_zone"": ""us-central1-a"", ""vm"": ""8057035535632679842""}",15822848
2026-09-27T02:49:29.736503Z,"{""command"": ""sshd"", ""command_line"": ""sshd: /usr/sbin/sshd -D [listener] 0 of 10-100 startups"", ""owner"": ""root"", ""pid"": ""945"", ""process"": ""all"", ""resource_instance_id"": ""8057035535632679842"", ""resource_project_id"": ""proyecto-2-cloud-509714"", ""resource_type"": ""gce_instance"", ""resource_zone"": ""us-central1-a"", ""vm"": ""8057035535632679842""}",15822848
2026-09-27T02:48:59.732551Z,"{""command"": ""sshd"", ""command_line"": ""sshd: /usr/sbin/sshd -D [listener] 0 of 10-100 startups"", ""owner"": ""root"", ""pid"": ""945"", ""process"": ""all"", ""resource_instance_id"": ""8057035535632679842"", ""resource_project_id"": ""proyecto-2-cloud-509714"", ""resource_type"": ""gce_instance"", ""resource_zone"": ""us-central1-a"", ""vm"": ""8057035535632679842""}",15822848
2026-09-27T02:48:29.738505Z,"{""command"": ""sshd"", ""command_line"": ""sshd: /usr/sbin/sshd -D [listener] 0 of 10-100 startups"", ""owner"": ""root"", ""pid"": ""945"", ""process"": ""all"", ""resource_instance_id"": ""8057035535632679842"", ""resource_project_id"": ""proyecto-2-cloud-509714"", ""resource_type"": ""gce_instance"", ""resource_zone"": ""us-central1-a"", ""vm"": ""8057035535632679842""}",15822848
2026-09-27T02:47:59.736068Z,"{""command"": ""sshd"", ""command_line"": ""sshd: /usr/sbin/sshd -D [listener] 0 of 10-100 startups"", ""owner"": ""root"", ""pid"": ""945"", ""process"": ""all"", ""resource_instance_id"": ""8057035535632679842"", ""resource_project_id"": ""proyecto-2-cloud-509714"", ""resource_type"": ""gce_instance"", ""resource_zone"": ""us-central1-a"", ""vm"": ""8057035535632679842""}",15822848
2026-09-27T02:47:29.733179Z,"{""command"": ""sshd"", ""command_line"": ""sshd: /usr/sbin/sshd -D [listener] 0 of 10-100 startups"", ""owner"": ""root"", ""pid"": ""945"", ""process"": ""all"", ""resource_instance_id"": ""8057035535632679842"", ""resource_project_id"": ""proyecto-2-cloud-509714"", ""resource_type"": ""gce_instance"", ""resource_zone"": ""us-central1-a"", ""vm"": ""8057035535632679842""}",15822848
2026-09-27T02:46:59.743941Z,"{""command"": ""sshd"", ""command_line"": ""sshd: /usr/sbin/sshd -D [listener] 0 of 10-100 startups"", ""owner"": ""root"", ""pid"": ""945"", ""process"": ""all"", ""resource_instance_id"": ""8057035535632679842"", ""resource_project_id"": ""proyecto-2-cloud-509714"", ""resource_type"": ""gce_instance"", ""resource_zone"": ""us-central1-a"", ""vm"": ""8057035535632679842""}",15822848
2026-09-27T02:46:29.740125Z,"{""command"": ""sshd"", ""command_line"": ""sshd: /usr/sbin/sshd -D [listener] 0 of 10-100 startups"", ""owner"": ""root"", ""pid"": ""945"", ""process"": ""all"", ""resource_instance_id"": ""8057035535632679842"", ""resource_project_id"": ""proyecto-2-cloud-509714"", ""resource_type"": ""gce_instance"", ""resource_zone"": ""us-central1-a"", ""vm"": ""8057035535632679842""}",15822848
2026-09-27T02:45:59.732226Z,"{""command"": ""sshd"", ""command_line"": ""sshd: /usr/sbin/sshd -D [listener] 0 of 10-100 startups"", ""owner"": ""root"", ""pid"": ""945"", ""process"": ""all"", ""resource_instance_id"": ""8057035535632679842"", ""resource_project_id"": ""proyecto-2-cloud-509714"", ""resource_type"": ""gce_instance"", ""resource_zone"": ""us-central1-a"", ""vm"": ""8057035535632679842""}",15822848
2026-09-27T02:45:29.738027Z,"{""command"": ""sshd"", ""command_line"": ""sshd: /usr/sbin/sshd -D [listener] 0 of 10-100 startups"", ""owner"": ""root"", ""pid"": ""945"", ""process"": ""all"", ""resource_instance_id"": ""8057035535632679842"", ""resource_project_id"": ""proyecto-2-cloud-509714"", ""resource_type"": ""gce_instance"", ""resource_zone"": ""us-central1-a"", ""vm"": ""8057035535632679842""}",15822848
2026-09-27T02:44:59.743822Z,"{""command"": ""sshd"", ""command_line"": ""sshd: /usr/sbin/sshd -D [listener] 0 of 10-100 startups"", ""owner"": ""root"", ""pid"": ""945"", ""process"": ""all"", ""resource_instance_id"": ""8057035535632679842"", ""resource_project_id"": ""proyecto-2-cloud-509714"", ""resource_type"": ""gce_instance"", ""resource_zone"": ""us-central1-a"", ""vm"": ""8057035535632679842""}",15822848
2026-09-27T02:44:29.740735Z,"{""command"": ""sshd"", ""command_line"": ""sshd: /usr/sbin/sshd -D [listener] 0 of 10-100 startups"", ""owner"": ""root"", ""pid"": ""945"", ""process"": ""all"", ""resource_instance_id"": ""8057035535632679842"", ""resource_project_id"": ""proyecto-2-cloud-509714"", ""resource_type"": ""gce_instance"", ""resource_zone"": ""us-central1-a"", ""vm"": ""8057035535632679842""}",15822848
2026-09-27T02:43:59.742389Z,"{""command"": ""sshd"", ""command_line"": ""sshd: /usr/sbin/sshd -D [listener] 0 of 10-100 startups"", ""owner"": ""root"", ""pid"": ""945"", ""process"": ""all"", ""resource_instance_id"": ""8057035535632679842"", ""resource_project_id"": ""proyecto-2-cloud-509714"", ""resource_type"": ""gce_instance"", ""resource_zone"": ""us-central1-a"", ""vm"": ""8057035535632679842""}",15822848
2026-09-27T02:43:29.743804Z,"{""command"": ""sshd"", ""command_line"": ""sshd: /usr/sbin/sshd -D [listener] 0 of 10-100 startups"", ""owner"": ""root"", ""pid"": ""945"", ""process"": ""all"", ""resource_instance_id"": ""8057035535632679842"", ""resource_project_id"": ""proyecto-2-cloud-509714"", ""resource_type"": ""gce_instance"", ""resource_zone"": ""us-central1-a"", ""vm"": ""8057035535632679842""}",15822848
2026-09-27T02:42:59.736818Z,"{""command"": ""sshd"", ""command_line"": ""sshd: /usr/sbin/sshd -D [listener] 0 of 10-100 startups"", ""owner"": ""root"", ""pid"": ""945"", ""process"": ""all"", ""resource_instance_id"": ""8057035535632679842"", ""resource_project_id"": ""proyecto-2-cloud-509714"", ""resource_type"": ""gce_instance"", ""resource_zone"": ""us-central1-a"", ""vm"": ""8057035535632679842""}",15822848
2026-09-27T02:42:29.762752Z,"{""command"": ""sshd"", ""command_line"": ""sshd: /usr/sbin/sshd -D [listener] 0 of 10-100 startups"", ""owner"": ""root"", ""pid"": ""945"", ""process"": ""all"", ""resource_instance_id"": ""8057035535632679842"", ""resource_project_id"": ""proyecto-2-cloud-509714"", ""resource_type"": ""gce_instance"", ""resource_zone"": ""us-central1-a"", ""vm"": ""8057035535632679842""}",15822848
2026-09-27T02:41:59.740384Z,"{""command"": ""sshd"", ""command_line"": ""sshd: /usr/sbin/sshd -D [listener] 0 of 10-100 startups"", ""owner"": ""root"", ""pid"": ""945"", ""process"": ""all"", ""resource_instance_id"": ""8057035535632679842"", ""resource_project_id"": ""proyecto-2-cloud-509714"", ""resource_type"": ""gce_instance"", ""resource_zone"": ""us-central1-a"", ""vm"": ""8057035535632679842""}",15822848
2026-09-27T02:41:29.743784Z,"{""command"": ""sshd"", ""command_line"": ""sshd: /usr/sbin/sshd -D [listener] 0 of 10-100 startups"", ""owner"": ""root"", ""pid"": ""945"", ""process"": ""all"", ""resource_instance_id"": ""8057035535632679842"", ""resource_project_id"": ""proyecto-2-cloud-509714"", ""resource_type"": ""gce_instance"", ""resource_zone"": ""us-central1-a"", ""vm"": ""8057035535632679842""}",15822848
2026-09-27T02:40:59.732153Z,"{""command"": ""sshd"", ""command_line"": ""sshd: /usr/sbin/sshd -D [listener] 0 of 10-100 startups"", ""owner"": ""root"", ""pid"": ""945"", ""process"": ""all"", ""resource_instance_id"": ""8057035535632679842"", ""resource_project_id"": ""proyecto-2-cloud-509714"", ""resource_type"": ""gce_instance"", ""resource_zone"": ""us-central1-a"", ""vm"": ""8057035535632679842""}",15822848
2026-09-27T02:40:29.729828Z,"{""command"": ""sshd"", ""command_line"": ""sshd: /usr/sbin/sshd -D [listener] 0 of 10-100 startups"", ""owner"": ""root"", ""pid"": ""945"", ""process"": ""all"", ""resource_instance_id"": ""8057035535632679842"", ""resource_project_id"": ""proyecto-2-cloud-509714"", ""resource_type"": ""gce_instance"", ""resource_zone"": ""us-central1-a"", ""vm"": ""8057035535632679842""}",15822848
2026-09-27T02:39:59.737828Z,"{""command"": ""sshd"", ""command_line"": ""sshd: /usr/sbin/sshd -D [listener] 0 of 10-100 startups"", ""owner"": ""root"", ""pid"": ""945"", ""process"": ""all"", ""resource_instance_id"": ""8057035535632679842"", ""resource_project_id"": ""proyecto-2-cloud-509714"", ""resource_type"": ""gce_instance"", ""resource_zone"": ""us-central1-a"", ""vm"": ""8057035535632679842""}",15822848
2026-09-27T02:39:29.731506Z,"{""command"": ""sshd"", ""command_line"": ""sshd: /usr/sbin/sshd -D [listener] 0 of 10-100 startups"", ""owner"": ""root"", ""pid"": ""945"", ""process"": ""all"", ""resource_instance_id"": ""8057035535632679842"", ""resource_project_id"": ""proyecto-2-cloud-509714"", ""resource_type"": ""gce_instance"", ""resource_zone"": ""us-central1-a"", ""vm"": ""8057035535632679842""}",15822848
2026-09-27T02:38:59.737885Z,"{""command"": ""sshd"", ""command_line"": ""sshd: /usr/sbin/sshd -D [listener] 0 of 10-100 startups"", ""owner"": ""root"", ""pid"": ""945"", ""process"": ""all"", ""resource_instance_id"": ""8057035535632679842"", ""resource_project_id"": ""proyecto-2-cloud-509714"", ""resource_type"": ""gce_instance"", ""resource_zone"": ""us-central1-a"", ""vm"": ""8057035535632679842""}",15822848
2026-09-27T02:38:29.728657Z,"{""command"": ""sshd"", ""command_line"": ""sshd: /usr/sbin/sshd -D [listener] 0 of 10-100 startups"", ""owner"": ""root"", ""pid"": ""945"", ""process"": ""all"", ""resource_instance_id"": ""8057035535632679842"", ""resource_project_id"": ""proyecto-2-cloud-509714"", ""resource_type"": ""gce_instance"", ""resource_zone"": ""us-central1-a"", ""vm"": ""8057035535632679842""}",15822848
2026-09-27T02:37:59.739277Z,"{""command"": ""sshd"", ""command_line"": ""sshd: /usr/sbin/sshd -D [listener] 0 of 10-100 startups"", ""owner"": ""root"", ""pid"": ""945"", ""process"": ""all"", ""resource_instance_id"": ""8057035535632679842"", ""resource_project_id"": ""proyecto-2-cloud-509714"", ""resource_type"": ""gce_instance"", ""resource_zone"": ""us-central1-a"", ""vm"": ""8057035535632679842""}",15822848
2026-09-27T02:37:29.733532Z,"{""command"": ""sshd"", ""command_line"": ""sshd: /usr/sbin/sshd -D [listener] 0 of 10-100 startups"", ""owner"": ""root"", ""pid"": ""945"", ""process"": ""all"", ""resource_instance_id"": ""8057035535632679842"", ""resource_project_id"": ""proyecto-2-cloud-509714"", ""resource_type"": ""gce_instance"", ""resource_zone"": ""us-central1-a"", ""vm"": ""8057035535632679842""}",15822848
2026-09-27T02:36:59.741417Z,"{""command"": ""sshd"", ""command_line"": ""sshd: /usr/sbin/sshd -D [listener] 0 of 10-100 startups"", ""owner"": ""root"", ""pid"": ""945"", ""process"": ""all"", ""resource_instance_id"": ""8057035535632679842"", ""resource_project_id"": ""proyecto-2-cloud-509714"", ""resource_type"": ""gce_instance"", ""resource_zone"": ""us-central1-a"", ""vm"": ""8057035535632679842""}",15822848
2026-09-27T02:36:29.736728Z,"{""command"": ""sshd"", ""command_line"": ""sshd: /usr/sbin/sshd -D [listener] 0 of 10-100 startups"", ""owner"": ""root"", ""pid"": ""945"", ""process"": ""all"", ""resource_instance_id"": ""8057035535632679842"", ""resource_project_id"": ""proyecto-2-cloud-509714"", ""resource_type"": ""gce_instance"", ""resource_zone"": ""us-central1-a"", ""vm"": ""8057035535632679842""}",15822848
2026-09-27T02:35:59.729374Z,"{""command"": ""sshd"", ""command_line"": ""sshd: /usr/sbin/sshd -D [listener] 0 of 10-100 startups"", ""owner"": ""root"", ""pid"": ""945"", ""process"": ""all"", ""resource_instance_id"": ""8057035535632679842"", ""resource_project_id"": ""proyecto-2-cloud-509714"", ""resource_type"": ""gce_instance"", ""resource_zone"": ""us-central1-a"", ""vm"": ""8057035535632679842""}",15822848
2026-09-27T02:35:29.726964Z,"{""command"": ""sshd"", ""command_line"": ""sshd: /usr/sbin/sshd -D [listener] 0 of 10-100 startups"", ""owner"": ""root"", ""pid"": ""945"", ""process"": ""all"", ""resource_instance_id"": ""8057035535632679842"", ""resource_project_id"": ""proyecto-2-cloud-509714"", ""resource_type"": ""gce_instance"", ""resource_zone"": ""us-central1-a"", ""vm"": ""8057035535632679842""}",15822848
2026-09-27T02:34:59.732843Z,"{""command"": ""sshd"", ""command_line"": ""sshd: /usr/sbin/sshd -D [listener] 0 of 10-100 startups"", ""owner"": ""root"", ""pid"": ""945"", ""process"": ""all"", ""resource_instance_id"": ""8057035535632679842"", ""resource_project_id"": ""proyecto-2-cloud-509714"", ""resource_type"": ""gce_instance"", ""resource_zone"": ""us-central1-a"", ""vm"": ""8057035535632679842""}",15822848
2026-09-27T02:34:29.732634Z,"{""command"": ""sshd"", ""command_line"": ""sshd: /usr/sbin/sshd -D [listener] 0 of 10-100 startups"", ""owner"": ""root"", ""pid"": ""945"", ""process"": ""all"", ""resource_instance_id"": ""8057035535632679842"", ""resource_project_id"": ""proyecto-2-cloud-509714"", ""resource_type"": ""gce_instance"", ""resource_zone"": ""us-central1-a"", ""vm"": ""8057035535632679842""}",15822848
2026-09-27T02:33:59.738559Z,"{""command"": ""sshd"", ""command_line"": ""sshd: /usr/sbin/sshd -D [listener] 0 of 10-100 startups"", ""owner"": ""root"", ""pid"": ""945"", ""process"": ""all"", ""resource_instance_id"": ""8057035535632679842"", ""resource_project_id"": ""proyecto-2-cloud-509714"", ""resource_type"": ""gce_instance"", ""resource_zone"": ""us-central1-a"", ""vm"": ""8057035535632679842""}",15822848
2026-09-27T02:33:29.727727Z,"{""command"": ""sshd"", ""command_line"": ""sshd: /usr/sbin/sshd -D [listener] 0 of 10-100 startups"", ""owner"": ""root"", ""pid"": ""945"", ""process"": ""all"", ""resource_instance_id"": ""8057035535632679842"", ""resource_project_id"": ""proyecto-2-cloud-509714"", ""resource_type"": ""gce_instance"", ""resource_zone"": ""us-central1-a"", ""vm"": ""8057035535632679842""}",15822848
2026-09-27T02:32:59.745096Z,"{""command"": ""sshd"", ""command_line"": ""sshd: /usr/sbin/sshd -D [listener] 0 of 10-100 startups"", ""owner"": ""root"", ""pid"": ""945"", ""process"": ""all"", ""resource_instance_id"": ""8057035535632679842"", ""resource_project_id"": ""proyecto-2-cloud-509714"", ""resource_type"": ""gce_instance"", ""resource_zone"": ""us-central1-a"", ""vm"": ""8057035535632679842""}",15822848
2026-09-27T02:32:29.736497Z,"{""command"": ""sshd"", ""command_line"": ""sshd: /usr/sbin/sshd -D [listener] 0 of 10-100 startups"", ""owner"": ""root"", ""pid"": ""945"", ""process"": ""all"", ""resource_instance_id"": ""8057035535632679842"", ""resource_project_id"": ""proyecto-2-cloud-509714"", ""resource_type"": ""gce_instance"", ""resource_zone"": ""us-central1-a"", ""vm"": ""8057035535632679842""}",15822848
2026-09-27T02:31:59.736483Z,"{""command"": ""sshd"", ""command_line"": ""sshd: /usr/sbin/sshd -D [listener] 0 of 10-100 startups"", ""owner"": ""root"", ""pid"": ""945"", ""process"": ""all"", ""resource_instance_id"": ""8057035535632679842"", ""resource_project_id"": ""proyecto-2-cloud-509714"", ""resource_type"": ""gce_instance"", ""resource_zone"": ""us-central1-a"", ""vm"": ""8057035535632679842""}",15822848
2026-09-27T02:31:29.730890Z,"{""command"": ""sshd"", ""command_line"": ""sshd: /usr/sbin/sshd -D [listener] 0 of 10-100 startups"", ""owner"": ""root"", ""pid"": ""945"", ""process"": ""all"", ""resource_instance_id"": ""8057035535632679842"", ""resource_project_id"": ""proyecto-2-cloud-509714"", ""resource_type"": ""gce_instance"", ""resource_zone"": ""us-central1-a"", ""vm"": ""8057035535632679842""}",15822848
2026-09-27T02:30:59.747483Z,"{""command"": ""sshd"", ""command_line"": ""sshd: /usr/sbin/sshd -D [listener] 0 of 10-100 startups"", ""owner"": ""root"", ""pid"": ""945"", ""process"": ""all"", ""resource_instance_id"": ""8057035535632679842"", ""resource_project_id"": ""proyecto-2-cloud-509714"", ""resource_type"": ""gce_instance"", ""resource_zone"": ""us-central1-a"", ""vm"": ""8057035535632679842""}",15822848
2026-09-27T02:30:29.741759Z,"{""command"": ""sshd"", ""command_line"": ""sshd: /usr/sbin/sshd -D [listener] 0 of 10-100 startups"", ""owner"": ""root"", ""pid"": ""945"", ""process"": ""all"", ""resource_instance_id"": ""8057035535632679842"", ""resource_project_id"": ""proyecto-2-cloud-509714"", ""resource_type"": ""gce_instance"", ""resource_zone"": ""us-central1-a"", ""vm"": ""8057035535632679842""}",15822848
2026-09-27T02:30:22.328464Z,"{""command"": ""sshd"", ""command_line"": ""sshd: /usr/sbin/sshd -D [listener] 0 of 10-100 startups"", ""owner"": ""root"", ""pid"": ""945"", ""process"": ""all"", ""resource_instance_id"": ""8057035535632679842"", ""resource_project_id"": ""proyecto-2-cloud-509714"", ""resource_type"": ""gce_instance"", ""resource_zone"": ""us-central1-a"", ""vm"": ""8057035535632679842""}",15822848
2026-09-27T02:49:59.743789Z,"{""command"": ""sshd"", ""command_line"": ""sshd: dialmupe [priv]"", ""owner"": ""root"", ""pid"": ""10862"", ""process"": ""all"", ""resource_instance_id"": ""8057035535632679842"", ""resource_project_id"": ""proyecto-2-cloud-509714"", ""resource_type"": ""gce_instance"", ""resource_zone"": ""us-central1-a"", ""vm"": ""8057035535632679842""}",18128896
2026-09-27T02:49:29.737925Z,"{""command"": ""sshd"", ""command_line"": ""sshd: dialmupe [priv]"", ""owner"": ""root"", ""pid"": ""10862"", ""process"": ""all"", ""resource_instance_id"": ""8057035535632679842"", ""resource_project_id"": ""proyecto-2-cloud-509714"", ""resource_type"": ""gce_instance"", ""resource_zone"": ""us-central1-a"", ""vm"": ""8057035535632679842""}",18128896
2026-09-27T02:48:59.734381Z,"{""command"": ""sshd"", ""command_line"": ""sshd: dialmupe [priv]"", ""owner"": ""root"", ""pid"": ""10862"", ""process"": ""all"", ""resource_instance_id"": ""8057035535632679842"", ""resource_project_id"": ""proyecto-2-cloud-509714"", ""resource_type"": ""gce_instance"", ""resource_zone"": ""us-central1-a"", ""vm"": ""8057035535632679842""}",18128896
2026-09-27T02:48:29.740892Z,"{""command"": ""sshd"", ""command_line"": ""sshd: dialmupe [priv]"", ""owner"": ""root"", ""pid"": ""10862"", ""process"": ""all"", ""resource_instance_id"": ""8057035535632679842"", ""resource_project_id"": ""proyecto-2-cloud-509714"", ""resource_type"": ""gce_instance"", ""resource_zone"": ""us-central1-a"", ""vm"": ""8057035535632679842""}",18128896
2026-09-27T02:47:59.737466Z,"{""command"": ""sshd"", ""command_line"": ""sshd: dialmupe [priv]"", ""owner"": ""root"", ""pid"": ""10862"", ""process"": ""all"", ""resource_instance_id"": ""8057035535632679842"", ""resource_project_id"": ""proyecto-2-cloud-509714"", ""resource_type"": ""gce_instance"", ""resource_zone"": ""us-central1-a"", ""vm"": ""8057035535632679842""}",18128896
2026-09-27T02:47:29.734539Z,"{""command"": ""sshd"", ""command_line"": ""sshd: dialmupe [priv]"", ""owner"": ""root"", ""pid"": ""10862"", ""process"": ""all"", ""resource_instance_id"": ""8057035535632679842"", ""resource_project_id"": ""proyecto-2-cloud-509714"", ""resource_type"": ""gce_instance"", ""resource_zone"": ""us-central1-a"", ""vm"": ""8057035535632679842""}",18128896
2026-09-27T02:46:59.745379Z,"{""command"": ""sshd"", ""command_line"": ""sshd: dialmupe [priv]"", ""owner"": ""root"", ""pid"": ""10862"", ""process"": ""all"", ""resource_instance_id"": ""8057035535632679842"", ""resource_project_id"": ""proyecto-2-cloud-509714"", ""resource_type"": ""gce_instance"", ""resource_zone"": ""us-central1-a"", ""vm"": ""8057035535632679842""}",18128896
2026-09-27T02:46:29.742223Z,"{""command"": ""sshd"", ""command_line"": ""sshd: dialmupe [priv]"", ""owner"": ""root"", ""pid"": ""10862"", ""process"": ""all"", ""resource_instance_id"": ""8057035535632679842"", ""resource_project_id"": ""proyecto-2-cloud-509714"", ""resource_type"": ""gce_instance"", ""resource_zone"": ""us-central1-a"", ""vm"": ""8057035535632679842""}",18128896
2026-09-27T02:45:59.733464Z,"{""command"": ""sshd"", ""command_line"": ""sshd: dialmupe [priv]"", ""owner"": ""root"", ""pid"": ""10862"", ""process"": ""all"", ""resource_instance_id"": ""8057035535632679842"", ""resource_project_id"": ""proyecto-2-cloud-509714"", ""resource_type"": ""gce_instance"", ""resource_zone"": ""us-central1-a"", ""vm"": ""8057035535632679842""}",18128896
2026-09-27T02:45:29.739414Z,"{""command"": ""sshd"", ""command_line"": ""sshd: dialmupe [priv]"", ""owner"": ""root"", ""pid"": ""10862"", ""process"": ""all"", ""resource_instance_id"": ""8057035535632679842"", ""resource_project_id"": ""proyecto-2-cloud-509714"", ""resource_type"": ""gce_instance"", ""resource_zone"": ""us-central1-a"", ""vm"": ""8057035535632679842""}",18128896
2026-09-27T02:44:59.745301Z,"{""command"": ""sshd"", ""command_line"": ""sshd: dialmupe [priv]"", ""owner"": ""root"", ""pid"": ""10862"", ""process"": ""all"", ""resource_instance_id"": ""8057035535632679842"", ""resource_project_id"": ""proyecto-2-cloud-509714"", ""resource_type"": ""gce_instance"", ""resource_zone"": ""us-central1-a"", ""vm"": ""8057035535632679842""}",18128896
2026-09-27T02:44:29.742112Z,"{""command"": ""sshd"", ""command_line"": ""sshd: dialmupe [priv]"", ""owner"": ""root"", ""pid"": ""10862"", ""process"": ""all"", ""resource_instance_id"": ""8057035535632679842"", ""resource_project_id"": ""proyecto-2-cloud-509714"", ""resource_type"": ""gce_instance"", ""resource_zone"": ""us-central1-a"", ""vm"": ""8057035535632679842""}",18128896
2026-09-27T02:43:59.744154Z,"{""command"": ""sshd"", ""command_line"": ""sshd: dialmupe [priv]"", ""owner"": ""root"", ""pid"": ""10862"", ""process"": ""all"", ""resource_instance_id"": ""8057035535632679842"", ""resource_project_id"": ""proyecto-2-cloud-509714"", ""resource_type"": ""gce_instance"", ""resource_zone"": ""us-central1-a"", ""vm"": ""8057035535632679842""}",18128896
2026-09-27T02:43:29.746141Z,"{""command"": ""sshd"", ""command_line"": ""sshd: dialmupe [priv]"", ""owner"": ""root"", ""pid"": ""10862"", ""process"": ""all"", ""resource_instance_id"": ""8057035535632679842"", ""resource_project_id"": ""proyecto-2-cloud-509714"", ""resource_type"": ""gce_instance"", ""resource_zone"": ""us-central1-a"", ""vm"": ""8057035535632679842""}",18128896
2026-09-27T02:42:59.738451Z,"{""command"": ""sshd"", ""command_line"": ""sshd: dialmupe [priv]"", ""owner"": ""root"", ""pid"": ""10862"", ""process"": ""all"", ""resource_instance_id"": ""8057035535632679842"", ""resource_project_id"": ""proyecto-2-cloud-509714"", ""resource_type"": ""gce_instance"", ""resource_zone"": ""us-central1-a"", ""vm"": ""8057035535632679842""}",18128896
2026-09-27T02:42:29.764198Z,"{""command"": ""sshd"", ""command_line"": ""sshd: dialmupe [priv]"", ""owner"": ""root"", ""pid"": ""10862"", ""process"": ""all"", ""resource_instance_id"": ""8057035535632679842"", ""resource_project_id"": ""proyecto-2-cloud-509714"", ""resource_type"": ""gce_instance"", ""resource_zone"": ""us-central1-a"", ""vm"": ""8057035535632679842""}",18128896
2026-09-27T02:41:59.742225Z,"{""command"": ""sshd"", ""command_line"": ""sshd: dialmupe [priv]"", ""owner"": ""root"", ""pid"": ""10862"", ""process"": ""all"", ""resource_instance_id"": ""8057035535632679842"", ""resource_project_id"": ""proyecto-2-cloud-509714"", ""resource_type"": ""gce_instance"", ""resource_zone"": ""us-central1-a"", ""vm"": ""8057035535632679842""}",18128896
2026-09-27T02:41:29.745723Z,"{""command"": ""sshd"", ""command_line"": ""sshd: dialmupe [priv]"", ""owner"": ""root"", ""pid"": ""10862"", ""process"": ""all"", ""resource_instance_id"": ""8057035535632679842"", ""resource_project_id"": ""proyecto-2-cloud-509714"", ""resource_type"": ""gce_instance"", ""resource_zone"": ""us-central1-a"", ""vm"": ""8057035535632679842""}",18128896
2026-09-27T02:40:59.734492Z,"{""command"": ""sshd"", ""command_line"": ""sshd: dialmupe [priv]"", ""owner"": ""root"", ""pid"": ""10862"", ""process"": ""all"", ""resource_instance_id"": ""8057035535632679842"", ""resource_project_id"": ""proyecto-2-cloud-509714"", ""resource_type"": ""gce_instance"", ""resource_zone"": ""us-central1-a"", ""vm"": ""8057035535632679842""}",18128896
2026-09-27T02:49:59.744240Z,"{""command"": ""sshd"", ""command_line"": ""sshd: dialmupe@pts/0"", ""owner"": ""dialmupe"", ""pid"": ""10888"", ""process"": ""all"", ""resource_instance_id"": ""8057035535632679842"", ""resource_project_id"": ""proyecto-2-cloud-509714"", ""resource_type"": ""gce_instance"", ""resource_zone"": ""us-central1-a"", ""vm"": ""8057035535632679842""}",18292736
2026-09-27T02:49:29.738363Z,"{""command"": ""sshd"", ""command_line"": ""sshd: dialmupe@pts/0"", ""owner"": ""dialmupe"", ""pid"": ""10888"", ""process"": ""all"", ""resource_instance_id"": ""8057035535632679842"", ""resource_project_id"": ""proyecto-2-cloud-509714"", ""resource_type"": ""gce_instance"", ""resource_zone"": ""us-central1-a"", ""vm"": ""8057035535632679842""}",18292736
2026-09-27T02:48:59.734769Z,"{""command"": ""sshd"", ""command_line"": ""sshd: dialmupe@pts/0"", ""owner"": ""dialmupe"", ""pid"": ""10888"", ""process"": ""all"", ""resource_instance_id"": ""8057035535632679842"", ""resource_project_id"": ""proyecto-2-cloud-509714"", ""resource_type"": ""gce_instance"", ""resource_zone"": ""us-central1-a"", ""vm"": ""8057035535632679842""}",18292736
2026-09-27T02:48:29.741187Z,"{""command"": ""sshd"", ""command_line"": ""sshd: dialmupe@pts/0"", ""owner"": ""dialmupe"", ""pid"": ""10888"", ""process"": ""all"", ""resource_instance_id"": ""8057035535632679842"", ""resource_project_id"": ""proyecto-2-cloud-509714"", ""resource_type"": ""gce_instance"", ""resource_zone"": ""us-central1-a"", ""vm"": ""8057035535632679842""}",18292736
2026-09-27T02:47:59.737686Z,"{""command"": ""sshd"", ""command_line"": ""sshd: dialmupe@pts/0"", ""owner"": ""dialmupe"", ""pid"": ""10888"", ""process"": ""all"", ""resource_instance_id"": ""8057035535632679842"", ""resource_project_id"": ""proyecto-2-cloud-509714"", ""resource_type"": ""gce_instance"", ""resource_zone"": ""us-central1-a"", ""vm"": ""8057035535632679842""}",18292736
2026-09-27T02:47:29.734851Z,"{""command"": ""sshd"", ""command_line"": ""sshd: dialmupe@pts/0"", ""owner"": ""dialmupe"", ""pid"": ""10888"", ""process"": ""all"", ""resource_instance_id"": ""8057035535632679842"", ""resource_project_id"": ""proyecto-2-cloud-509714"", ""resource_type"": ""gce_instance"", ""resource_zone"": ""us-central1-a"", ""vm"": ""8057035535632679842""}",18292736
2026-09-27T02:46:59.745640Z,"{""command"": ""sshd"", ""command_line"": ""sshd: dialmupe@pts/0"", ""owner"": ""dialmupe"", ""pid"": ""10888"", ""process"": ""all"", ""resource_instance_id"": ""8057035535632679842"", ""resource_project_id"": ""proyecto-2-cloud-509714"", ""resource_type"": ""gce_instance"", ""resource_zone"": ""us-central1-a"", ""vm"": ""8057035535632679842""}",18292736
2026-09-27T02:46:29.742603Z,"{""command"": ""sshd"", ""command_line"": ""sshd: dialmupe@pts/0"", ""owner"": ""dialmupe"", ""pid"": ""10888"", ""process"": ""all"", ""resource_instance_id"": ""8057035535632679842"", ""resource_project_id"": ""proyecto-2-cloud-509714"", ""resource_type"": ""gce_instance"", ""resource_zone"": ""us-central1-a"", ""vm"": ""8057035535632679842""}",18292736
2026-09-27T02:45:59.733679Z,"{""command"": ""sshd"", ""command_line"": ""sshd: dialmupe@pts/0"", ""owner"": ""dialmupe"", ""pid"": ""10888"", ""process"": ""all"", ""resource_instance_id"": ""8057035535632679842"", ""resource_project_id"": ""proyecto-2-cloud-509714"", ""resource_type"": ""gce_instance"", ""resource_zone"": ""us-central1-a"", ""vm"": ""8057035535632679842""}",18292736
2026-09-27T02:45:29.739627Z,"{""command"": ""sshd"", ""command_line"": ""sshd: dialmupe@pts/0"", ""owner"": ""dialmupe"", ""pid"": ""10888"", ""process"": ""all"", ""resource_instance_id"": ""8057035535632679842"", ""resource_project_id"": ""proyecto-2-cloud-509714"", ""resource_type"": ""gce_instance"", ""resource_zone"": ""us-central1-a"", ""vm"": ""8057035535632679842""}",18292736
2026-09-27T02:44:59.745534Z,"{""command"": ""sshd"", ""command_line"": ""sshd: dialmupe@pts/0"", ""owner"": ""dialmupe"", ""pid"": ""10888"", ""process"": ""all"", ""resource_instance_id"": ""8057035535632679842"", ""resource_project_id"": ""proyecto-2-cloud-509714"", ""resource_type"": ""gce_instance"", ""resource_zone"": ""us-central1-a"", ""vm"": ""8057035535632679842""}",18292736
2026-09-27T02:44:29.742356Z,"{""command"": ""sshd"", ""command_line"": ""sshd: dialmupe@pts/0"", ""owner"": ""dialmupe"", ""pid"": ""10888"", ""process"": ""all"", ""resource_instance_id"": ""8057035535632679842"", ""resource_project_id"": ""proyecto-2-cloud-509714"", ""resource_type"": ""gce_instance"", ""resource_zone"": ""us-central1-a"", ""vm"": ""8057035535632679842""}",18292736
2026-09-27T02:43:59.744396Z,"{""command"": ""sshd"", ""command_line"": ""sshd: dialmupe@pts/0"", ""owner"": ""dialmupe"", ""pid"": ""10888"", ""process"": ""all"", ""resource_instance_id"": ""8057035535632679842"", ""resource_project_id"": ""proyecto-2-cloud-509714"", ""resource_type"": ""gce_instance"", ""resource_zone"": ""us-central1-a"", ""vm"": ""8057035535632679842""}",18292736
2026-09-27T02:43:29.746407Z,"{""command"": ""sshd"", ""command_line"": ""sshd: dialmupe@pts/0"", ""owner"": ""dialmupe"", ""pid"": ""10888"", ""process"": ""all"", ""resource_instance_id"": ""8057035535632679842"", ""resource_project_id"": ""proyecto-2-cloud-509714"", ""resource_type"": ""gce_instance"", ""resource_zone"": ""us-central1-a"", ""vm"": ""8057035535632679842""}",18292736
2026-09-27T02:42:59.738781Z,"{""command"": ""sshd"", ""command_line"": ""sshd: dialmupe@pts/0"", ""owner"": ""dialmupe"", ""pid"": ""10888"", ""process"": ""all"", ""resource_instance_id"": ""8057035535632679842"", ""resource_project_id"": ""proyecto-2-cloud-509714"", ""resource_type"": ""gce_instance"", ""resource_zone"": ""us-central1-a"", ""vm"": ""8057035535632679842""}",18292736
2026-09-27T02:42:29.764421Z,"{""command"": ""sshd"", ""command_line"": ""sshd: dialmupe@pts/0"", ""owner"": ""dialmupe"", ""pid"": ""10888"", ""process"": ""all"", ""resource_instance_id"": ""8057035535632679842"", ""resource_project_id"": ""proyecto-2-cloud-509714"", ""resource_type"": ""gce_instance"", ""resource_zone"": ""us-central1-a"", ""vm"": ""8057035535632679842""}",18292736
2026-09-27T02:41:59.742497Z,"{""command"": ""sshd"", ""command_line"": ""sshd: dialmupe@pts/0"", ""owner"": ""dialmupe"", ""pid"": ""10888"", ""process"": ""all"", ""resource_instance_id"": ""8057035535632679842"", ""resource_project_id"": ""proyecto-2-cloud-509714"", ""resource_type"": ""gce_instance"", ""resource_zone"": ""us-central1-a"", ""vm"": ""8057035535632679842""}",18292736
2026-09-27T02:41:29.745978Z,"{""command"": ""sshd"", ""command_line"": ""sshd: dialmupe@pts/0"", ""owner"": ""dialmupe"", ""pid"": ""10888"", ""process"": ""all"", ""resource_instance_id"": ""8057035535632679842"", ""resource_project_id"": ""proyecto-2-cloud-509714"", ""resource_type"": ""gce_instance"", ""resource_zone"": ""us-central1-a"", ""vm"": ""8057035535632679842""}",18292736
2026-09-27T02:40:59.734932Z,"{""command"": ""sshd"", ""command_line"": ""sshd: dialmupe@pts/0"", ""owner"": ""dialmupe"", ""pid"": ""10888"", ""process"": ""all"", ""resource_instance_id"": ""8057035535632679842"", ""resource_project_id"": ""proyecto-2-cloud-509714"", ""resource_type"": ""gce_instance"", ""resource_zone"": ""us-central1-a"", ""vm"": ""8057035535632679842""}",18292736
2026-09-27T02:30:22.330467Z,"{""command"": ""systemctl"", ""command_line"": ""systemctl restart google-cloud-ops-agent"", ""owner"": ""root"", ""pid"": ""8597"", ""process"": ""all"", ""resource_instance_id"": ""8057035535632679842"", ""resource_project_id"": ""proyecto-2-cloud-509714"", ""resource_type"": ""gce_instance"", ""resource_zone"": ""us-central1-a"", ""vm"": ""8057035535632679842""}",14233600
2026-09-27T02:49:59.743909Z,"{""command"": ""systemd"", ""command_line"": ""/lib/systemd/systemd --user"", ""owner"": ""dialmupe"", ""pid"": ""10866"", ""process"": ""all"", ""resource_instance_id"": ""8057035535632679842"", ""resource_project_id"": ""proyecto-2-cloud-509714"", ""resource_type"": ""gce_instance"", ""resource_zone"": ""us-central1-a"", ""vm"": ""8057035535632679842""}",19398656
2026-09-27T02:49:29.737988Z,"{""command"": ""systemd"", ""command_line"": ""/lib/systemd/systemd --user"", ""owner"": ""dialmupe"", ""pid"": ""10866"", ""process"": ""all"", ""resource_instance_id"": ""8057035535632679842"", ""resource_project_id"": ""proyecto-2-cloud-509714"", ""resource_type"": ""gce_instance"", ""resource_zone"": ""us-central1-a"", ""vm"": ""8057035535632679842""}",19398656
2026-09-27T02:48:59.734466Z,"{""command"": ""systemd"", ""command_line"": ""/lib/systemd/systemd --user"", ""owner"": ""dialmupe"", ""pid"": ""10866"", ""process"": ""all"", ""resource_instance_id"": ""8057035535632679842"", ""resource_project_id"": ""proyecto-2-cloud-509714"", ""resource_type"": ""gce_instance"", ""resource_zone"": ""us-central1-a"", ""vm"": ""8057035535632679842""}",19398656
2026-09-27T02:48:29.740972Z,"{""command"": ""systemd"", ""command_line"": ""/lib/systemd/systemd --user"", ""owner"": ""dialmupe"", ""pid"": ""10866"", ""process"": ""all"", ""resource_instance_id"": ""8057035535632679842"", ""resource_project_id"": ""proyecto-2-cloud-509714"", ""resource_type"": ""gce_instance"", ""resource_zone"": ""us-central1-a"", ""vm"": ""8057035535632679842""}",19398656
2026-09-27T02:47:59.737523Z,"{""command"": ""systemd"", ""command_line"": ""/lib/systemd/systemd --user"", ""owner"": ""dialmupe"", ""pid"": ""10866"", ""process"": ""all"", ""resource_instance_id"": ""8057035535632679842"", ""resource_project_id"": ""proyecto-2-cloud-509714"", ""resource_type"": ""gce_instance"", ""resource_zone"": ""us-central1-a"", ""vm"": ""8057035535632679842""}",19398656
2026-09-27T02:47:29.734635Z,"{""command"": ""systemd"", ""command_line"": ""/lib/systemd/systemd --user"", ""owner"": ""dialmupe"", ""pid"": ""10866"", ""process"": ""all"", ""resource_instance_id"": ""8057035535632679842"", ""resource_project_id"": ""proyecto-2-cloud-509714"", ""resource_type"": ""gce_instance"", ""resource_zone"": ""us-central1-a"", ""vm"": ""8057035535632679842""}",19398656
2026-09-27T02:46:59.745457Z,"{""command"": ""systemd"", ""command_line"": ""/lib/systemd/systemd --user"", ""owner"": ""dialmupe"", ""pid"": ""10866"", ""process"": ""all"", ""resource_instance_id"": ""8057035535632679842"", ""resource_project_id"": ""proyecto-2-cloud-509714"", ""resource_type"": ""gce_instance"", ""resource_zone"": ""us-central1-a"", ""vm"": ""8057035535632679842""}",19398656
2026-09-27T02:46:29.742310Z,"{""command"": ""systemd"", ""command_line"": ""/lib/systemd/systemd --user"", ""owner"": ""dialmupe"", ""pid"": ""10866"", ""process"": ""all"", ""resource_instance_id"": ""8057035535632679842"", ""resource_project_id"": ""proyecto-2-cloud-509714"", ""resource_type"": ""gce_instance"", ""resource_zone"": ""us-central1-a"", ""vm"": ""8057035535632679842""}",19398656
2026-09-27T02:45:59.733517Z,"{""command"": ""systemd"", ""command_line"": ""/lib/systemd/systemd --user"", ""owner"": ""dialmupe"", ""pid"": ""10866"", ""process"": ""all"", ""resource_instance_id"": ""8057035535632679842"", ""resource_project_id"": ""proyecto-2-cloud-509714"", ""resource_type"": ""gce_instance"", ""resource_zone"": ""us-central1-a"", ""vm"": ""8057035535632679842""}",19398656
2026-09-27T02:45:29.739468Z,"{""command"": ""systemd"", ""command_line"": ""/lib/systemd/systemd --user"", ""owner"": ""dialmupe"", ""pid"": ""10866"", ""process"": ""all"", ""resource_instance_id"": ""8057035535632679842"", ""resource_project_id"": ""proyecto-2-cloud-509714"", ""resource_type"": ""gce_instance"", ""resource_zone"": ""us-central1-a"", ""vm"": ""8057035535632679842""}",19398656
2026-09-27T02:44:59.745360Z,"{""command"": ""systemd"", ""command_line"": ""/lib/systemd/systemd --user"", ""owner"": ""dialmupe"", ""pid"": ""10866"", ""process"": ""all"", ""resource_instance_id"": ""8057035535632679842"", ""resource_project_id"": ""proyecto-2-cloud-509714"", ""resource_type"": ""gce_instance"", ""resource_zone"": ""us-central1-a"", ""vm"": ""8057035535632679842""}",19398656
2026-09-27T02:44:29.742172Z,"{""command"": ""systemd"", ""command_line"": ""/lib/systemd/systemd --user"", ""owner"": ""dialmupe"", ""pid"": ""10866"", ""process"": ""all"", ""resource_instance_id"": ""8057035535632679842"", ""resource_project_id"": ""proyecto-2-cloud-509714"", ""resource_type"": ""gce_instance"", ""resource_zone"": ""us-central1-a"", ""vm"": ""8057035535632679842""}",19398656
2026-09-27T02:43:59.744216Z,"{""command"": ""systemd"", ""command_line"": ""/lib/systemd/systemd --user"", ""owner"": ""dialmupe"", ""pid"": ""10866"", ""process"": ""all"", ""resource_instance_id"": ""8057035535632679842"", ""resource_project_id"": ""proyecto-2-cloud-509714"", ""resource_type"": ""gce_instance"", ""resource_zone"": ""us-central1-a"", ""vm"": ""8057035535632679842""}",19398656
2026-09-27T02:43:29.746214Z,"{""command"": ""systemd"", ""command_line"": ""/lib/systemd/systemd --user"", ""owner"": ""dialmupe"", ""pid"": ""10866"", ""process"": ""all"", ""resource_instance_id"": ""8057035535632679842"", ""resource_project_id"": ""proyecto-2-cloud-509714"", ""resource_type"": ""gce_instance"", ""resource_zone"": ""us-central1-a"", ""vm"": ""8057035535632679842""}",19398656
2026-09-27T02:42:59.738516Z,"{""command"": ""systemd"", ""command_line"": ""/lib/systemd/systemd --user"", ""owner"": ""dialmupe"", ""pid"": ""10866"", ""process"": ""all"", ""resource_instance_id"": ""8057035535632679842"", ""resource_project_id"": ""proyecto-2-cloud-509714"", ""resource_type"": ""gce_instance"", ""resource_zone"": ""us-central1-a"", ""vm"": ""8057035535632679842""}",19398656
2026-09-27T02:42:29.764258Z,"{""command"": ""systemd"", ""command_line"": ""/lib/systemd/systemd --user"", ""owner"": ""dialmupe"", ""pid"": ""10866"", ""process"": ""all"", ""resource_instance_id"": ""8057035535632679842"", ""resource_project_id"": ""proyecto-2-cloud-509714"", ""resource_type"": ""gce_instance"", ""resource_zone"": ""us-central1-a"", ""vm"": ""8057035535632679842""}",19398656
2026-09-27T02:41:59.742295Z,"{""command"": ""systemd"", ""command_line"": ""/lib/systemd/systemd --user"", ""owner"": ""dialmupe"", ""pid"": ""10866"", ""process"": ""all"", ""resource_instance_id"": ""8057035535632679842"", ""resource_project_id"": ""proyecto-2-cloud-509714"", ""resource_type"": ""gce_instance"", ""resource_zone"": ""us-central1-a"", ""vm"": ""8057035535632679842""}",19398656
2026-09-27T02:41:29.745794Z,"{""command"": ""systemd"", ""command_line"": ""/lib/systemd/systemd --user"", ""owner"": ""dialmupe"", ""pid"": ""10866"", ""process"": ""all"", ""resource_instance_id"": ""8057035535632679842"", ""resource_project_id"": ""proyecto-2-cloud-509714"", ""resource_type"": ""gce_instance"", ""resource_zone"": ""us-central1-a"", ""vm"": ""8057035535632679842""}",19398656
2026-09-27T02:40:59.734635Z,"{""command"": ""systemd"", ""command_line"": ""/lib/systemd/systemd --user"", ""owner"": ""dialmupe"", ""pid"": ""10866"", ""process"": ""all"", ""resource_instance_id"": ""8057035535632679842"", ""resource_project_id"": ""proyecto-2-cloud-509714"", ""resource_type"": ""gce_instance"", ""resource_zone"": ""us-central1-a"", ""vm"": ""8057035535632679842""}",19398656
2026-09-27T02:49:59.733725Z,"{""command"": ""systemd"", ""command_line"": ""/sbin/init"", ""owner"": ""root"", ""pid"": ""1"", ""process"": ""all"", ""resource_instance_id"": ""8057035535632679842"", ""resource_project_id"": ""proyecto-2-cloud-509714"", ""resource_type"": ""gce_instance"", ""resource_zone"": ""us-central1-a"", ""vm"": ""8057035535632679842""}",105189376
2026-09-27T02:49:29.731964Z,"{""command"": ""systemd"", ""command_line"": ""/sbin/init"", ""owner"": ""root"", ""pid"": ""1"", ""process"": ""all"", ""resource_instance_id"": ""8057035535632679842"", ""resource_project_id"": ""proyecto-2-cloud-509714"", ""resource_type"": ""gce_instance"", ""resource_zone"": ""us-central1-a"", ""vm"": ""8057035535632679842""}",105189376
2026-09-27T02:48:59.727213Z,"{""command"": ""systemd"", ""command_line"": ""/sbin/init"", ""owner"": ""root"", ""pid"": ""1"", ""process"": ""all"", ""resource_instance_id"": ""8057035535632679842"", ""resource_project_id"": ""proyecto-2-cloud-509714"", ""resource_type"": ""gce_instance"", ""resource_zone"": ""us-central1-a"", ""vm"": ""8057035535632679842""}",105189376
2026-09-27T02:48:29.732715Z,"{""command"": ""systemd"", ""command_line"": ""/sbin/init"", ""owner"": ""root"", ""pid"": ""1"", ""process"": ""all"", ""resource_instance_id"": ""8057035535632679842"", ""resource_project_id"": ""proyecto-2-cloud-509714"", ""resource_type"": ""gce_instance"", ""resource_zone"": ""us-central1-a"", ""vm"": ""8057035535632679842""}",105189376
2026-09-27T02:47:59.731548Z,"{""command"": ""systemd"", ""command_line"": ""/sbin/init"", ""owner"": ""root"", ""pid"": ""1"", ""process"": ""all"", ""resource_instance_id"": ""8057035535632679842"", ""resource_project_id"": ""proyecto-2-cloud-509714"", ""resource_type"": ""gce_instance"", ""resource_zone"": ""us-central1-a"", ""vm"": ""8057035535632679842""}",105189376
2026-09-27T02:47:29.726976Z,"{""command"": ""systemd"", ""command_line"": ""/sbin/init"", ""owner"": ""root"", ""pid"": ""1"", ""process"": ""all"", ""resource_instance_id"": ""8057035535632679842"", ""resource_project_id"": ""proyecto-2-cloud-509714"", ""resource_type"": ""gce_instance"", ""resource_zone"": ""us-central1-a"", ""vm"": ""8057035535632679842""}",105189376
2026-09-27T02:46:59.738068Z,"{""command"": ""systemd"", ""command_line"": ""/sbin/init"", ""owner"": ""root"", ""pid"": ""1"", ""process"": ""all"", ""resource_instance_id"": ""8057035535632679842"", ""resource_project_id"": ""proyecto-2-cloud-509714"", ""resource_type"": ""gce_instance"", ""resource_zone"": ""us-central1-a"", ""vm"": ""8057035535632679842""}",105189376
2026-09-27T02:46:29.733210Z,"{""command"": ""systemd"", ""command_line"": ""/sbin/init"", ""owner"": ""root"", ""pid"": ""1"", ""process"": ""all"", ""resource_instance_id"": ""8057035535632679842"", ""resource_project_id"": ""proyecto-2-cloud-509714"", ""resource_type"": ""gce_instance"", ""resource_zone"": ""us-central1-a"", ""vm"": ""8057035535632679842""}",105189376
2026-09-27T02:45:59.728148Z,"{""command"": ""systemd"", ""command_line"": ""/sbin/init"", ""owner"": ""root"", ""pid"": ""1"", ""process"": ""all"", ""resource_instance_id"": ""8057035535632679842"", ""resource_project_id"": ""proyecto-2-cloud-509714"", ""resource_type"": ""gce_instance"", ""resource_zone"": ""us-central1-a"", ""vm"": ""8057035535632679842""}",105189376
2026-09-27T02:45:29.733936Z,"{""command"": ""systemd"", ""command_line"": ""/sbin/init"", ""owner"": ""root"", ""pid"": ""1"", ""process"": ""all"", ""resource_instance_id"": ""8057035535632679842"", ""resource_project_id"": ""proyecto-2-cloud-509714"", ""resource_type"": ""gce_instance"", ""resource_zone"": ""us-central1-a"", ""vm"": ""8057035535632679842""}",105189376
2026-09-27T02:44:59.739068Z,"{""command"": ""systemd"", ""command_line"": ""/sbin/init"", ""owner"": ""root"", ""pid"": ""1"", ""process"": ""all"", ""resource_instance_id"": ""8057035535632679842"", ""resource_project_id"": ""proyecto-2-cloud-509714"", ""resource_type"": ""gce_instance"", ""resource_zone"": ""us-central1-a"", ""vm"": ""8057035535632679842""}",105189376
2026-09-27T02:44:29.736016Z,"{""command"": ""systemd"", ""command_line"": ""/sbin/init"", ""owner"": ""root"", ""pid"": ""1"", ""process"": ""all"", ""resource_instance_id"": ""8057035535632679842"", ""resource_project_id"": ""proyecto-2-cloud-509714"", ""resource_type"": ""gce_instance"", ""resource_zone"": ""us-central1-a"", ""vm"": ""8057035535632679842""}",105189376
2026-09-27T02:43:59.737531Z,"{""command"": ""systemd"", ""command_line"": ""/sbin/init"", ""owner"": ""root"", ""pid"": ""1"", ""process"": ""all"", ""resource_instance_id"": ""8057035535632679842"", ""resource_project_id"": ""proyecto-2-cloud-509714"", ""resource_type"": ""gce_instance"", ""resource_zone"": ""us-central1-a"", ""vm"": ""8057035535632679842""}",105189376
2026-09-27T02:43:29.736323Z,"{""command"": ""systemd"", ""command_line"": ""/sbin/init"", ""owner"": ""root"", ""pid"": ""1"", ""process"": ""all"", ""resource_instance_id"": ""8057035535632679842"", ""resource_project_id"": ""proyecto-2-cloud-509714"", ""resource_type"": ""gce_instance"", ""resource_zone"": ""us-central1-a"", ""vm"": ""8057035535632679842""}",105189376
2026-09-27T02:42:59.732086Z,"{""command"": ""systemd"", ""command_line"": ""/sbin/init"", ""owner"": ""root"", ""pid"": ""1"", ""process"": ""all"", ""resource_instance_id"": ""8057035535632679842"", ""resource_project_id"": ""proyecto-2-cloud-509714"", ""resource_type"": ""gce_instance"", ""resource_zone"": ""us-central1-a"", ""vm"": ""8057035535632679842""}",105189376
2026-09-27T02:42:29.756804Z,"{""command"": ""systemd"", ""command_line"": ""/sbin/init"", ""owner"": ""root"", ""pid"": ""1"", ""process"": ""all"", ""resource_instance_id"": ""8057035535632679842"", ""resource_project_id"": ""proyecto-2-cloud-509714"", ""resource_type"": ""gce_instance"", ""resource_zone"": ""us-central1-a"", ""vm"": ""8057035535632679842""}",105189376
2026-09-27T02:41:59.734968Z,"{""command"": ""systemd"", ""command_line"": ""/sbin/init"", ""owner"": ""root"", ""pid"": ""1"", ""process"": ""all"", ""resource_instance_id"": ""8057035535632679842"", ""resource_project_id"": ""proyecto-2-cloud-509714"", ""resource_type"": ""gce_instance"", ""resource_zone"": ""us-central1-a"", ""vm"": ""8057035535632679842""}",105189376
2026-09-27T02:41:29.738106Z,"{""command"": ""systemd"", ""command_line"": ""/sbin/init"", ""owner"": ""root"", ""pid"": ""1"", ""process"": ""all"", ""resource_instance_id"": ""8057035535632679842"", ""resource_project_id"": ""proyecto-2-cloud-509714"", ""resource_type"": ""gce_instance"", ""resource_zone"": ""us-central1-a"", ""vm"": ""8057035535632679842""}",105189376
2026-09-27T02:40:59.727062Z,"{""command"": ""systemd"", ""command_line"": ""/sbin/init"", ""owner"": ""root"", ""pid"": ""1"", ""process"": ""all"", ""resource_instance_id"": ""8057035535632679842"", ""resource_project_id"": ""proyecto-2-cloud-509714"", ""resource_type"": ""gce_instance"", ""resource_zone"": ""us-central1-a"", ""vm"": ""8057035535632679842""}",105189376
2026-09-27T02:40:29.724897Z,"{""command"": ""systemd"", ""command_line"": ""/sbin/init"", ""owner"": ""root"", ""pid"": ""1"", ""process"": ""all"", ""resource_instance_id"": ""8057035535632679842"", ""resource_project_id"": ""proyecto-2-cloud-509714"", ""resource_type"": ""gce_instance"", ""resource_zone"": ""us-central1-a"", ""vm"": ""8057035535632679842""}",105054208
2026-09-27T02:39:59.728988Z,"{""command"": ""systemd"", ""command_line"": ""/sbin/init"", ""owner"": ""root"", ""pid"": ""1"", ""process"": ""all"", ""resource_instance_id"": ""8057035535632679842"", ""resource_project_id"": ""proyecto-2-cloud-509714"", ""resource_type"": ""gce_instance"", ""resource_zone"": ""us-central1-a"", ""vm"": ""8057035535632679842""}",105054208
2026-09-27T02:39:29.727133Z,"{""command"": ""systemd"", ""command_line"": ""/sbin/init"", ""owner"": ""root"", ""pid"": ""1"", ""process"": ""all"", ""resource_instance_id"": ""8057035535632679842"", ""resource_project_id"": ""proyecto-2-cloud-509714"", ""resource_type"": ""gce_instance"", ""resource_zone"": ""us-central1-a"", ""vm"": ""8057035535632679842""}",105054208
2026-09-27T02:38:59.730303Z,"{""command"": ""systemd"", ""command_line"": ""/sbin/init"", ""owner"": ""root"", ""pid"": ""1"", ""process"": ""all"", ""resource_instance_id"": ""8057035535632679842"", ""resource_project_id"": ""proyecto-2-cloud-509714"", ""resource_type"": ""gce_instance"", ""resource_zone"": ""us-central1-a"", ""vm"": ""8057035535632679842""}",105054208
2026-09-27T02:38:29.723378Z,"{""command"": ""systemd"", ""command_line"": ""/sbin/init"", ""owner"": ""root"", ""pid"": ""1"", ""process"": ""all"", ""resource_instance_id"": ""8057035535632679842"", ""resource_project_id"": ""proyecto-2-cloud-509714"", ""resource_type"": ""gce_instance"", ""resource_zone"": ""us-central1-a"", ""vm"": ""8057035535632679842""}",105054208
2026-09-27T02:37:59.734545Z,"{""command"": ""systemd"", ""command_line"": ""/sbin/init"", ""owner"": ""root"", ""pid"": ""1"", ""process"": ""all"", ""resource_instance_id"": ""8057035535632679842"", ""resource_project_id"": ""proyecto-2-cloud-509714"", ""resource_type"": ""gce_instance"", ""resource_zone"": ""us-central1-a"", ""vm"": ""8057035535632679842""}",105054208
2026-09-27T02:37:29.727207Z,"{""command"": ""systemd"", ""command_line"": ""/sbin/init"", ""owner"": ""root"", ""pid"": ""1"", ""process"": ""all"", ""resource_instance_id"": ""8057035535632679842"", ""resource_project_id"": ""proyecto-2-cloud-509714"", ""resource_type"": ""gce_instance"", ""resource_zone"": ""us-central1-a"", ""vm"": ""8057035535632679842""}",105054208
2026-09-27T02:36:59.734386Z,"{""command"": ""systemd"", ""command_line"": ""/sbin/init"", ""owner"": ""root"", ""pid"": ""1"", ""process"": ""all"", ""resource_instance_id"": ""8057035535632679842"", ""resource_project_id"": ""proyecto-2-cloud-509714"", ""resource_type"": ""gce_instance"", ""resource_zone"": ""us-central1-a"", ""vm"": ""8057035535632679842""}",105054208
2026-09-27T02:36:29.729580Z,"{""command"": ""systemd"", ""command_line"": ""/sbin/init"", ""owner"": ""root"", ""pid"": ""1"", ""process"": ""all"", ""resource_instance_id"": ""8057035535632679842"", ""resource_project_id"": ""proyecto-2-cloud-509714"", ""resource_type"": ""gce_instance"", ""resource_zone"": ""us-central1-a"", ""vm"": ""8057035535632679842""}",105054208
2026-09-27T02:35:59.723919Z,"{""command"": ""systemd"", ""command_line"": ""/sbin/init"", ""owner"": ""root"", ""pid"": ""1"", ""process"": ""all"", ""resource_instance_id"": ""8057035535632679842"", ""resource_project_id"": ""proyecto-2-cloud-509714"", ""resource_type"": ""gce_instance"", ""resource_zone"": ""us-central1-a"", ""vm"": ""8057035535632679842""}",105054208
2026-09-27T02:35:29.722567Z,"{""command"": ""systemd"", ""command_line"": ""/sbin/init"", ""owner"": ""root"", ""pid"": ""1"", ""process"": ""all"", ""resource_instance_id"": ""8057035535632679842"", ""resource_project_id"": ""proyecto-2-cloud-509714"", ""resource_type"": ""gce_instance"", ""resource_zone"": ""us-central1-a"", ""vm"": ""8057035535632679842""}",105054208
2026-09-27T02:34:59.727055Z,"{""command"": ""systemd"", ""command_line"": ""/sbin/init"", ""owner"": ""root"", ""pid"": ""1"", ""process"": ""all"", ""resource_instance_id"": ""8057035535632679842"", ""resource_project_id"": ""proyecto-2-cloud-509714"", ""resource_type"": ""gce_instance"", ""resource_zone"": ""us-central1-a"", ""vm"": ""8057035535632679842""}",105054208
2026-09-27T02:34:29.726798Z,"{""command"": ""systemd"", ""command_line"": ""/sbin/init"", ""owner"": ""root"", ""pid"": ""1"", ""process"": ""all"", ""resource_instance_id"": ""8057035535632679842"", ""resource_project_id"": ""proyecto-2-cloud-509714"", ""resource_type"": ""gce_instance"", ""resource_zone"": ""us-central1-a"", ""vm"": ""8057035535632679842""}",105054208
2026-09-27T02:33:59.733816Z,"{""command"": ""systemd"", ""command_line"": ""/sbin/init"", ""owner"": ""root"", ""pid"": ""1"", ""process"": ""all"", ""resource_instance_id"": ""8057035535632679842"", ""resource_project_id"": ""proyecto-2-cloud-509714"", ""resource_type"": ""gce_instance"", ""resource_zone"": ""us-central1-a"", ""vm"": ""8057035535632679842""}",105054208
2026-09-27T02:33:29.723424Z,"{""command"": ""systemd"", ""command_line"": ""/sbin/init"", ""owner"": ""root"", ""pid"": ""1"", ""process"": ""all"", ""resource_instance_id"": ""8057035535632679842"", ""resource_project_id"": ""proyecto-2-cloud-509714"", ""resource_type"": ""gce_instance"", ""resource_zone"": ""us-central1-a"", ""vm"": ""8057035535632679842""}",105054208
2026-09-27T02:32:59.740362Z,"{""command"": ""systemd"", ""command_line"": ""/sbin/init"", ""owner"": ""root"", ""pid"": ""1"", ""process"": ""all"", ""resource_instance_id"": ""8057035535632679842"", ""resource_project_id"": ""proyecto-2-cloud-509714"", ""resource_type"": ""gce_instance"", ""resource_zone"": ""us-central1-a"", ""vm"": ""8057035535632679842""}",105054208
2026-09-27T02:32:29.731491Z,"{""command"": ""systemd"", ""command_line"": ""/sbin/init"", ""owner"": ""root"", ""pid"": ""1"", ""process"": ""all"", ""resource_instance_id"": ""8057035535632679842"", ""resource_project_id"": ""proyecto-2-cloud-509714"", ""resource_type"": ""gce_instance"", ""resource_zone"": ""us-central1-a"", ""vm"": ""8057035535632679842""}",105054208
2026-09-27T02:31:59.731831Z,"{""command"": ""systemd"", ""command_line"": ""/sbin/init"", ""owner"": ""root"", ""pid"": ""1"", ""process"": ""all"", ""resource_instance_id"": ""8057035535632679842"", ""resource_project_id"": ""proyecto-2-cloud-509714"", ""resource_type"": ""gce_instance"", ""resource_zone"": ""us-central1-a"", ""vm"": ""8057035535632679842""}",105054208
2026-09-27T02:31:29.726222Z,"{""command"": ""systemd"", ""command_line"": ""/sbin/init"", ""owner"": ""root"", ""pid"": ""1"", ""process"": ""all"", ""resource_instance_id"": ""8057035535632679842"", ""resource_project_id"": ""proyecto-2-cloud-509714"", ""resource_type"": ""gce_instance"", ""resource_zone"": ""us-central1-a"", ""vm"": ""8057035535632679842""}",105054208
2026-09-27T02:30:59.740191Z,"{""command"": ""systemd"", ""command_line"": ""/sbin/init"", ""owner"": ""root"", ""pid"": ""1"", ""process"": ""all"", ""resource_instance_id"": ""8057035535632679842"", ""resource_project_id"": ""proyecto-2-cloud-509714"", ""resource_type"": ""gce_instance"", ""resource_zone"": ""us-central1-a"", ""vm"": ""8057035535632679842""}",105054208
2026-09-27T02:30:29.736476Z,"{""command"": ""systemd"", ""command_line"": ""/sbin/init"", ""owner"": ""root"", ""pid"": ""1"", ""process"": ""all"", ""resource_instance_id"": ""8057035535632679842"", ""resource_project_id"": ""proyecto-2-cloud-509714"", ""resource_type"": ""gce_instance"", ""resource_zone"": ""us-central1-a"", ""vm"": ""8057035535632679842""}",105054208
2026-09-27T02:30:22.322917Z,"{""command"": ""systemd"", ""command_line"": ""/sbin/init"", ""owner"": ""root"", ""pid"": ""1"", ""process"": ""all"", ""resource_instance_id"": ""8057035535632679842"", ""resource_project_id"": ""proyecto-2-cloud-509714"", ""resource_type"": ""gce_instance"", ""resource_zone"": ""us-central1-a"", ""vm"": ""8057035535632679842""}",105054208
2026-09-27T02:49:59.738776Z,"{""command"": ""systemd-journald"", ""command_line"": ""/lib/systemd/systemd-journald"", ""owner"": ""root"", ""pid"": ""229"", ""process"": ""all"", ""resource_instance_id"": ""8057035535632679842"", ""resource_project_id"": ""proyecto-2-cloud-509714"", ""resource_type"": ""gce_instance"", ""resource_zone"": ""us-central1-a"", ""vm"": ""8057035535632679842""}",51007488
2026-09-27T02:49:29.735094Z,"{""command"": ""systemd-journald"", ""command_line"": ""/lib/systemd/systemd-journald"", ""owner"": ""root"", ""pid"": ""229"", ""process"": ""all"", ""resource_instance_id"": ""8057035535632679842"", ""resource_project_id"": ""proyecto-2-cloud-509714"", ""resource_type"": ""gce_instance"", ""resource_zone"": ""us-central1-a"", ""vm"": ""8057035535632679842""}",51007488
2026-09-27T02:48:59.729894Z,"{""command"": ""systemd-journald"", ""command_line"": ""/lib/systemd/systemd-journald"", ""owner"": ""root"", ""pid"": ""229"", ""process"": ""all"", ""resource_instance_id"": ""8057035535632679842"", ""resource_project_id"": ""proyecto-2-cloud-509714"", ""resource_type"": ""gce_instance"", ""resource_zone"": ""us-central1-a"", ""vm"": ""8057035535632679842""}",51007488
2026-09-27T02:48:29.736823Z,"{""command"": ""systemd-journald"", ""command_line"": ""/lib/systemd/systemd-journald"", ""owner"": ""root"", ""pid"": ""229"", ""process"": ""all"", ""resource_instance_id"": ""8057035535632679842"", ""resource_project_id"": ""proyecto-2-cloud-509714"", ""resource_type"": ""gce_instance"", ""resource_zone"": ""us-central1-a"", ""vm"": ""8057035535632679842""}",51007488
2026-09-27T02:47:59.734412Z,"{""command"": ""systemd-journald"", ""command_line"": ""/lib/systemd/systemd-journald"", ""owner"": ""root"", ""pid"": ""229"", ""process"": ""all"", ""resource_instance_id"": ""8057035535632679842"", ""resource_project_id"": ""proyecto-2-cloud-509714"", ""resource_type"": ""gce_instance"", ""resource_zone"": ""us-central1-a"", ""vm"": ""8057035535632679842""}",51007488
2026-09-27T02:47:29.731679Z,"{""command"": ""systemd-journald"", ""command_line"": ""/lib/systemd/systemd-journald"", ""owner"": ""root"", ""pid"": ""229"", ""process"": ""all"", ""resource_instance_id"": ""8057035535632679842"", ""resource_project_id"": ""proyecto-2-cloud-509714"", ""resource_type"": ""gce_instance"", ""resource_zone"": ""us-central1-a"", ""vm"": ""8057035535632679842""}",51007488
2026-09-27T02:46:59.742245Z,"{""command"": ""systemd-journald"", ""command_line"": ""/lib/systemd/systemd-journald"", ""owner"": ""root"", ""pid"": ""229"", ""process"": ""all"", ""resource_instance_id"": ""8057035535632679842"", ""resource_project_id"": ""proyecto-2-cloud-509714"", ""resource_type"": ""gce_instance"", ""resource_zone"": ""us-central1-a"", ""vm"": ""8057035535632679842""}",51007488
2026-09-27T02:46:29.736359Z,"{""command"": ""systemd-journald"", ""command_line"": ""/lib/systemd/systemd-journald"", ""owner"": ""root"", ""pid"": ""229"", ""process"": ""all"", ""resource_instance_id"": ""8057035535632679842"", ""resource_project_id"": ""proyecto-2-cloud-509714"", ""resource_type"": ""gce_instance"", ""resource_zone"": ""us-central1-a"", ""vm"": ""8057035535632679842""}",51007488
2026-09-27T02:45:59.730959Z,"{""command"": ""systemd-journald"", ""command_line"": ""/lib/systemd/systemd-journald"", ""owner"": ""root"", ""pid"": ""229"", ""process"": ""all"", ""resource_instance_id"": ""8057035535632679842"", ""resource_project_id"": ""proyecto-2-cloud-509714"", ""resource_type"": ""gce_instance"", ""resource_zone"": ""us-central1-a"", ""vm"": ""8057035535632679842""}",51007488
2026-09-27T02:45:29.736719Z,"{""command"": ""systemd-journald"", ""command_line"": ""/lib/systemd/systemd-journald"", ""owner"": ""root"", ""pid"": ""229"", ""process"": ""all"", ""resource_instance_id"": ""8057035535632679842"", ""resource_project_id"": ""proyecto-2-cloud-509714"", ""resource_type"": ""gce_instance"", ""resource_zone"": ""us-central1-a"", ""vm"": ""8057035535632679842""}",42614784
2026-09-27T02:44:59.742126Z,"{""command"": ""systemd-journald"", ""command_line"": ""/lib/systemd/systemd-journald"", ""owner"": ""root"", ""pid"": ""229"", ""process"": ""all"", ""resource_instance_id"": ""8057035535632679842"", ""resource_project_id"": ""proyecto-2-cloud-509714"", ""resource_type"": ""gce_instance"", ""resource_zone"": ""us-central1-a"", ""vm"": ""8057035535632679842""}",42614784
2026-09-27T02:44:29.739250Z,"{""command"": ""systemd-journald"", ""command_line"": ""/lib/systemd/systemd-journald"", ""owner"": ""root"", ""pid"": ""229"", ""process"": ""all"", ""resource_instance_id"": ""8057035535632679842"", ""resource_project_id"": ""proyecto-2-cloud-509714"", ""resource_type"": ""gce_instance"", ""resource_zone"": ""us-central1-a"", ""vm"": ""8057035535632679842""}",42614784
2026-09-27T02:43:59.740805Z,"{""command"": ""systemd-journald"", ""command_line"": ""/lib/systemd/systemd-journald"", ""owner"": ""root"", ""pid"": ""229"", ""process"": ""all"", ""resource_instance_id"": ""8057035535632679842"", ""resource_project_id"": ""proyecto-2-cloud-509714"", ""resource_type"": ""gce_instance"", ""resource_zone"": ""us-central1-a"", ""vm"": ""8057035535632679842""}",42614784
2026-09-27T02:43:29.741470Z,"{""command"": ""systemd-journald"", ""command_line"": ""/lib/systemd/systemd-journald"", ""owner"": ""root"", ""pid"": ""229"", ""process"": ""all"", ""resource_instance_id"": ""8057035535632679842"", ""resource_project_id"": ""proyecto-2-cloud-509714"", ""resource_type"": ""gce_instance"", ""resource_zone"": ""us-central1-a"", ""vm"": ""8057035535632679842""}",42614784
2026-09-27T02:42:59.735326Z,"{""command"": ""systemd-journald"", ""command_line"": ""/lib/systemd/systemd-journald"", ""owner"": ""root"", ""pid"": ""229"", ""process"": ""all"", ""resource_instance_id"": ""8057035535632679842"", ""resource_project_id"": ""proyecto-2-cloud-509714"", ""resource_type"": ""gce_instance"", ""resource_zone"": ""us-central1-a"", ""vm"": ""8057035535632679842""}",42614784
2026-09-27T02:42:29.761240Z,"{""command"": ""systemd-journald"", ""command_line"": ""/lib/systemd/systemd-journald"", ""owner"": ""root"", ""pid"": ""229"", ""process"": ""all"", ""resource_instance_id"": ""8057035535632679842"", ""resource_project_id"": ""proyecto-2-cloud-509714"", ""resource_type"": ""gce_instance"", ""resource_zone"": ""us-central1-a"", ""vm"": ""8057035535632679842""}",42614784
2026-09-27T02:41:59.738629Z,"{""command"": ""systemd-journald"", ""command_line"": ""/lib/systemd/systemd-journald"", ""owner"": ""root"", ""pid"": ""229"", ""process"": ""all"", ""resource_instance_id"": ""8057035535632679842"", ""resource_project_id"": ""proyecto-2-cloud-509714"", ""resource_type"": ""gce_instance"", ""resource_zone"": ""us-central1-a"", ""vm"": ""8057035535632679842""}",42614784
2026-09-27T02:41:29.742334Z,"{""command"": ""systemd-journald"", ""command_line"": ""/lib/systemd/systemd-journald"", ""owner"": ""root"", ""pid"": ""229"", ""process"": ""all"", ""resource_instance_id"": ""8057035535632679842"", ""resource_project_id"": ""proyecto-2-cloud-509714"", ""resource_type"": ""gce_instance"", ""resource_zone"": ""us-central1-a"", ""vm"": ""8057035535632679842""}",42614784
2026-09-27T02:40:59.729941Z,"{""command"": ""systemd-journald"", ""command_line"": ""/lib/systemd/systemd-journald"", ""owner"": ""root"", ""pid"": ""229"", ""process"": ""all"", ""resource_instance_id"": ""8057035535632679842"", ""resource_project_id"": ""proyecto-2-cloud-509714"", ""resource_type"": ""gce_instance"", ""resource_zone"": ""us-central1-a"", ""vm"": ""8057035535632679842""}",42614784
2026-09-27T02:40:29.728212Z,"{""command"": ""systemd-journald"", ""command_line"": ""/lib/systemd/systemd-journald"", ""owner"": ""root"", ""pid"": ""229"", ""process"": ""all"", ""resource_instance_id"": ""8057035535632679842"", ""resource_project_id"": ""proyecto-2-cloud-509714"", ""resource_type"": ""gce_instance"", ""resource_zone"": ""us-central1-a"", ""vm"": ""8057035535632679842""}",34222080
2026-09-27T02:39:59.735122Z,"{""command"": ""systemd-journald"", ""command_line"": ""/lib/systemd/systemd-journald"", ""owner"": ""root"", ""pid"": ""229"", ""process"": ""all"", ""resource_instance_id"": ""8057035535632679842"", ""resource_project_id"": ""proyecto-2-cloud-509714"", ""resource_type"": ""gce_instance"", ""resource_zone"": ""us-central1-a"", ""vm"": ""8057035535632679842""}",34222080
2026-09-27T02:39:29.729875Z,"{""command"": ""systemd-journald"", ""command_line"": ""/lib/systemd/systemd-journald"", ""owner"": ""root"", ""pid"": ""229"", ""process"": ""all"", ""resource_instance_id"": ""8057035535632679842"", ""resource_project_id"": ""proyecto-2-cloud-509714"", ""resource_type"": ""gce_instance"", ""resource_zone"": ""us-central1-a"", ""vm"": ""8057035535632679842""}",34222080
2026-09-27T02:38:59.735336Z,"{""command"": ""systemd-journald"", ""command_line"": ""/lib/systemd/systemd-journald"", ""owner"": ""root"", ""pid"": ""229"", ""process"": ""all"", ""resource_instance_id"": ""8057035535632679842"", ""resource_project_id"": ""proyecto-2-cloud-509714"", ""resource_type"": ""gce_instance"", ""resource_zone"": ""us-central1-a"", ""vm"": ""8057035535632679842""}",34222080
2026-09-27T02:38:29.727261Z,"{""command"": ""systemd-journald"", ""command_line"": ""/lib/systemd/systemd-journald"", ""owner"": ""root"", ""pid"": ""229"", ""process"": ""all"", ""resource_instance_id"": ""8057035535632679842"", ""resource_project_id"": ""proyecto-2-cloud-509714"", ""resource_type"": ""gce_instance"", ""resource_zone"": ""us-central1-a"", ""vm"": ""8057035535632679842""}",34222080
2026-09-27T02:37:59.737712Z,"{""command"": ""systemd-journald"", ""command_line"": ""/lib/systemd/systemd-journald"", ""owner"": ""root"", ""pid"": ""229"", ""process"": ""all"", ""resource_instance_id"": ""8057035535632679842"", ""resource_project_id"": ""proyecto-2-cloud-509714"", ""resource_type"": ""gce_instance"", ""resource_zone"": ""us-central1-a"", ""vm"": ""8057035535632679842""}",34222080
2026-09-27T02:37:29.731953Z,"{""command"": ""systemd-journald"", ""command_line"": ""/lib/systemd/systemd-journald"", ""owner"": ""root"", ""pid"": ""229"", ""process"": ""all"", ""resource_instance_id"": ""8057035535632679842"", ""resource_project_id"": ""proyecto-2-cloud-509714"", ""resource_type"": ""gce_instance"", ""resource_zone"": ""us-central1-a"", ""vm"": ""8057035535632679842""}",34222080
2026-09-27T02:36:59.739084Z,"{""command"": ""systemd-journald"", ""command_line"": ""/lib/systemd/systemd-journald"", ""owner"": ""root"", ""pid"": ""229"", ""process"": ""all"", ""resource_instance_id"": ""8057035535632679842"", ""resource_project_id"": ""proyecto-2-cloud-509714"", ""resource_type"": ""gce_instance"", ""resource_zone"": ""us-central1-a"", ""vm"": ""8057035535632679842""}",34222080
2026-09-27T02:36:29.734197Z,"{""command"": ""systemd-journald"", ""command_line"": ""/lib/systemd/systemd-journald"", ""owner"": ""root"", ""pid"": ""229"", ""process"": ""all"", ""resource_instance_id"": ""8057035535632679842"", ""resource_project_id"": ""proyecto-2-cloud-509714"", ""resource_type"": ""gce_instance"", ""resource_zone"": ""us-central1-a"", ""vm"": ""8057035535632679842""}",34222080
2026-09-27T02:35:59.726900Z,"{""command"": ""systemd-journald"", ""command_line"": ""/lib/systemd/systemd-journald"", ""owner"": ""root"", ""pid"": ""229"", ""process"": ""all"", ""resource_instance_id"": ""8057035535632679842"", ""resource_project_id"": ""proyecto-2-cloud-509714"", ""resource_type"": ""gce_instance"", ""resource_zone"": ""us-central1-a"", ""vm"": ""8057035535632679842""}",34222080
2026-09-27T02:35:29.725484Z,"{""command"": ""systemd-journald"", ""command_line"": ""/lib/systemd/systemd-journald"", ""owner"": ""root"", ""pid"": ""229"", ""process"": ""all"", ""resource_instance_id"": ""8057035535632679842"", ""resource_project_id"": ""proyecto-2-cloud-509714"", ""resource_type"": ""gce_instance"", ""resource_zone"": ""us-central1-a"", ""vm"": ""8057035535632679842""}",34222080
2026-09-27T02:34:59.730497Z,"{""command"": ""systemd-journald"", ""command_line"": ""/lib/systemd/systemd-journald"", ""owner"": ""root"", ""pid"": ""229"", ""process"": ""all"", ""resource_instance_id"": ""8057035535632679842"", ""resource_project_id"": ""proyecto-2-cloud-509714"", ""resource_type"": ""gce_instance"", ""resource_zone"": ""us-central1-a"", ""vm"": ""8057035535632679842""}",34222080
2026-09-27T02:34:29.729979Z,"{""command"": ""systemd-journald"", ""command_line"": ""/lib/systemd/systemd-journald"", ""owner"": ""root"", ""pid"": ""229"", ""process"": ""all"", ""resource_instance_id"": ""8057035535632679842"", ""resource_project_id"": ""proyecto-2-cloud-509714"", ""resource_type"": ""gce_instance"", ""resource_zone"": ""us-central1-a"", ""vm"": ""8057035535632679842""}",34222080
2026-09-27T02:33:59.737033Z,"{""command"": ""systemd-journald"", ""command_line"": ""/lib/systemd/systemd-journald"", ""owner"": ""root"", ""pid"": ""229"", ""process"": ""all"", ""resource_instance_id"": ""8057035535632679842"", ""resource_project_id"": ""proyecto-2-cloud-509714"", ""resource_type"": ""gce_instance"", ""resource_zone"": ""us-central1-a"", ""vm"": ""8057035535632679842""}",34222080
2026-09-27T02:33:29.726243Z,"{""command"": ""systemd-journald"", ""command_line"": ""/lib/systemd/systemd-journald"", ""owner"": ""root"", ""pid"": ""229"", ""process"": ""all"", ""resource_instance_id"": ""8057035535632679842"", ""resource_project_id"": ""proyecto-2-cloud-509714"", ""resource_type"": ""gce_instance"", ""resource_zone"": ""us-central1-a"", ""vm"": ""8057035535632679842""}",34222080
2026-09-27T02:32:59.743503Z,"{""command"": ""systemd-journald"", ""command_line"": ""/lib/systemd/systemd-journald"", ""owner"": ""root"", ""pid"": ""229"", ""process"": ""all"", ""resource_instance_id"": ""8057035535632679842"", ""resource_project_id"": ""proyecto-2-cloud-509714"", ""resource_type"": ""gce_instance"", ""resource_zone"": ""us-central1-a"", ""vm"": ""8057035535632679842""}",34222080
2026-09-27T02:32:29.734936Z,"{""command"": ""systemd-journald"", ""command_line"": ""/lib/systemd/systemd-journald"", ""owner"": ""root"", ""pid"": ""229"", ""process"": ""all"", ""resource_instance_id"": ""8057035535632679842"", ""resource_project_id"": ""proyecto-2-cloud-509714"", ""resource_type"": ""gce_instance"", ""resource_zone"": ""us-central1-a"", ""vm"": ""8057035535632679842""}",34222080
2026-09-27T02:31:59.734941Z,"{""command"": ""systemd-journald"", ""command_line"": ""/lib/systemd/systemd-journald"", ""owner"": ""root"", ""pid"": ""229"", ""process"": ""all"", ""resource_instance_id"": ""8057035535632679842"", ""resource_project_id"": ""proyecto-2-cloud-509714"", ""resource_type"": ""gce_instance"", ""resource_zone"": ""us-central1-a"", ""vm"": ""8057035535632679842""}",34222080
2026-09-27T02:31:29.729292Z,"{""command"": ""systemd-journald"", ""command_line"": ""/lib/systemd/systemd-journald"", ""owner"": ""root"", ""pid"": ""229"", ""process"": ""all"", ""resource_instance_id"": ""8057035535632679842"", ""resource_project_id"": ""proyecto-2-cloud-509714"", ""resource_type"": ""gce_instance"", ""resource_zone"": ""us-central1-a"", ""vm"": ""8057035535632679842""}",34222080
2026-09-27T02:30:59.745368Z,"{""command"": ""systemd-journald"", ""command_line"": ""/lib/systemd/systemd-journald"", ""owner"": ""root"", ""pid"": ""229"", ""process"": ""all"", ""resource_instance_id"": ""8057035535632679842"", ""resource_project_id"": ""proyecto-2-cloud-509714"", ""resource_type"": ""gce_instance"", ""resource_zone"": ""us-central1-a"", ""vm"": ""8057035535632679842""}",34222080
2026-09-27T02:30:29.740013Z,"{""command"": ""systemd-journald"", ""command_line"": ""/lib/systemd/systemd-journald"", ""owner"": ""root"", ""pid"": ""229"", ""process"": ""all"", ""resource_instance_id"": ""8057035535632679842"", ""resource_project_id"": ""proyecto-2-cloud-509714"", ""resource_type"": ""gce_instance"", ""resource_zone"": ""us-central1-a"", ""vm"": ""8057035535632679842""}",34222080
2026-09-27T02:30:22.326430Z,"{""command"": ""systemd-journald"", ""command_line"": ""/lib/systemd/systemd-journald"", ""owner"": ""root"", ""pid"": ""229"", ""process"": ""all"", ""resource_instance_id"": ""8057035535632679842"", ""resource_project_id"": ""proyecto-2-cloud-509714"", ""resource_type"": ""gce_instance"", ""resource_zone"": ""us-central1-a"", ""vm"": ""8057035535632679842""}",33955840
2026-09-27T02:49:59.740037Z,"{""command"": ""systemd-logind"", ""command_line"": ""/lib/systemd/systemd-logind"", ""owner"": ""root"", ""pid"": ""399"", ""process"": ""all"", ""resource_instance_id"": ""8057035535632679842"", ""resource_project_id"": ""proyecto-2-cloud-509714"", ""resource_type"": ""gce_instance"", ""resource_zone"": ""us-central1-a"", ""vm"": ""8057035535632679842""}",17096704
2026-09-27T02:49:29.735749Z,"{""command"": ""systemd-logind"", ""command_line"": ""/lib/systemd/systemd-logind"", ""owner"": ""root"", ""pid"": ""399"", ""process"": ""all"", ""resource_instance_id"": ""8057035535632679842"", ""resource_project_id"": ""proyecto-2-cloud-509714"", ""resource_type"": ""gce_instance"", ""resource_zone"": ""us-central1-a"", ""vm"": ""8057035535632679842""}",17096704
2026-09-27T02:48:59.731162Z,"{""command"": ""systemd-logind"", ""command_line"": ""/lib/systemd/systemd-logind"", ""owner"": ""root"", ""pid"": ""399"", ""process"": ""all"", ""resource_instance_id"": ""8057035535632679842"", ""resource_project_id"": ""proyecto-2-cloud-509714"", ""resource_type"": ""gce_instance"", ""resource_zone"": ""us-central1-a"", ""vm"": ""8057035535632679842""}",17096704
2026-09-27T02:48:29.737588Z,"{""command"": ""systemd-logind"", ""command_line"": ""/lib/systemd/systemd-logind"", ""owner"": ""root"", ""pid"": ""399"", ""process"": ""all"", ""resource_instance_id"": ""8057035535632679842"", ""resource_project_id"": ""proyecto-2-cloud-509714"", ""resource_type"": ""gce_instance"", ""resource_zone"": ""us-central1-a"", ""vm"": ""8057035535632679842""}",17096704
2026-09-27T02:47:59.735300Z,"{""command"": ""systemd-logind"", ""command_line"": ""/lib/systemd/systemd-logind"", ""owner"": ""root"", ""pid"": ""399"", ""process"": ""all"", ""resource_instance_id"": ""8057035535632679842"", ""resource_project_id"": ""proyecto-2-cloud-509714"", ""resource_type"": ""gce_instance"", ""resource_zone"": ""us-central1-a"", ""vm"": ""8057035535632679842""}",17096704
2026-09-27T02:47:29.732418Z,"{""command"": ""systemd-logind"", ""command_line"": ""/lib/systemd/systemd-logind"", ""owner"": ""root"", ""pid"": ""399"", ""process"": ""all"", ""resource_instance_id"": ""8057035535632679842"", ""resource_project_id"": ""proyecto-2-cloud-509714"", ""resource_type"": ""gce_instance"", ""resource_zone"": ""us-central1-a"", ""vm"": ""8057035535632679842""}",17096704
2026-09-27T02:46:59.743140Z,"{""command"": ""systemd-logind"", ""command_line"": ""/lib/systemd/systemd-logind"", ""owner"": ""root"", ""pid"": ""399"", ""process"": ""all"", ""resource_instance_id"": ""8057035535632679842"", ""resource_project_id"": ""proyecto-2-cloud-509714"", ""resource_type"": ""gce_instance"", ""resource_zone"": ""us-central1-a"", ""vm"": ""8057035535632679842""}",17096704
2026-09-27T02:46:29.738857Z,"{""command"": ""systemd-logind"", ""command_line"": ""/lib/systemd/systemd-logind"", ""owner"": ""root"", ""pid"": ""399"", ""process"": ""all"", ""resource_instance_id"": ""8057035535632679842"", ""resource_project_id"": ""proyecto-2-cloud-509714"", ""resource_type"": ""gce_instance"", ""resource_zone"": ""us-central1-a"", ""vm"": ""8057035535632679842""}",17096704
2026-09-27T02:45:59.731555Z,"{""command"": ""systemd-logind"", ""command_line"": ""/lib/systemd/systemd-logind"", ""owner"": ""root"", ""pid"": ""399"", ""process"": ""all"", ""resource_instance_id"": ""8057035535632679842"", ""resource_project_id"": ""proyecto-2-cloud-509714"", ""resource_type"": ""gce_instance"", ""resource_zone"": ""us-central1-a"", ""vm"": ""8057035535632679842""}",17096704
2026-09-27T02:45:29.737349Z,"{""command"": ""systemd-logind"", ""command_line"": ""/lib/systemd/systemd-logind"", ""owner"": ""root"", ""pid"": ""399"", ""process"": ""all"", ""resource_instance_id"": ""8057035535632679842"", ""resource_project_id"": ""proyecto-2-cloud-509714"", ""resource_type"": ""gce_instance"", ""resource_zone"": ""us-central1-a"", ""vm"": ""8057035535632679842""}",17096704
2026-09-27T02:44:59.743075Z,"{""command"": ""systemd-logind"", ""command_line"": ""/lib/systemd/systemd-logind"", ""owner"": ""root"", ""pid"": ""399"", ""process"": ""all"", ""resource_instance_id"": ""8057035535632679842"", ""resource_project_id"": ""proyecto-2-cloud-509714"", ""resource_type"": ""gce_instance"", ""resource_zone"": ""us-central1-a"", ""vm"": ""8057035535632679842""}",17096704
2026-09-27T02:44:29.739930Z,"{""command"": ""systemd-logind"", ""command_line"": ""/lib/systemd/systemd-logind"", ""owner"": ""root"", ""pid"": ""399"", ""process"": ""all"", ""resource_instance_id"": ""8057035535632679842"", ""resource_project_id"": ""proyecto-2-cloud-509714"", ""resource_type"": ""gce_instance"", ""resource_zone"": ""us-central1-a"", ""vm"": ""8057035535632679842""}",17096704
2026-09-27T02:43:59.741612Z,"{""command"": ""systemd-logind"", ""command_line"": ""/lib/systemd/systemd-logind"", ""owner"": ""root"", ""pid"": ""399"", ""process"": ""all"", ""resource_instance_id"": ""8057035535632679842"", ""resource_project_id"": ""proyecto-2-cloud-509714"", ""resource_type"": ""gce_instance"", ""resource_zone"": ""us-central1-a"", ""vm"": ""8057035535632679842""}",17096704
2026-09-27T02:43:29.742216Z,"{""command"": ""systemd-logind"", ""command_line"": ""/lib/systemd/systemd-logind"", ""owner"": ""root"", ""pid"": ""399"", ""process"": ""all"", ""resource_instance_id"": ""8057035535632679842"", ""resource_project_id"": ""proyecto-2-cloud-509714"", ""resource_type"": ""gce_instance"", ""resource_zone"": ""us-central1-a"", ""vm"": ""8057035535632679842""}",17096704
2026-09-27T02:42:59.736059Z,"{""command"": ""systemd-logind"", ""command_line"": ""/lib/systemd/systemd-logind"", ""owner"": ""root"", ""pid"": ""399"", ""process"": ""all"", ""resource_instance_id"": ""8057035535632679842"", ""resource_project_id"": ""proyecto-2-cloud-509714"", ""resource_type"": ""gce_instance"", ""resource_zone"": ""us-central1-a"", ""vm"": ""8057035535632679842""}",17096704
2026-09-27T02:42:29.761975Z,"{""command"": ""systemd-logind"", ""command_line"": ""/lib/systemd/systemd-logind"", ""owner"": ""root"", ""pid"": ""399"", ""process"": ""all"", ""resource_instance_id"": ""8057035535632679842"", ""resource_project_id"": ""proyecto-2-cloud-509714"", ""resource_type"": ""gce_instance"", ""resource_zone"": ""us-central1-a"", ""vm"": ""8057035535632679842""}",17096704
2026-09-27T02:41:59.739537Z,"{""command"": ""systemd-logind"", ""command_line"": ""/lib/systemd/systemd-logind"", ""owner"": ""root"", ""pid"": ""399"", ""process"": ""all"", ""resource_instance_id"": ""8057035535632679842"", ""resource_project_id"": ""proyecto-2-cloud-509714"", ""resource_type"": ""gce_instance"", ""resource_zone"": ""us-central1-a"", ""vm"": ""8057035535632679842""}",17096704
2026-09-27T02:41:29.743072Z,"{""command"": ""systemd-logind"", ""command_line"": ""/lib/systemd/systemd-logind"", ""owner"": ""root"", ""pid"": ""399"", ""process"": ""all"", ""resource_instance_id"": ""8057035535632679842"", ""resource_project_id"": ""proyecto-2-cloud-509714"", ""resource_type"": ""gce_instance"", ""resource_zone"": ""us-central1-a"", ""vm"": ""8057035535632679842""}",17096704
2026-09-27T02:40:59.730651Z,"{""command"": ""systemd-logind"", ""command_line"": ""/lib/systemd/systemd-logind"", ""owner"": ""root"", ""pid"": ""399"", ""process"": ""all"", ""resource_instance_id"": ""8057035535632679842"", ""resource_project_id"": ""proyecto-2-cloud-509714"", ""resource_type"": ""gce_instance"", ""resource_zone"": ""us-central1-a"", ""vm"": ""8057035535632679842""}",17096704
2026-09-27T02:40:29.729097Z,"{""command"": ""systemd-logind"", ""command_line"": ""/lib/systemd/systemd-logind"", ""owner"": ""root"", ""pid"": ""399"", ""process"": ""all"", ""resource_instance_id"": ""8057035535632679842"", ""resource_project_id"": ""proyecto-2-cloud-509714"", ""resource_type"": ""gce_instance"", ""resource_zone"": ""us-central1-a"", ""vm"": ""8057035535632679842""}",17096704
2026-09-27T02:39:59.736505Z,"{""command"": ""systemd-logind"", ""command_line"": ""/lib/systemd/systemd-logind"", ""owner"": ""root"", ""pid"": ""399"", ""process"": ""all"", ""resource_instance_id"": ""8057035535632679842"", ""resource_project_id"": ""proyecto-2-cloud-509714"", ""resource_type"": ""gce_instance"", ""resource_zone"": ""us-central1-a"", ""vm"": ""8057035535632679842""}",17096704
2026-09-27T02:39:29.730650Z,"{""command"": ""systemd-logind"", ""command_line"": ""/lib/systemd/systemd-logind"", ""owner"": ""root"", ""pid"": ""399"", ""process"": ""all"", ""resource_instance_id"": ""8057035535632679842"", ""resource_project_id"": ""proyecto-2-cloud-509714"", ""resource_type"": ""gce_instance"", ""resource_zone"": ""us-central1-a"", ""vm"": ""8057035535632679842""}",17096704
2026-09-27T02:38:59.736557Z,"{""command"": ""systemd-logind"", ""command_line"": ""/lib/systemd/systemd-logind"", ""owner"": ""root"", ""pid"": ""399"", ""process"": ""all"", ""resource_instance_id"": ""8057035535632679842"", ""resource_project_id"": ""proyecto-2-cloud-509714"", ""resource_type"": ""gce_instance"", ""resource_zone"": ""us-central1-a"", ""vm"": ""8057035535632679842""}",17096704
2026-09-27T02:38:29.728011Z,"{""command"": ""systemd-logind"", ""command_line"": ""/lib/systemd/systemd-logind"", ""owner"": ""root"", ""pid"": ""399"", ""process"": ""all"", ""resource_instance_id"": ""8057035535632679842"", ""resource_project_id"": ""proyecto-2-cloud-509714"", ""resource_type"": ""gce_instance"", ""resource_zone"": ""us-central1-a"", ""vm"": ""8057035535632679842""}",17096704
2026-09-27T02:37:59.738496Z,"{""command"": ""systemd-logind"", ""command_line"": ""/lib/systemd/systemd-logind"", ""owner"": ""root"", ""pid"": ""399"", ""process"": ""all"", ""resource_instance_id"": ""8057035535632679842"", ""resource_project_id"": ""proyecto-2-cloud-509714"", ""resource_type"": ""gce_instance"", ""resource_zone"": ""us-central1-a"", ""vm"": ""8057035535632679842""}",17096704
2026-09-27T02:37:29.732778Z,"{""command"": ""systemd-logind"", ""command_line"": ""/lib/systemd/systemd-logind"", ""owner"": ""root"", ""pid"": ""399"", ""process"": ""all"", ""resource_instance_id"": ""8057035535632679842"", ""resource_project_id"": ""proyecto-2-cloud-509714"", ""resource_type"": ""gce_instance"", ""resource_zone"": ""us-central1-a"", ""vm"": ""8057035535632679842""}",17096704
2026-09-27T02:36:59.740294Z,"{""command"": ""systemd-logind"", ""command_line"": ""/lib/systemd/systemd-logind"", ""owner"": ""root"", ""pid"": ""399"", ""process"": ""all"", ""resource_instance_id"": ""8057035535632679842"", ""resource_project_id"": ""proyecto-2-cloud-509714"", ""resource_type"": ""gce_instance"", ""resource_zone"": ""us-central1-a"", ""vm"": ""8057035535632679842""}",17096704
2026-09-27T02:36:29.735485Z,"{""command"": ""systemd-logind"", ""command_line"": ""/lib/systemd/systemd-logind"", ""owner"": ""root"", ""pid"": ""399"", ""process"": ""all"", ""resource_instance_id"": ""8057035535632679842"", ""resource_project_id"": ""proyecto-2-cloud-509714"", ""resource_type"": ""gce_instance"", ""resource_zone"": ""us-central1-a"", ""vm"": ""8057035535632679842""}",17096704
2026-09-27T02:35:59.727977Z,"{""command"": ""systemd-logind"", ""command_line"": ""/lib/systemd/systemd-logind"", ""owner"": ""root"", ""pid"": ""399"", ""process"": ""all"", ""resource_instance_id"": ""8057035535632679842"", ""resource_project_id"": ""proyecto-2-cloud-509714"", ""resource_type"": ""gce_instance"", ""resource_zone"": ""us-central1-a"", ""vm"": ""8057035535632679842""}",17096704
2026-09-27T02:35:29.726243Z,"{""command"": ""systemd-logind"", ""command_line"": ""/lib/systemd/systemd-logind"", ""owner"": ""root"", ""pid"": ""399"", ""process"": ""all"", ""resource_instance_id"": ""8057035535632679842"", ""resource_project_id"": ""proyecto-2-cloud-509714"", ""resource_type"": ""gce_instance"", ""resource_zone"": ""us-central1-a"", ""vm"": ""8057035535632679842""}",17096704
2026-09-27T02:34:59.731464Z,"{""command"": ""systemd-logind"", ""command_line"": ""/lib/systemd/systemd-logind"", ""owner"": ""root"", ""pid"": ""399"", ""process"": ""all"", ""resource_instance_id"": ""8057035535632679842"", ""resource_project_id"": ""proyecto-2-cloud-509714"", ""resource_type"": ""gce_instance"", ""resource_zone"": ""us-central1-a"", ""vm"": ""8057035535632679842""}",17096704
2026-09-27T02:34:29.731376Z,"{""command"": ""systemd-logind"", ""command_line"": ""/lib/systemd/systemd-logind"", ""owner"": ""root"", ""pid"": ""399"", ""process"": ""all"", ""resource_instance_id"": ""8057035535632679842"", ""resource_project_id"": ""proyecto-2-cloud-509714"", ""resource_type"": ""gce_instance"", ""resource_zone"": ""us-central1-a"", ""vm"": ""8057035535632679842""}",17096704
2026-09-27T02:33:59.737819Z,"{""command"": ""systemd-logind"", ""command_line"": ""/lib/systemd/systemd-logind"", ""owner"": ""root"", ""pid"": ""399"", ""process"": ""all"", ""resource_instance_id"": ""8057035535632679842"", ""resource_project_id"": ""proyecto-2-cloud-509714"", ""resource_type"": ""gce_instance"", ""resource_zone"": ""us-central1-a"", ""vm"": ""8057035535632679842""}",17096704
2026-09-27T02:33:29.727015Z,"{""command"": ""systemd-logind"", ""command_line"": ""/lib/systemd/systemd-logind"", ""owner"": ""root"", ""pid"": ""399"", ""process"": ""all"", ""resource_instance_id"": ""8057035535632679842"", ""resource_project_id"": ""proyecto-2-cloud-509714"", ""resource_type"": ""gce_instance"", ""resource_zone"": ""us-central1-a"", ""vm"": ""8057035535632679842""}",17096704
2026-09-27T02:32:59.744348Z,"{""command"": ""systemd-logind"", ""command_line"": ""/lib/systemd/systemd-logind"", ""owner"": ""root"", ""pid"": ""399"", ""process"": ""all"", ""resource_instance_id"": ""8057035535632679842"", ""resource_project_id"": ""proyecto-2-cloud-509714"", ""resource_type"": ""gce_instance"", ""resource_zone"": ""us-central1-a"", ""vm"": ""8057035535632679842""}",17096704
2026-09-27T02:32:29.735754Z,"{""command"": ""systemd-logind"", ""command_line"": ""/lib/systemd/systemd-logind"", ""owner"": ""root"", ""pid"": ""399"", ""process"": ""all"", ""resource_instance_id"": ""8057035535632679842"", ""resource_project_id"": ""proyecto-2-cloud-509714"", ""resource_type"": ""gce_instance"", ""resource_zone"": ""us-central1-a"", ""vm"": ""8057035535632679842""}",17096704
2026-09-27T02:31:59.735696Z,"{""command"": ""systemd-logind"", ""command_line"": ""/lib/systemd/systemd-logind"", ""owner"": ""root"", ""pid"": ""399"", ""process"": ""all"", ""resource_instance_id"": ""8057035535632679842"", ""resource_project_id"": ""proyecto-2-cloud-509714"", ""resource_type"": ""gce_instance"", ""resource_zone"": ""us-central1-a"", ""vm"": ""8057035535632679842""}",17096704
2026-09-27T02:31:29.730006Z,"{""command"": ""systemd-logind"", ""command_line"": ""/lib/systemd/systemd-logind"", ""owner"": ""root"", ""pid"": ""399"", ""process"": ""all"", ""resource_instance_id"": ""8057035535632679842"", ""resource_project_id"": ""proyecto-2-cloud-509714"", ""resource_type"": ""gce_instance"", ""resource_zone"": ""us-central1-a"", ""vm"": ""8057035535632679842""}",17096704
2026-09-27T02:30:59.746621Z,"{""command"": ""systemd-logind"", ""command_line"": ""/lib/systemd/systemd-logind"", ""owner"": ""root"", ""pid"": ""399"", ""process"": ""all"", ""resource_instance_id"": ""8057035535632679842"", ""resource_project_id"": ""proyecto-2-cloud-509714"", ""resource_type"": ""gce_instance"", ""resource_zone"": ""us-central1-a"", ""vm"": ""8057035535632679842""}",17096704
2026-09-27T02:30:29.740840Z,"{""command"": ""systemd-logind"", ""command_line"": ""/lib/systemd/systemd-logind"", ""owner"": ""root"", ""pid"": ""399"", ""process"": ""all"", ""resource_instance_id"": ""8057035535632679842"", ""resource_project_id"": ""proyecto-2-cloud-509714"", ""resource_type"": ""gce_instance"", ""resource_zone"": ""us-central1-a"", ""vm"": ""8057035535632679842""}",17096704
2026-09-27T02:30:22.327453Z,"{""command"": ""systemd-logind"", ""command_line"": ""/lib/systemd/systemd-logind"", ""owner"": ""root"", ""pid"": ""399"", ""process"": ""all"", ""resource_instance_id"": ""8057035535632679842"", ""resource_project_id"": ""proyecto-2-cloud-509714"", ""resource_type"": ""gce_instance"", ""resource_zone"": ""us-central1-a"", ""vm"": ""8057035535632679842""}",17096704
2026-09-27T02:49:59.739032Z,"{""command"": ""systemd-networkd"", ""command_line"": ""/lib/systemd/systemd-networkd"", ""owner"": ""systemd-network"", ""pid"": ""269"", ""process"": ""all"", ""resource_instance_id"": ""8057035535632679842"", ""resource_project_id"": ""proyecto-2-cloud-509714"", ""resource_type"": ""gce_instance"", ""resource_zone"": ""us-central1-a"", ""vm"": ""8057035535632679842""}",18915328
2026-09-27T02:49:29.735235Z,"{""command"": ""systemd-networkd"", ""command_line"": ""/lib/systemd/systemd-networkd"", ""owner"": ""systemd-network"", ""pid"": ""269"", ""process"": ""all"", ""resource_instance_id"": ""8057035535632679842"", ""resource_project_id"": ""proyecto-2-cloud-509714"", ""resource_type"": ""gce_instance"", ""resource_zone"": ""us-central1-a"", ""vm"": ""8057035535632679842""}",18915328
2026-09-27T02:48:59.730056Z,"{""command"": ""systemd-networkd"", ""command_line"": ""/lib/systemd/systemd-networkd"", ""owner"": ""systemd-network"", ""pid"": ""269"", ""process"": ""all"", ""resource_instance_id"": ""8057035535632679842"", ""resource_project_id"": ""proyecto-2-cloud-509714"", ""resource_type"": ""gce_instance"", ""resource_zone"": ""us-central1-a"", ""vm"": ""8057035535632679842""}",18915328
2026-09-27T02:48:29.737071Z,"{""command"": ""systemd-networkd"", ""command_line"": ""/lib/systemd/systemd-networkd"", ""owner"": ""systemd-network"", ""pid"": ""269"", ""process"": ""all"", ""resource_instance_id"": ""8057035535632679842"", ""resource_project_id"": ""proyecto-2-cloud-509714"", ""resource_type"": ""gce_instance"", ""resource_zone"": ""us-central1-a"", ""vm"": ""8057035535632679842""}",18915328
2026-09-27T02:47:59.734625Z,"{""command"": ""systemd-networkd"", ""command_line"": ""/lib/systemd/systemd-networkd"", ""owner"": ""systemd-network"", ""pid"": ""269"", ""process"": ""all"", ""resource_instance_id"": ""8057035535632679842"", ""resource_project_id"": ""proyecto-2-cloud-509714"", ""resource_type"": ""gce_instance"", ""resource_zone"": ""us-central1-a"", ""vm"": ""8057035535632679842""}",18915328
2026-09-27T02:47:29.731906Z,"{""command"": ""systemd-networkd"", ""command_line"": ""/lib/systemd/systemd-networkd"", ""owner"": ""systemd-network"", ""pid"": ""269"", ""process"": ""all"", ""resource_instance_id"": ""8057035535632679842"", ""resource_project_id"": ""proyecto-2-cloud-509714"", ""resource_type"": ""gce_instance"", ""resource_zone"": ""us-central1-a"", ""vm"": ""8057035535632679842""}",18915328
2026-09-27T02:46:59.742489Z,"{""command"": ""systemd-networkd"", ""command_line"": ""/lib/systemd/systemd-networkd"", ""owner"": ""systemd-network"", ""pid"": ""269"", ""process"": ""all"", ""resource_instance_id"": ""8057035535632679842"", ""resource_project_id"": ""proyecto-2-cloud-509714"", ""resource_type"": ""gce_instance"", ""resource_zone"": ""us-central1-a"", ""vm"": ""8057035535632679842""}",18915328
2026-09-27T02:46:29.736927Z,"{""command"": ""systemd-networkd"", ""command_line"": ""/lib/systemd/systemd-networkd"", ""owner"": ""systemd-network"", ""pid"": ""269"", ""process"": ""all"", ""resource_instance_id"": ""8057035535632679842"", ""resource_project_id"": ""proyecto-2-cloud-509714"", ""resource_type"": ""gce_instance"", ""resource_zone"": ""us-central1-a"", ""vm"": ""8057035535632679842""}",18915328
2026-09-27T02:45:59.731121Z,"{""command"": ""systemd-networkd"", ""command_line"": ""/lib/systemd/systemd-networkd"", ""owner"": ""systemd-network"", ""pid"": ""269"", ""process"": ""all"", ""resource_instance_id"": ""8057035535632679842"", ""resource_project_id"": ""proyecto-2-cloud-509714"", ""resource_type"": ""gce_instance"", ""resource_zone"": ""us-central1-a"", ""vm"": ""8057035535632679842""}",18915328
2026-09-27T02:45:29.736895Z,"{""command"": ""systemd-networkd"", ""command_line"": ""/lib/systemd/systemd-networkd"", ""owner"": ""systemd-network"", ""pid"": ""269"", ""process"": ""all"", ""resource_instance_id"": ""8057035535632679842"", ""resource_project_id"": ""proyecto-2-cloud-509714"", ""resource_type"": ""gce_instance"", ""resource_zone"": ""us-central1-a"", ""vm"": ""8057035535632679842""}",18915328
2026-09-27T02:44:59.742340Z,"{""command"": ""systemd-networkd"", ""command_line"": ""/lib/systemd/systemd-networkd"", ""owner"": ""systemd-network"", ""pid"": ""269"", ""process"": ""all"", ""resource_instance_id"": ""8057035535632679842"", ""resource_project_id"": ""proyecto-2-cloud-509714"", ""resource_type"": ""gce_instance"", ""resource_zone"": ""us-central1-a"", ""vm"": ""8057035535632679842""}",18915328
2026-09-27T02:44:29.739459Z,"{""command"": ""systemd-networkd"", ""command_line"": ""/lib/systemd/systemd-networkd"", ""owner"": ""systemd-network"", ""pid"": ""269"", ""process"": ""all"", ""resource_instance_id"": ""8057035535632679842"", ""resource_project_id"": ""proyecto-2-cloud-509714"", ""resource_type"": ""gce_instance"", ""resource_zone"": ""us-central1-a"", ""vm"": ""8057035535632679842""}",18915328
2026-09-27T02:43:59.741108Z,"{""command"": ""systemd-networkd"", ""command_line"": ""/lib/systemd/systemd-networkd"", ""owner"": ""systemd-network"", ""pid"": ""269"", ""process"": ""all"", ""resource_instance_id"": ""8057035535632679842"", ""resource_project_id"": ""proyecto-2-cloud-509714"", ""resource_type"": ""gce_instance"", ""resource_zone"": ""us-central1-a"", ""vm"": ""8057035535632679842""}",18915328
2026-09-27T02:43:29.741730Z,"{""command"": ""systemd-networkd"", ""command_line"": ""/lib/systemd/systemd-networkd"", ""owner"": ""systemd-network"", ""pid"": ""269"", ""process"": ""all"", ""resource_instance_id"": ""8057035535632679842"", ""resource_project_id"": ""proyecto-2-cloud-509714"", ""resource_type"": ""gce_instance"", ""resource_zone"": ""us-central1-a"", ""vm"": ""8057035535632679842""}",18915328
2026-09-27T02:42:59.735575Z,"{""command"": ""systemd-networkd"", ""command_line"": ""/lib/systemd/systemd-networkd"", ""owner"": ""systemd-network"", ""pid"": ""269"", ""process"": ""all"", ""resource_instance_id"": ""8057035535632679842"", ""resource_project_id"": ""proyecto-2-cloud-509714"", ""resource_type"": ""gce_instance"", ""resource_zone"": ""us-central1-a"", ""vm"": ""8057035535632679842""}",18915328
2026-09-27T02:42:29.761496Z,"{""command"": ""systemd-networkd"", ""command_line"": ""/lib/systemd/systemd-networkd"", ""owner"": ""systemd-network"", ""pid"": ""269"", ""process"": ""all"", ""resource_instance_id"": ""8057035535632679842"", ""resource_project_id"": ""proyecto-2-cloud-509714"", ""resource_type"": ""gce_instance"", ""resource_zone"": ""us-central1-a"", ""vm"": ""8057035535632679842""}",18915328
2026-09-27T02:41:59.738949Z,"{""command"": ""systemd-networkd"", ""command_line"": ""/lib/systemd/systemd-networkd"", ""owner"": ""systemd-network"", ""pid"": ""269"", ""process"": ""all"", ""resource_instance_id"": ""8057035535632679842"", ""resource_project_id"": ""proyecto-2-cloud-509714"", ""resource_type"": ""gce_instance"", ""resource_zone"": ""us-central1-a"", ""vm"": ""8057035535632679842""}",18915328
2026-09-27T02:41:29.742564Z,"{""command"": ""systemd-networkd"", ""command_line"": ""/lib/systemd/systemd-networkd"", ""owner"": ""systemd-network"", ""pid"": ""269"", ""process"": ""all"", ""resource_instance_id"": ""8057035535632679842"", ""resource_project_id"": ""proyecto-2-cloud-509714"", ""resource_type"": ""gce_instance"", ""resource_zone"": ""us-central1-a"", ""vm"": ""8057035535632679842""}",18915328
2026-09-27T02:40:59.730176Z,"{""command"": ""systemd-networkd"", ""command_line"": ""/lib/systemd/systemd-networkd"", ""owner"": ""systemd-network"", ""pid"": ""269"", ""process"": ""all"", ""resource_instance_id"": ""8057035535632679842"", ""resource_project_id"": ""proyecto-2-cloud-509714"", ""resource_type"": ""gce_instance"", ""resource_zone"": ""us-central1-a"", ""vm"": ""8057035535632679842""}",18915328
2026-09-27T02:40:29.728595Z,"{""command"": ""systemd-networkd"", ""command_line"": ""/lib/systemd/systemd-networkd"", ""owner"": ""systemd-network"", ""pid"": ""269"", ""process"": ""all"", ""resource_instance_id"": ""8057035535632679842"", ""resource_project_id"": ""proyecto-2-cloud-509714"", ""resource_type"": ""gce_instance"", ""resource_zone"": ""us-central1-a"", ""vm"": ""8057035535632679842""}",18915328
2026-09-27T02:39:59.735657Z,"{""command"": ""systemd-networkd"", ""command_line"": ""/lib/systemd/systemd-networkd"", ""owner"": ""systemd-network"", ""pid"": ""269"", ""process"": ""all"", ""resource_instance_id"": ""8057035535632679842"", ""resource_project_id"": ""proyecto-2-cloud-509714"", ""resource_type"": ""gce_instance"", ""resource_zone"": ""us-central1-a"", ""vm"": ""8057035535632679842""}",18915328
2026-09-27T02:39:29.730160Z,"{""command"": ""systemd-networkd"", ""command_line"": ""/lib/systemd/systemd-networkd"", ""owner"": ""systemd-network"", ""pid"": ""269"", ""process"": ""all"", ""resource_instance_id"": ""8057035535632679842"", ""resource_project_id"": ""proyecto-2-cloud-509714"", ""resource_type"": ""gce_instance"", ""resource_zone"": ""us-central1-a"", ""vm"": ""8057035535632679842""}",18915328
2026-09-27T02:38:59.735784Z,"{""command"": ""systemd-networkd"", ""command_line"": ""/lib/systemd/systemd-networkd"", ""owner"": ""systemd-network"", ""pid"": ""269"", ""process"": ""all"", ""resource_instance_id"": ""8057035535632679842"", ""resource_project_id"": ""proyecto-2-cloud-509714"", ""resource_type"": ""gce_instance"", ""resource_zone"": ""us-central1-a"", ""vm"": ""8057035535632679842""}",18915328
2026-09-27T02:38:29.727532Z,"{""command"": ""systemd-networkd"", ""command_line"": ""/lib/systemd/systemd-networkd"", ""owner"": ""systemd-network"", ""pid"": ""269"", ""process"": ""all"", ""resource_instance_id"": ""8057035535632679842"", ""resource_project_id"": ""proyecto-2-cloud-509714"", ""resource_type"": ""gce_instance"", ""resource_zone"": ""us-central1-a"", ""vm"": ""8057035535632679842""}",18915328
2026-09-27T02:37:59.738012Z,"{""command"": ""systemd-networkd"", ""command_line"": ""/lib/systemd/systemd-networkd"", ""owner"": ""systemd-network"", ""pid"": ""269"", ""process"": ""all"", ""resource_instance_id"": ""8057035535632679842"", ""resource_project_id"": ""proyecto-2-cloud-509714"", ""resource_type"": ""gce_instance"", ""resource_zone"": ""us-central1-a"", ""vm"": ""8057035535632679842""}",18915328
2026-09-27T02:37:29.732254Z,"{""command"": ""systemd-networkd"", ""command_line"": ""/lib/systemd/systemd-networkd"", ""owner"": ""systemd-network"", ""pid"": ""269"", ""process"": ""all"", ""resource_instance_id"": ""8057035535632679842"", ""resource_project_id"": ""proyecto-2-cloud-509714"", ""resource_type"": ""gce_instance"", ""resource_zone"": ""us-central1-a"", ""vm"": ""8057035535632679842""}",18915328
2026-09-27T02:36:59.739534Z,"{""command"": ""systemd-networkd"", ""command_line"": ""/lib/systemd/systemd-networkd"", ""owner"": ""systemd-network"", ""pid"": ""269"", ""process"": ""all"", ""resource_instance_id"": ""8057035535632679842"", ""resource_project_id"": ""proyecto-2-cloud-509714"", ""resource_type"": ""gce_instance"", ""resource_zone"": ""us-central1-a"", ""vm"": ""8057035535632679842""}",18915328
2026-09-27T02:36:29.734690Z,"{""command"": ""systemd-networkd"", ""command_line"": ""/lib/systemd/systemd-networkd"", ""owner"": ""systemd-network"", ""pid"": ""269"", ""process"": ""all"", ""resource_instance_id"": ""8057035535632679842"", ""resource_project_id"": ""proyecto-2-cloud-509714"", ""resource_type"": ""gce_instance"", ""resource_zone"": ""us-central1-a"", ""vm"": ""8057035535632679842""}",18915328
2026-09-27T02:35:59.727291Z,"{""command"": ""systemd-networkd"", ""command_line"": ""/lib/systemd/systemd-networkd"", ""owner"": ""systemd-network"", ""pid"": ""269"", ""process"": ""all"", ""resource_instance_id"": ""8057035535632679842"", ""resource_project_id"": ""proyecto-2-cloud-509714"", ""resource_type"": ""gce_instance"", ""resource_zone"": ""us-central1-a"", ""vm"": ""8057035535632679842""}",18915328
2026-09-27T02:35:29.725749Z,"{""command"": ""systemd-networkd"", ""command_line"": ""/lib/systemd/systemd-networkd"", ""owner"": ""systemd-network"", ""pid"": ""269"", ""process"": ""all"", ""resource_instance_id"": ""8057035535632679842"", ""resource_project_id"": ""proyecto-2-cloud-509714"", ""resource_type"": ""gce_instance"", ""resource_zone"": ""us-central1-a"", ""vm"": ""8057035535632679842""}",18915328
2026-09-27T02:34:59.730922Z,"{""command"": ""systemd-networkd"", ""command_line"": ""/lib/systemd/systemd-networkd"", ""owner"": ""systemd-network"", ""pid"": ""269"", ""process"": ""all"", ""resource_instance_id"": ""8057035535632679842"", ""resource_project_id"": ""proyecto-2-cloud-509714"", ""resource_type"": ""gce_instance"", ""resource_zone"": ""us-central1-a"", ""vm"": ""8057035535632679842""}",18915328
2026-09-27T02:34:29.730279Z,"{""command"": ""systemd-networkd"", ""command_line"": ""/lib/systemd/systemd-networkd"", ""owner"": ""systemd-network"", ""pid"": ""269"", ""process"": ""all"", ""resource_instance_id"": ""8057035535632679842"", ""resource_project_id"": ""proyecto-2-cloud-509714"", ""resource_type"": ""gce_instance"", ""resource_zone"": ""us-central1-a"", ""vm"": ""8057035535632679842""}",18915328
2026-09-27T02:33:59.737335Z,"{""command"": ""systemd-networkd"", ""command_line"": ""/lib/systemd/systemd-networkd"", ""owner"": ""systemd-network"", ""pid"": ""269"", ""process"": ""all"", ""resource_instance_id"": ""8057035535632679842"", ""resource_project_id"": ""proyecto-2-cloud-509714"", ""resource_type"": ""gce_instance"", ""resource_zone"": ""us-central1-a"", ""vm"": ""8057035535632679842""}",18915328
2026-09-27T02:33:29.726528Z,"{""command"": ""systemd-networkd"", ""command_line"": ""/lib/systemd/systemd-networkd"", ""owner"": ""systemd-network"", ""pid"": ""269"", ""process"": ""all"", ""resource_instance_id"": ""8057035535632679842"", ""resource_project_id"": ""proyecto-2-cloud-509714"", ""resource_type"": ""gce_instance"", ""resource_zone"": ""us-central1-a"", ""vm"": ""8057035535632679842""}",18915328
2026-09-27T02:32:59.743806Z,"{""command"": ""systemd-networkd"", ""command_line"": ""/lib/systemd/systemd-networkd"", ""owner"": ""systemd-network"", ""pid"": ""269"", ""process"": ""all"", ""resource_instance_id"": ""8057035535632679842"", ""resource_project_id"": ""proyecto-2-cloud-509714"", ""resource_type"": ""gce_instance"", ""resource_zone"": ""us-central1-a"", ""vm"": ""8057035535632679842""}",18915328
2026-09-27T02:32:29.735246Z,"{""command"": ""systemd-networkd"", ""command_line"": ""/lib/systemd/systemd-networkd"", ""owner"": ""systemd-network"", ""pid"": ""269"", ""process"": ""all"", ""resource_instance_id"": ""8057035535632679842"", ""resource_project_id"": ""proyecto-2-cloud-509714"", ""resource_type"": ""gce_instance"", ""resource_zone"": ""us-central1-a"", ""vm"": ""8057035535632679842""}",18915328
2026-09-27T02:31:59.735224Z,"{""command"": ""systemd-networkd"", ""command_line"": ""/lib/systemd/systemd-networkd"", ""owner"": ""systemd-network"", ""pid"": ""269"", ""process"": ""all"", ""resource_instance_id"": ""8057035535632679842"", ""resource_project_id"": ""proyecto-2-cloud-509714"", ""resource_type"": ""gce_instance"", ""resource_zone"": ""us-central1-a"", ""vm"": ""8057035535632679842""}",18915328
2026-09-27T02:31:29.729570Z,"{""command"": ""systemd-networkd"", ""command_line"": ""/lib/systemd/systemd-networkd"", ""owner"": ""systemd-network"", ""pid"": ""269"", ""process"": ""all"", ""resource_instance_id"": ""8057035535632679842"", ""resource_project_id"": ""proyecto-2-cloud-509714"", ""resource_type"": ""gce_instance"", ""resource_zone"": ""us-central1-a"", ""vm"": ""8057035535632679842""}",18915328
2026-09-27T02:30:59.745861Z,"{""command"": ""systemd-networkd"", ""command_line"": ""/lib/systemd/systemd-networkd"", ""owner"": ""systemd-network"", ""pid"": ""269"", ""process"": ""all"", ""resource_instance_id"": ""8057035535632679842"", ""resource_project_id"": ""proyecto-2-cloud-509714"", ""resource_type"": ""gce_instance"", ""resource_zone"": ""us-central1-a"", ""vm"": ""8057035535632679842""}",18915328
2026-09-27T02:30:29.740337Z,"{""command"": ""systemd-networkd"", ""command_line"": ""/lib/systemd/systemd-networkd"", ""owner"": ""systemd-network"", ""pid"": ""269"", ""process"": ""all"", ""resource_instance_id"": ""8057035535632679842"", ""resource_project_id"": ""proyecto-2-cloud-509714"", ""resource_type"": ""gce_instance"", ""resource_zone"": ""us-central1-a"", ""vm"": ""8057035535632679842""}",18915328
2026-09-27T02:30:22.326926Z,"{""command"": ""systemd-networkd"", ""command_line"": ""/lib/systemd/systemd-networkd"", ""owner"": ""systemd-network"", ""pid"": ""269"", ""process"": ""all"", ""resource_instance_id"": ""8057035535632679842"", ""resource_project_id"": ""proyecto-2-cloud-509714"", ""resource_type"": ""gce_instance"", ""resource_zone"": ""us-central1-a"", ""vm"": ""8057035535632679842""}",18915328
2026-09-27T02:49:59.739225Z,"{""command"": ""systemd-resolved"", ""command_line"": ""/lib/systemd/systemd-resolved"", ""owner"": ""systemd-resolve"", ""pid"": ""379"", ""process"": ""all"", ""resource_instance_id"": ""8057035535632679842"", ""resource_project_id"": ""proyecto-2-cloud-509714"", ""resource_type"": ""gce_instance"", ""resource_zone"": ""us-central1-a"", ""vm"": ""8057035535632679842""}",21241856
2026-09-27T02:49:29.735354Z,"{""command"": ""systemd-resolved"", ""command_line"": ""/lib/systemd/systemd-resolved"", ""owner"": ""systemd-resolve"", ""pid"": ""379"", ""process"": ""all"", ""resource_instance_id"": ""8057035535632679842"", ""resource_project_id"": ""proyecto-2-cloud-509714"", ""resource_type"": ""gce_instance"", ""resource_zone"": ""us-central1-a"", ""vm"": ""8057035535632679842""}",21241856
2026-09-27T02:48:59.730415Z,"{""command"": ""systemd-resolved"", ""command_line"": ""/lib/systemd/systemd-resolved"", ""owner"": ""systemd-resolve"", ""pid"": ""379"", ""process"": ""all"", ""resource_instance_id"": ""8057035535632679842"", ""resource_project_id"": ""proyecto-2-cloud-509714"", ""resource_type"": ""gce_instance"", ""resource_zone"": ""us-central1-a"", ""vm"": ""8057035535632679842""}",21241856
2026-09-27T02:48:29.737231Z,"{""command"": ""systemd-resolved"", ""command_line"": ""/lib/systemd/systemd-resolved"", ""owner"": ""systemd-resolve"", ""pid"": ""379"", ""process"": ""all"", ""resource_instance_id"": ""8057035535632679842"", ""resource_project_id"": ""proyecto-2-cloud-509714"", ""resource_type"": ""gce_instance"", ""resource_zone"": ""us-central1-a"", ""vm"": ""8057035535632679842""}",21241856
2026-09-27T02:47:59.734904Z,"{""command"": ""systemd-resolved"", ""command_line"": ""/lib/systemd/systemd-resolved"", ""owner"": ""systemd-resolve"", ""pid"": ""379"", ""process"": ""all"", ""resource_instance_id"": ""8057035535632679842"", ""resource_project_id"": ""proyecto-2-cloud-509714"", ""resource_type"": ""gce_instance"", ""resource_zone"": ""us-central1-a"", ""vm"": ""8057035535632679842""}",21241856
2026-09-27T02:47:29.732028Z,"{""command"": ""systemd-resolved"", ""command_line"": ""/lib/systemd/systemd-resolved"", ""owner"": ""systemd-resolve"", ""pid"": ""379"", ""process"": ""all"", ""resource_instance_id"": ""8057035535632679842"", ""resource_project_id"": ""proyecto-2-cloud-509714"", ""resource_type"": ""gce_instance"", ""resource_zone"": ""us-central1-a"", ""vm"": ""8057035535632679842""}",21241856
2026-09-27T02:46:59.742683Z,"{""command"": ""systemd-resolved"", ""command_line"": ""/lib/systemd/systemd-resolved"", ""owner"": ""systemd-resolve"", ""pid"": ""379"", ""process"": ""all"", ""resource_instance_id"": ""8057035535632679842"", ""resource_project_id"": ""proyecto-2-cloud-509714"", ""resource_type"": ""gce_instance"", ""resource_zone"": ""us-central1-a"", ""vm"": ""8057035535632679842""}",21241856
2026-09-27T02:46:29.737113Z,"{""command"": ""systemd-resolved"", ""command_line"": ""/lib/systemd/systemd-resolved"", ""owner"": ""systemd-resolve"", ""pid"": ""379"", ""process"": ""all"", ""resource_instance_id"": ""8057035535632679842"", ""resource_project_id"": ""proyecto-2-cloud-509714"", ""resource_type"": ""gce_instance"", ""resource_zone"": ""us-central1-a"", ""vm"": ""8057035535632679842""}",21241856
2026-09-27T02:45:59.731224Z,"{""command"": ""systemd-resolved"", ""command_line"": ""/lib/systemd/systemd-resolved"", ""owner"": ""systemd-resolve"", ""pid"": ""379"", ""process"": ""all"", ""resource_instance_id"": ""8057035535632679842"", ""resource_project_id"": ""proyecto-2-cloud-509714"", ""resource_type"": ""gce_instance"", ""resource_zone"": ""us-central1-a"", ""vm"": ""8057035535632679842""}",21241856
2026-09-27T02:45:29.737002Z,"{""command"": ""systemd-resolved"", ""command_line"": ""/lib/systemd/systemd-resolved"", ""owner"": ""systemd-resolve"", ""pid"": ""379"", ""process"": ""all"", ""resource_instance_id"": ""8057035535632679842"", ""resource_project_id"": ""proyecto-2-cloud-509714"", ""resource_type"": ""gce_instance"", ""resource_zone"": ""us-central1-a"", ""vm"": ""8057035535632679842""}",21241856
2026-09-27T02:44:59.742464Z,"{""command"": ""systemd-resolved"", ""command_line"": ""/lib/systemd/systemd-resolved"", ""owner"": ""systemd-resolve"", ""pid"": ""379"", ""process"": ""all"", ""resource_instance_id"": ""8057035535632679842"", ""resource_project_id"": ""proyecto-2-cloud-509714"", ""resource_type"": ""gce_instance"", ""resource_zone"": ""us-central1-a"", ""vm"": ""8057035535632679842""}",21241856
2026-09-27T02:44:29.739571Z,"{""command"": ""systemd-resolved"", ""command_line"": ""/lib/systemd/systemd-resolved"", ""owner"": ""systemd-resolve"", ""pid"": ""379"", ""process"": ""all"", ""resource_instance_id"": ""8057035535632679842"", ""resource_project_id"": ""proyecto-2-cloud-509714"", ""resource_type"": ""gce_instance"", ""resource_zone"": ""us-central1-a"", ""vm"": ""8057035535632679842""}",21241856
2026-09-27T02:43:59.741226Z,"{""command"": ""systemd-resolved"", ""command_line"": ""/lib/systemd/systemd-resolved"", ""owner"": ""systemd-resolve"", ""pid"": ""379"", ""process"": ""all"", ""resource_instance_id"": ""8057035535632679842"", ""resource_project_id"": ""proyecto-2-cloud-509714"", ""resource_type"": ""gce_instance"", ""resource_zone"": ""us-central1-a"", ""vm"": ""8057035535632679842""}",21241856
2026-09-27T02:43:29.741851Z,"{""command"": ""systemd-resolved"", ""command_line"": ""/lib/systemd/systemd-resolved"", ""owner"": ""systemd-resolve"", ""pid"": ""379"", ""process"": ""all"", ""resource_instance_id"": ""8057035535632679842"", ""resource_project_id"": ""proyecto-2-cloud-509714"", ""resource_type"": ""gce_instance"", ""resource_zone"": ""us-central1-a"", ""vm"": ""8057035535632679842""}",21241856
2026-09-27T02:42:59.735694Z,"{""command"": ""systemd-resolved"", ""command_line"": ""/lib/systemd/systemd-resolved"", ""owner"": ""systemd-resolve"", ""pid"": ""379"", ""process"": ""all"", ""resource_instance_id"": ""8057035535632679842"", ""resource_project_id"": ""proyecto-2-cloud-509714"", ""resource_type"": ""gce_instance"", ""resource_zone"": ""us-central1-a"", ""vm"": ""8057035535632679842""}",21241856
2026-09-27T02:42:29.761609Z,"{""command"": ""systemd-resolved"", ""command_line"": ""/lib/systemd/systemd-resolved"", ""owner"": ""systemd-resolve"", ""pid"": ""379"", ""process"": ""all"", ""resource_instance_id"": ""8057035535632679842"", ""resource_project_id"": ""proyecto-2-cloud-509714"", ""resource_type"": ""gce_instance"", ""resource_zone"": ""us-central1-a"", ""vm"": ""8057035535632679842""}",21241856
2026-09-27T02:41:59.739099Z,"{""command"": ""systemd-resolved"", ""command_line"": ""/lib/systemd/systemd-resolved"", ""owner"": ""systemd-resolve"", ""pid"": ""379"", ""process"": ""all"", ""resource_instance_id"": ""8057035535632679842"", ""resource_project_id"": ""proyecto-2-cloud-509714"", ""resource_type"": ""gce_instance"", ""resource_zone"": ""us-central1-a"", ""vm"": ""8057035535632679842""}",21241856
2026-09-27T02:41:29.742728Z,"{""command"": ""systemd-resolved"", ""command_line"": ""/lib/systemd/systemd-resolved"", ""owner"": ""systemd-resolve"", ""pid"": ""379"", ""process"": ""all"", ""resource_instance_id"": ""8057035535632679842"", ""resource_project_id"": ""proyecto-2-cloud-509714"", ""resource_type"": ""gce_instance"", ""resource_zone"": ""us-central1-a"", ""vm"": ""8057035535632679842""}",21241856
2026-09-27T02:40:59.730280Z,"{""command"": ""systemd-resolved"", ""command_line"": ""/lib/systemd/systemd-resolved"", ""owner"": ""systemd-resolve"", ""pid"": ""379"", ""process"": ""all"", ""resource_instance_id"": ""8057035535632679842"", ""resource_project_id"": ""proyecto-2-cloud-509714"", ""resource_type"": ""gce_instance"", ""resource_zone"": ""us-central1-a"", ""vm"": ""8057035535632679842""}",21241856
2026-09-27T02:40:29.728710Z,"{""command"": ""systemd-resolved"", ""command_line"": ""/lib/systemd/systemd-resolved"", ""owner"": ""systemd-resolve"", ""pid"": ""379"", ""process"": ""all"", ""resource_instance_id"": ""8057035535632679842"", ""resource_project_id"": ""proyecto-2-cloud-509714"", ""resource_type"": ""gce_instance"", ""resource_zone"": ""us-central1-a"", ""vm"": ""8057035535632679842""}",21241856
2026-09-27T02:39:59.735867Z,"{""command"": ""systemd-resolved"", ""command_line"": ""/lib/systemd/systemd-resolved"", ""owner"": ""systemd-resolve"", ""pid"": ""379"", ""process"": ""all"", ""resource_instance_id"": ""8057035535632679842"", ""resource_project_id"": ""proyecto-2-cloud-509714"", ""resource_type"": ""gce_instance"", ""resource_zone"": ""us-central1-a"", ""vm"": ""8057035535632679842""}",21241856
2026-09-27T02:39:29.730268Z,"{""command"": ""systemd-resolved"", ""command_line"": ""/lib/systemd/systemd-resolved"", ""owner"": ""systemd-resolve"", ""pid"": ""379"", ""process"": ""all"", ""resource_instance_id"": ""8057035535632679842"", ""resource_project_id"": ""proyecto-2-cloud-509714"", ""resource_type"": ""gce_instance"", ""resource_zone"": ""us-central1-a"", ""vm"": ""8057035535632679842""}",21241856
2026-09-27T02:38:59.735981Z,"{""command"": ""systemd-resolved"", ""command_line"": ""/lib/systemd/systemd-resolved"", ""owner"": ""systemd-resolve"", ""pid"": ""379"", ""process"": ""all"", ""resource_instance_id"": ""8057035535632679842"", ""resource_project_id"": ""proyecto-2-cloud-509714"", ""resource_type"": ""gce_instance"", ""resource_zone"": ""us-central1-a"", ""vm"": ""8057035535632679842""}",21241856
2026-09-27T02:38:29.727638Z,"{""command"": ""systemd-resolved"", ""command_line"": ""/lib/systemd/systemd-resolved"", ""owner"": ""systemd-resolve"", ""pid"": ""379"", ""process"": ""all"", ""resource_instance_id"": ""8057035535632679842"", ""resource_project_id"": ""proyecto-2-cloud-509714"", ""resource_type"": ""gce_instance"", ""resource_zone"": ""us-central1-a"", ""vm"": ""8057035535632679842""}",21241856
2026-09-27T02:37:59.738132Z,"{""command"": ""systemd-resolved"", ""command_line"": ""/lib/systemd/systemd-resolved"", ""owner"": ""systemd-resolve"", ""pid"": ""379"", ""process"": ""all"", ""resource_instance_id"": ""8057035535632679842"", ""resource_project_id"": ""proyecto-2-cloud-509714"", ""resource_type"": ""gce_instance"", ""resource_zone"": ""us-central1-a"", ""vm"": ""8057035535632679842""}",21241856
2026-09-27T02:37:29.732378Z,"{""command"": ""systemd-resolved"", ""command_line"": ""/lib/systemd/systemd-resolved"", ""owner"": ""systemd-resolve"", ""pid"": ""379"", ""process"": ""all"", ""resource_instance_id"": ""8057035535632679842"", ""resource_project_id"": ""proyecto-2-cloud-509714"", ""resource_type"": ""gce_instance"", ""resource_zone"": ""us-central1-a"", ""vm"": ""8057035535632679842""}",21241856
2026-09-27T02:36:59.739709Z,"{""command"": ""systemd-resolved"", ""command_line"": ""/lib/systemd/systemd-resolved"", ""owner"": ""systemd-resolve"", ""pid"": ""379"", ""process"": ""all"", ""resource_instance_id"": ""8057035535632679842"", ""resource_project_id"": ""proyecto-2-cloud-509714"", ""resource_type"": ""gce_instance"", ""resource_zone"": ""us-central1-a"", ""vm"": ""8057035535632679842""}",21241856
2026-09-27T02:36:29.734918Z,"{""command"": ""systemd-resolved"", ""command_line"": ""/lib/systemd/systemd-resolved"", ""owner"": ""systemd-resolve"", ""pid"": ""379"", ""process"": ""all"", ""resource_instance_id"": ""8057035535632679842"", ""resource_project_id"": ""proyecto-2-cloud-509714"", ""resource_type"": ""gce_instance"", ""resource_zone"": ""us-central1-a"", ""vm"": ""8057035535632679842""}",21241856
2026-09-27T02:35:59.727474Z,"{""command"": ""systemd-resolved"", ""command_line"": ""/lib/systemd/systemd-resolved"", ""owner"": ""systemd-resolve"", ""pid"": ""379"", ""process"": ""all"", ""resource_instance_id"": ""8057035535632679842"", ""resource_project_id"": ""proyecto-2-cloud-509714"", ""resource_type"": ""gce_instance"", ""resource_zone"": ""us-central1-a"", ""vm"": ""8057035535632679842""}",21241856
2026-09-27T02:35:29.725847Z,"{""command"": ""systemd-resolved"", ""command_line"": ""/lib/systemd/systemd-resolved"", ""owner"": ""systemd-resolve"", ""pid"": ""379"", ""process"": ""all"", ""resource_instance_id"": ""8057035535632679842"", ""resource_project_id"": ""proyecto-2-cloud-509714"", ""resource_type"": ""gce_instance"", ""resource_zone"": ""us-central1-a"", ""vm"": ""8057035535632679842""}",21241856
2026-09-27T02:34:59.731039Z,"{""command"": ""systemd-resolved"", ""command_line"": ""/lib/systemd/systemd-resolved"", ""owner"": ""systemd-resolve"", ""pid"": ""379"", ""process"": ""all"", ""resource_instance_id"": ""8057035535632679842"", ""resource_project_id"": ""proyecto-2-cloud-509714"", ""resource_type"": ""gce_instance"", ""resource_zone"": ""us-central1-a"", ""vm"": ""8057035535632679842""}",21241856
2026-09-27T02:34:29.730419Z,"{""command"": ""systemd-resolved"", ""command_line"": ""/lib/systemd/systemd-resolved"", ""owner"": ""systemd-resolve"", ""pid"": ""379"", ""process"": ""all"", ""resource_instance_id"": ""8057035535632679842"", ""resource_project_id"": ""proyecto-2-cloud-509714"", ""resource_type"": ""gce_instance"", ""resource_zone"": ""us-central1-a"", ""vm"": ""8057035535632679842""}",21241856
2026-09-27T02:33:59.737453Z,"{""command"": ""systemd-resolved"", ""command_line"": ""/lib/systemd/systemd-resolved"", ""owner"": ""systemd-resolve"", ""pid"": ""379"", ""process"": ""all"", ""resource_instance_id"": ""8057035535632679842"", ""resource_project_id"": ""proyecto-2-cloud-509714"", ""resource_type"": ""gce_instance"", ""resource_zone"": ""us-central1-a"", ""vm"": ""8057035535632679842""}",21241856
2026-09-27T02:33:29.726685Z,"{""command"": ""systemd-resolved"", ""command_line"": ""/lib/systemd/systemd-resolved"", ""owner"": ""systemd-resolve"", ""pid"": ""379"", ""process"": ""all"", ""resource_instance_id"": ""8057035535632679842"", ""resource_project_id"": ""proyecto-2-cloud-509714"", ""resource_type"": ""gce_instance"", ""resource_zone"": ""us-central1-a"", ""vm"": ""8057035535632679842""}",21241856
2026-09-27T02:32:59.743979Z,"{""command"": ""systemd-resolved"", ""command_line"": ""/lib/systemd/systemd-resolved"", ""owner"": ""systemd-resolve"", ""pid"": ""379"", ""process"": ""all"", ""resource_instance_id"": ""8057035535632679842"", ""resource_project_id"": ""proyecto-2-cloud-509714"", ""resource_type"": ""gce_instance"", ""resource_zone"": ""us-central1-a"", ""vm"": ""8057035535632679842""}",21241856
2026-09-27T02:32:29.735362Z,"{""command"": ""systemd-resolved"", ""command_line"": ""/lib/systemd/systemd-resolved"", ""owner"": ""systemd-resolve"", ""pid"": ""379"", ""process"": ""all"", ""resource_instance_id"": ""8057035535632679842"", ""resource_project_id"": ""proyecto-2-cloud-509714"", ""resource_type"": ""gce_instance"", ""resource_zone"": ""us-central1-a"", ""vm"": ""8057035535632679842""}",21241856
2026-09-27T02:31:59.735332Z,"{""command"": ""systemd-resolved"", ""command_line"": ""/lib/systemd/systemd-resolved"", ""owner"": ""systemd-resolve"", ""pid"": ""379"", ""process"": ""all"", ""resource_instance_id"": ""8057035535632679842"", ""resource_project_id"": ""proyecto-2-cloud-509714"", ""resource_type"": ""gce_instance"", ""resource_zone"": ""us-central1-a"", ""vm"": ""8057035535632679842""}",21241856
2026-09-27T02:31:29.729676Z,"{""command"": ""systemd-resolved"", ""command_line"": ""/lib/systemd/systemd-resolved"", ""owner"": ""systemd-resolve"", ""pid"": ""379"", ""process"": ""all"", ""resource_instance_id"": ""8057035535632679842"", ""resource_project_id"": ""proyecto-2-cloud-509714"", ""resource_type"": ""gce_instance"", ""resource_zone"": ""us-central1-a"", ""vm"": ""8057035535632679842""}",21241856
2026-09-27T02:30:59.746055Z,"{""command"": ""systemd-resolved"", ""command_line"": ""/lib/systemd/systemd-resolved"", ""owner"": ""systemd-resolve"", ""pid"": ""379"", ""process"": ""all"", ""resource_instance_id"": ""8057035535632679842"", ""resource_project_id"": ""proyecto-2-cloud-509714"", ""resource_type"": ""gce_instance"", ""resource_zone"": ""us-central1-a"", ""vm"": ""8057035535632679842""}",21241856
2026-09-27T02:30:29.740458Z,"{""command"": ""systemd-resolved"", ""command_line"": ""/lib/systemd/systemd-resolved"", ""owner"": ""systemd-resolve"", ""pid"": ""379"", ""process"": ""all"", ""resource_instance_id"": ""8057035535632679842"", ""resource_project_id"": ""proyecto-2-cloud-509714"", ""resource_type"": ""gce_instance"", ""resource_zone"": ""us-central1-a"", ""vm"": ""8057035535632679842""}",21241856
2026-09-27T02:30:22.327051Z,"{""command"": ""systemd-resolved"", ""command_line"": ""/lib/systemd/systemd-resolved"", ""owner"": ""systemd-resolve"", ""pid"": ""379"", ""process"": ""all"", ""resource_instance_id"": ""8057035535632679842"", ""resource_project_id"": ""proyecto-2-cloud-509714"", ""resource_type"": ""gce_instance"", ""resource_zone"": ""us-central1-a"", ""vm"": ""8057035535632679842""}",21241856
2026-09-27T02:49:59.739552Z,"{""command"": ""systemd-timesyncd"", ""command_line"": ""/lib/systemd/systemd-timesyncd"", ""owner"": ""systemd-timesync"", ""pid"": ""380"", ""process"": ""all"", ""resource_instance_id"": ""8057035535632679842"", ""resource_project_id"": ""proyecto-2-cloud-509714"", ""resource_type"": ""gce_instance"", ""resource_zone"": ""us-central1-a"", ""vm"": ""8057035535632679842""}",92266496
2026-09-27T02:49:29.735412Z,"{""command"": ""systemd-timesyncd"", ""command_line"": ""/lib/systemd/systemd-timesyncd"", ""owner"": ""systemd-timesync"", ""pid"": ""380"", ""process"": ""all"", ""resource_instance_id"": ""8057035535632679842"", ""resource_project_id"": ""proyecto-2-cloud-509714"", ""resource_type"": ""gce_instance"", ""resource_zone"": ""us-central1-a"", ""vm"": ""8057035535632679842""}",92266496
2026-09-27T02:48:59.730517Z,"{""command"": ""systemd-timesyncd"", ""command_line"": ""/lib/systemd/systemd-timesyncd"", ""owner"": ""systemd-timesync"", ""pid"": ""380"", ""process"": ""all"", ""resource_instance_id"": ""8057035535632679842"", ""resource_project_id"": ""proyecto-2-cloud-509714"", ""resource_type"": ""gce_instance"", ""resource_zone"": ""us-central1-a"", ""vm"": ""8057035535632679842""}",92266496
2026-09-27T02:48:29.737294Z,"{""command"": ""systemd-timesyncd"", ""command_line"": ""/lib/systemd/systemd-timesyncd"", ""owner"": ""systemd-timesync"", ""pid"": ""380"", ""process"": ""all"", ""resource_instance_id"": ""8057035535632679842"", ""resource_project_id"": ""proyecto-2-cloud-509714"", ""resource_type"": ""gce_instance"", ""resource_zone"": ""us-central1-a"", ""vm"": ""8057035535632679842""}",92266496
2026-09-27T02:47:59.734971Z,"{""command"": ""systemd-timesyncd"", ""command_line"": ""/lib/systemd/systemd-timesyncd"", ""owner"": ""systemd-timesync"", ""pid"": ""380"", ""process"": ""all"", ""resource_instance_id"": ""8057035535632679842"", ""resource_project_id"": ""proyecto-2-cloud-509714"", ""resource_type"": ""gce_instance"", ""resource_zone"": ""us-central1-a"", ""vm"": ""8057035535632679842""}",92266496
2026-09-27T02:47:29.732100Z,"{""command"": ""systemd-timesyncd"", ""command_line"": ""/lib/systemd/systemd-timesyncd"", ""owner"": ""systemd-timesync"", ""pid"": ""380"", ""process"": ""all"", ""resource_instance_id"": ""8057035535632679842"", ""resource_project_id"": ""proyecto-2-cloud-509714"", ""resource_type"": ""gce_instance"", ""resource_zone"": ""us-central1-a"", ""vm"": ""8057035535632679842""}",92266496
2026-09-27T02:46:59.742789Z,"{""command"": ""systemd-timesyncd"", ""command_line"": ""/lib/systemd/systemd-timesyncd"", ""owner"": ""systemd-timesync"", ""pid"": ""380"", ""process"": ""all"", ""resource_instance_id"": ""8057035535632679842"", ""resource_project_id"": ""proyecto-2-cloud-509714"", ""resource_type"": ""gce_instance"", ""resource_zone"": ""us-central1-a"", ""vm"": ""8057035535632679842""}",92266496
2026-09-27T02:46:29.737203Z,"{""command"": ""systemd-timesyncd"", ""command_line"": ""/lib/systemd/systemd-timesyncd"", ""owner"": ""systemd-timesync"", ""pid"": ""380"", ""process"": ""all"", ""resource_instance_id"": ""8057035535632679842"", ""resource_project_id"": ""proyecto-2-cloud-509714"", ""resource_type"": ""gce_instance"", ""resource_zone"": ""us-central1-a"", ""vm"": ""8057035535632679842""}",92266496
2026-09-27T02:45:59.731278Z,"{""command"": ""systemd-timesyncd"", ""command_line"": ""/lib/systemd/systemd-timesyncd"", ""owner"": ""systemd-timesync"", ""pid"": ""380"", ""process"": ""all"", ""resource_instance_id"": ""8057035535632679842"", ""resource_project_id"": ""proyecto-2-cloud-509714"", ""resource_type"": ""gce_instance"", ""resource_zone"": ""us-central1-a"", ""vm"": ""8057035535632679842""}",92266496
2026-09-27T02:45:29.737056Z,"{""command"": ""systemd-timesyncd"", ""command_line"": ""/lib/systemd/systemd-timesyncd"", ""owner"": ""systemd-timesync"", ""pid"": ""380"", ""process"": ""all"", ""resource_instance_id"": ""8057035535632679842"", ""resource_project_id"": ""proyecto-2-cloud-509714"", ""resource_type"": ""gce_instance"", ""resource_zone"": ""us-central1-a"", ""vm"": ""8057035535632679842""}",92266496
2026-09-27T02:44:59.742525Z,"{""command"": ""systemd-timesyncd"", ""command_line"": ""/lib/systemd/systemd-timesyncd"", ""owner"": ""systemd-timesync"", ""pid"": ""380"", ""process"": ""all"", ""resource_instance_id"": ""8057035535632679842"", ""resource_project_id"": ""proyecto-2-cloud-509714"", ""resource_type"": ""gce_instance"", ""resource_zone"": ""us-central1-a"", ""vm"": ""8057035535632679842""}",92266496
2026-09-27T02:44:29.739633Z,"{""command"": ""systemd-timesyncd"", ""command_line"": ""/lib/systemd/systemd-timesyncd"", ""owner"": ""systemd-timesync"", ""pid"": ""380"", ""process"": ""all"", ""resource_instance_id"": ""8057035535632679842"", ""resource_project_id"": ""proyecto-2-cloud-509714"", ""resource_type"": ""gce_instance"", ""resource_zone"": ""us-central1-a"", ""vm"": ""8057035535632679842""}",92266496
2026-09-27T02:43:59.741289Z,"{""command"": ""systemd-timesyncd"", ""command_line"": ""/lib/systemd/systemd-timesyncd"", ""owner"": ""systemd-timesync"", ""pid"": ""380"", ""process"": ""all"", ""resource_instance_id"": ""8057035535632679842"", ""resource_project_id"": ""proyecto-2-cloud-509714"", ""resource_type"": ""gce_instance"", ""resource_zone"": ""us-central1-a"", ""vm"": ""8057035535632679842""}",92266496
2026-09-27T02:43:29.741913Z,"{""command"": ""systemd-timesyncd"", ""command_line"": ""/lib/systemd/systemd-timesyncd"", ""owner"": ""systemd-timesync"", ""pid"": ""380"", ""process"": ""all"", ""resource_instance_id"": ""8057035535632679842"", ""resource_project_id"": ""proyecto-2-cloud-509714"", ""resource_type"": ""gce_instance"", ""resource_zone"": ""us-central1-a"", ""vm"": ""8057035535632679842""}",92266496
2026-09-27T02:42:59.735753Z,"{""command"": ""systemd-timesyncd"", ""command_line"": ""/lib/systemd/systemd-timesyncd"", ""owner"": ""systemd-timesync"", ""pid"": ""380"", ""process"": ""all"", ""resource_instance_id"": ""8057035535632679842"", ""resource_project_id"": ""proyecto-2-cloud-509714"", ""resource_type"": ""gce_instance"", ""resource_zone"": ""us-central1-a"", ""vm"": ""8057035535632679842""}",92266496
2026-09-27T02:42:29.761671Z,"{""command"": ""systemd-timesyncd"", ""command_line"": ""/lib/systemd/systemd-timesyncd"", ""owner"": ""systemd-timesync"", ""pid"": ""380"", ""process"": ""all"", ""resource_instance_id"": ""8057035535632679842"", ""resource_project_id"": ""proyecto-2-cloud-509714"", ""resource_type"": ""gce_instance"", ""resource_zone"": ""us-central1-a"", ""vm"": ""8057035535632679842""}",92266496
2026-09-27T02:41:59.739168Z,"{""command"": ""systemd-timesyncd"", ""command_line"": ""/lib/systemd/systemd-timesyncd"", ""owner"": ""systemd-timesync"", ""pid"": ""380"", ""process"": ""all"", ""resource_instance_id"": ""8057035535632679842"", ""resource_project_id"": ""proyecto-2-cloud-509714"", ""resource_type"": ""gce_instance"", ""resource_zone"": ""us-central1-a"", ""vm"": ""8057035535632679842""}",92266496
2026-09-27T02:41:29.742787Z,"{""command"": ""systemd-timesyncd"", ""command_line"": ""/lib/systemd/systemd-timesyncd"", ""owner"": ""systemd-timesync"", ""pid"": ""380"", ""process"": ""all"", ""resource_instance_id"": ""8057035535632679842"", ""resource_project_id"": ""proyecto-2-cloud-509714"", ""resource_type"": ""gce_instance"", ""resource_zone"": ""us-central1-a"", ""vm"": ""8057035535632679842""}",92266496
2026-09-27T02:40:59.730336Z,"{""command"": ""systemd-timesyncd"", ""command_line"": ""/lib/systemd/systemd-timesyncd"", ""owner"": ""systemd-timesync"", ""pid"": ""380"", ""process"": ""all"", ""resource_instance_id"": ""8057035535632679842"", ""resource_project_id"": ""proyecto-2-cloud-509714"", ""resource_type"": ""gce_instance"", ""resource_zone"": ""us-central1-a"", ""vm"": ""8057035535632679842""}",92266496
2026-09-27T02:40:29.728769Z,"{""command"": ""systemd-timesyncd"", ""command_line"": ""/lib/systemd/systemd-timesyncd"", ""owner"": ""systemd-timesync"", ""pid"": ""380"", ""process"": ""all"", ""resource_instance_id"": ""8057035535632679842"", ""resource_project_id"": ""proyecto-2-cloud-509714"", ""resource_type"": ""gce_instance"", ""resource_zone"": ""us-central1-a"", ""vm"": ""8057035535632679842""}",92266496
2026-09-27T02:39:59.735970Z,"{""command"": ""systemd-timesyncd"", ""command_line"": ""/lib/systemd/systemd-timesyncd"", ""owner"": ""systemd-timesync"", ""pid"": ""380"", ""process"": ""all"", ""resource_instance_id"": ""8057035535632679842"", ""resource_project_id"": ""proyecto-2-cloud-509714"", ""resource_type"": ""gce_instance"", ""resource_zone"": ""us-central1-a"", ""vm"": ""8057035535632679842""}",92266496
2026-09-27T02:39:29.730322Z,"{""command"": ""systemd-timesyncd"", ""command_line"": ""/lib/systemd/systemd-timesyncd"", ""owner"": ""systemd-timesync"", ""pid"": ""380"", ""process"": ""all"", ""resource_instance_id"": ""8057035535632679842"", ""resource_project_id"": ""proyecto-2-cloud-509714"", ""resource_type"": ""gce_instance"", ""resource_zone"": ""us-central1-a"", ""vm"": ""8057035535632679842""}",92266496
2026-09-27T02:38:59.736085Z,"{""command"": ""systemd-timesyncd"", ""command_line"": ""/lib/systemd/systemd-timesyncd"", ""owner"": ""systemd-timesync"", ""pid"": ""380"", ""process"": ""all"", ""resource_instance_id"": ""8057035535632679842"", ""resource_project_id"": ""proyecto-2-cloud-509714"", ""resource_type"": ""gce_instance"", ""resource_zone"": ""us-central1-a"", ""vm"": ""8057035535632679842""}",92266496
2026-09-27T02:38:29.727692Z,"{""command"": ""systemd-timesyncd"", ""command_line"": ""/lib/systemd/systemd-timesyncd"", ""owner"": ""systemd-timesync"", ""pid"": ""380"", ""process"": ""all"", ""resource_instance_id"": ""8057035535632679842"", ""resource_project_id"": ""proyecto-2-cloud-509714"", ""resource_type"": ""gce_instance"", ""resource_zone"": ""us-central1-a"", ""vm"": ""8057035535632679842""}",92266496
2026-09-27T02:37:59.738191Z,"{""command"": ""systemd-timesyncd"", ""command_line"": ""/lib/systemd/systemd-timesyncd"", ""owner"": ""systemd-timesync"", ""pid"": ""380"", ""process"": ""all"", ""resource_instance_id"": ""8057035535632679842"", ""resource_project_id"": ""proyecto-2-cloud-509714"", ""resource_type"": ""gce_instance"", ""resource_zone"": ""us-central1-a"", ""vm"": ""8057035535632679842""}",92266496
2026-09-27T02:37:29.732458Z,"{""command"": ""systemd-timesyncd"", ""command_line"": ""/lib/systemd/systemd-timesyncd"", ""owner"": ""systemd-timesync"", ""pid"": ""380"", ""process"": ""all"", ""resource_instance_id"": ""8057035535632679842"", ""resource_project_id"": ""proyecto-2-cloud-509714"", ""resource_type"": ""gce_instance"", ""resource_zone"": ""us-central1-a"", ""vm"": ""8057035535632679842""}",92266496
2026-09-27T02:36:59.739797Z,"{""command"": ""systemd-timesyncd"", ""command_line"": ""/lib/systemd/systemd-timesyncd"", ""owner"": ""systemd-timesync"", ""pid"": ""380"", ""process"": ""all"", ""resource_instance_id"": ""8057035535632679842"", ""resource_project_id"": ""proyecto-2-cloud-509714"", ""resource_type"": ""gce_instance"", ""resource_zone"": ""us-central1-a"", ""vm"": ""8057035535632679842""}",92266496
2026-09-27T02:36:29.735015Z,"{""command"": ""systemd-timesyncd"", ""command_line"": ""/lib/systemd/systemd-timesyncd"", ""owner"": ""systemd-timesync"", ""pid"": ""380"", ""process"": ""all"", ""resource_instance_id"": ""8057035535632679842"", ""resource_project_id"": ""proyecto-2-cloud-509714"", ""resource_type"": ""gce_instance"", ""resource_zone"": ""us-central1-a"", ""vm"": ""8057035535632679842""}",92266496
2026-09-27T02:35:59.727545Z,"{""command"": ""systemd-timesyncd"", ""command_line"": ""/lib/systemd/systemd-timesyncd"", ""owner"": ""systemd-timesync"", ""pid"": ""380"", ""process"": ""all"", ""resource_instance_id"": ""8057035535632679842"", ""resource_project_id"": ""proyecto-2-cloud-509714"", ""resource_type"": ""gce_instance"", ""resource_zone"": ""us-central1-a"", ""vm"": ""8057035535632679842""}",92266496
2026-09-27T02:35:29.725902Z,"{""command"": ""systemd-timesyncd"", ""command_line"": ""/lib/systemd/systemd-timesyncd"", ""owner"": ""systemd-timesync"", ""pid"": ""380"", ""process"": ""all"", ""resource_instance_id"": ""8057035535632679842"", ""resource_project_id"": ""proyecto-2-cloud-509714"", ""resource_type"": ""gce_instance"", ""resource_zone"": ""us-central1-a"", ""vm"": ""8057035535632679842""}",92266496
2026-09-27T02:34:59.731098Z,"{""command"": ""systemd-timesyncd"", ""command_line"": ""/lib/systemd/systemd-timesyncd"", ""owner"": ""systemd-timesync"", ""pid"": ""380"", ""process"": ""all"", ""resource_instance_id"": ""8057035535632679842"", ""resource_project_id"": ""proyecto-2-cloud-509714"", ""resource_type"": ""gce_instance"", ""resource_zone"": ""us-central1-a"", ""vm"": ""8057035535632679842""}",92266496
2026-09-27T02:34:29.730501Z,"{""command"": ""systemd-timesyncd"", ""command_line"": ""/lib/systemd/systemd-timesyncd"", ""owner"": ""systemd-timesync"", ""pid"": ""380"", ""process"": ""all"", ""resource_instance_id"": ""8057035535632679842"", ""resource_project_id"": ""proyecto-2-cloud-509714"", ""resource_type"": ""gce_instance"", ""resource_zone"": ""us-central1-a"", ""vm"": ""8057035535632679842""}",92266496
2026-09-27T02:33:59.737513Z,"{""command"": ""systemd-timesyncd"", ""command_line"": ""/lib/systemd/systemd-timesyncd"", ""owner"": ""systemd-timesync"", ""pid"": ""380"", ""process"": ""all"", ""resource_instance_id"": ""8057035535632679842"", ""resource_project_id"": ""proyecto-2-cloud-509714"", ""resource_type"": ""gce_instance"", ""resource_zone"": ""us-central1-a"", ""vm"": ""8057035535632679842""}",92266496
2026-09-27T02:33:29.726741Z,"{""command"": ""systemd-timesyncd"", ""command_line"": ""/lib/systemd/systemd-timesyncd"", ""owner"": ""systemd-timesync"", ""pid"": ""380"", ""process"": ""all"", ""resource_instance_id"": ""8057035535632679842"", ""resource_project_id"": ""proyecto-2-cloud-509714"", ""resource_type"": ""gce_instance"", ""resource_zone"": ""us-central1-a"", ""vm"": ""8057035535632679842""}",92266496
2026-09-27T02:32:59.744040Z,"{""command"": ""systemd-timesyncd"", ""command_line"": ""/lib/systemd/systemd-timesyncd"", ""owner"": ""systemd-timesync"", ""pid"": ""380"", ""process"": ""all"", ""resource_instance_id"": ""8057035535632679842"", ""resource_project_id"": ""proyecto-2-cloud-509714"", ""resource_type"": ""gce_instance"", ""resource_zone"": ""us-central1-a"", ""vm"": ""8057035535632679842""}",92266496
2026-09-27T02:32:29.735422Z,"{""command"": ""systemd-timesyncd"", ""command_line"": ""/lib/systemd/systemd-timesyncd"", ""owner"": ""systemd-timesync"", ""pid"": ""380"", ""process"": ""all"", ""resource_instance_id"": ""8057035535632679842"", ""resource_project_id"": ""proyecto-2-cloud-509714"", ""resource_type"": ""gce_instance"", ""resource_zone"": ""us-central1-a"", ""vm"": ""8057035535632679842""}",92266496
2026-09-27T02:31:59.735387Z,"{""command"": ""systemd-timesyncd"", ""command_line"": ""/lib/systemd/systemd-timesyncd"", ""owner"": ""systemd-timesync"", ""pid"": ""380"", ""process"": ""all"", ""resource_instance_id"": ""8057035535632679842"", ""resource_project_id"": ""proyecto-2-cloud-509714"", ""resource_type"": ""gce_instance"", ""resource_zone"": ""us-central1-a"", ""vm"": ""8057035535632679842""}",92266496
2026-09-27T02:31:29.729729Z,"{""command"": ""systemd-timesyncd"", ""command_line"": ""/lib/systemd/systemd-timesyncd"", ""owner"": ""systemd-timesync"", ""pid"": ""380"", ""process"": ""all"", ""resource_instance_id"": ""8057035535632679842"", ""resource_project_id"": ""proyecto-2-cloud-509714"", ""resource_type"": ""gce_instance"", ""resource_zone"": ""us-central1-a"", ""vm"": ""8057035535632679842""}",92266496
2026-09-27T02:30:59.746139Z,"{""command"": ""systemd-timesyncd"", ""command_line"": ""/lib/systemd/systemd-timesyncd"", ""owner"": ""systemd-timesync"", ""pid"": ""380"", ""process"": ""all"", ""resource_instance_id"": ""8057035535632679842"", ""resource_project_id"": ""proyecto-2-cloud-509714"", ""resource_type"": ""gce_instance"", ""resource_zone"": ""us-central1-a"", ""vm"": ""8057035535632679842""}",92266496
2026-09-27T02:30:29.740519Z,"{""command"": ""systemd-timesyncd"", ""command_line"": ""/lib/systemd/systemd-timesyncd"", ""owner"": ""systemd-timesync"", ""pid"": ""380"", ""process"": ""all"", ""resource_instance_id"": ""8057035535632679842"", ""resource_project_id"": ""proyecto-2-cloud-509714"", ""resource_type"": ""gce_instance"", ""resource_zone"": ""us-central1-a"", ""vm"": ""8057035535632679842""}",92266496
2026-09-27T02:30:22.327114Z,"{""command"": ""systemd-timesyncd"", ""command_line"": ""/lib/systemd/systemd-timesyncd"", ""owner"": ""systemd-timesync"", ""pid"": ""380"", ""process"": ""all"", ""resource_instance_id"": ""8057035535632679842"", ""resource_project_id"": ""proyecto-2-cloud-509714"", ""resource_type"": ""gce_instance"", ""resource_zone"": ""us-central1-a"", ""vm"": ""8057035535632679842""}",92266496
2026-09-27T02:49:59.738931Z,"{""command"": ""systemd-udevd"", ""command_line"": ""/lib/systemd/systemd-udevd"", ""owner"": ""root"", ""pid"": ""251"", ""process"": ""all"", ""resource_instance_id"": ""8057035535632679842"", ""resource_project_id"": ""proyecto-2-cloud-509714"", ""resource_type"": ""gce_instance"", ""resource_zone"": ""us-central1-a"", ""vm"": ""8057035535632679842""}",25055232
2026-09-27T02:49:29.735156Z,"{""command"": ""systemd-udevd"", ""command_line"": ""/lib/systemd/systemd-udevd"", ""owner"": ""root"", ""pid"": ""251"", ""process"": ""all"", ""resource_instance_id"": ""8057035535632679842"", ""resource_project_id"": ""proyecto-2-cloud-509714"", ""resource_type"": ""gce_instance"", ""resource_zone"": ""us-central1-a"", ""vm"": ""8057035535632679842""}",25055232
2026-09-27T02:48:59.730004Z,"{""command"": ""systemd-udevd"", ""command_line"": ""/lib/systemd/systemd-udevd"", ""owner"": ""root"", ""pid"": ""251"", ""process"": ""all"", ""resource_instance_id"": ""8057035535632679842"", ""resource_project_id"": ""proyecto-2-cloud-509714"", ""resource_type"": ""gce_instance"", ""resource_zone"": ""us-central1-a"", ""vm"": ""8057035535632679842""}",25055232
2026-09-27T02:48:29.737005Z,"{""command"": ""systemd-udevd"", ""command_line"": ""/lib/systemd/systemd-udevd"", ""owner"": ""root"", ""pid"": ""251"", ""process"": ""all"", ""resource_instance_id"": ""8057035535632679842"", ""resource_project_id"": ""proyecto-2-cloud-509714"", ""resource_type"": ""gce_instance"", ""resource_zone"": ""us-central1-a"", ""vm"": ""8057035535632679842""}",25055232
2026-09-27T02:47:59.734526Z,"{""command"": ""systemd-udevd"", ""command_line"": ""/lib/systemd/systemd-udevd"", ""owner"": ""root"", ""pid"": ""251"", ""process"": ""all"", ""resource_instance_id"": ""8057035535632679842"", ""resource_project_id"": ""proyecto-2-cloud-509714"", ""resource_type"": ""gce_instance"", ""resource_zone"": ""us-central1-a"", ""vm"": ""8057035535632679842""}",25055232
2026-09-27T02:47:29.731835Z,"{""command"": ""systemd-udevd"", ""command_line"": ""/lib/systemd/systemd-udevd"", ""owner"": ""root"", ""pid"": ""251"", ""process"": ""all"", ""resource_instance_id"": ""8057035535632679842"", ""resource_project_id"": ""proyecto-2-cloud-509714"", ""resource_type"": ""gce_instance"", ""resource_zone"": ""us-central1-a"", ""vm"": ""8057035535632679842""}",25055232
2026-09-27T02:46:59.742425Z,"{""command"": ""systemd-udevd"", ""command_line"": ""/lib/systemd/systemd-udevd"", ""owner"": ""root"", ""pid"": ""251"", ""process"": ""all"", ""resource_instance_id"": ""8057035535632679842"", ""resource_project_id"": ""proyecto-2-cloud-509714"", ""resource_type"": ""gce_instance"", ""resource_zone"": ""us-central1-a"", ""vm"": ""8057035535632679842""}",25055232
2026-09-27T02:46:29.736833Z,"{""command"": ""systemd-udevd"", ""command_line"": ""/lib/systemd/systemd-udevd"", ""owner"": ""root"", ""pid"": ""251"", ""process"": ""all"", ""resource_instance_id"": ""8057035535632679842"", ""resource_project_id"": ""proyecto-2-cloud-509714"", ""resource_type"": ""gce_instance"", ""resource_zone"": ""us-central1-a"", ""vm"": ""8057035535632679842""}",25055232
2026-09-27T02:45:59.731068Z,"{""command"": ""systemd-udevd"", ""command_line"": ""/lib/systemd/systemd-udevd"", ""owner"": ""root"", ""pid"": ""251"", ""process"": ""all"", ""resource_instance_id"": ""8057035535632679842"", ""resource_project_id"": ""proyecto-2-cloud-509714"", ""resource_type"": ""gce_instance"", ""resource_zone"": ""us-central1-a"", ""vm"": ""8057035535632679842""}",25055232
2026-09-27T02:45:29.736830Z,"{""command"": ""systemd-udevd"", ""command_line"": ""/lib/systemd/systemd-udevd"", ""owner"": ""root"", ""pid"": ""251"", ""process"": ""all"", ""resource_instance_id"": ""8057035535632679842"", ""resource_project_id"": ""proyecto-2-cloud-509714"", ""resource_type"": ""gce_instance"", ""resource_zone"": ""us-central1-a"", ""vm"": ""8057035535632679842""}",25055232
2026-09-27T02:44:59.742270Z,"{""command"": ""systemd-udevd"", ""command_line"": ""/lib/systemd/systemd-udevd"", ""owner"": ""root"", ""pid"": ""251"", ""process"": ""all"", ""resource_instance_id"": ""8057035535632679842"", ""resource_project_id"": ""proyecto-2-cloud-509714"", ""resource_type"": ""gce_instance"", ""resource_zone"": ""us-central1-a"", ""vm"": ""8057035535632679842""}",25055232
2026-09-27T02:44:29.739405Z,"{""command"": ""systemd-udevd"", ""command_line"": ""/lib/systemd/systemd-udevd"", ""owner"": ""root"", ""pid"": ""251"", ""process"": ""all"", ""resource_instance_id"": ""8057035535632679842"", ""resource_project_id"": ""proyecto-2-cloud-509714"", ""resource_type"": ""gce_instance"", ""resource_zone"": ""us-central1-a"", ""vm"": ""8057035535632679842""}",25055232
2026-09-27T02:43:59.740995Z,"{""command"": ""systemd-udevd"", ""command_line"": ""/lib/systemd/systemd-udevd"", ""owner"": ""root"", ""pid"": ""251"", ""process"": ""all"", ""resource_instance_id"": ""8057035535632679842"", ""resource_project_id"": ""proyecto-2-cloud-509714"", ""resource_type"": ""gce_instance"", ""resource_zone"": ""us-central1-a"", ""vm"": ""8057035535632679842""}",25055232
2026-09-27T02:43:29.741665Z,"{""command"": ""systemd-udevd"", ""command_line"": ""/lib/systemd/systemd-udevd"", ""owner"": ""root"", ""pid"": ""251"", ""process"": ""all"", ""resource_instance_id"": ""8057035535632679842"", ""resource_project_id"": ""proyecto-2-cloud-509714"", ""resource_type"": ""gce_instance"", ""resource_zone"": ""us-central1-a"", ""vm"": ""8057035535632679842""}",25055232
2026-09-27T02:42:59.735511Z,"{""command"": ""systemd-udevd"", ""command_line"": ""/lib/systemd/systemd-udevd"", ""owner"": ""root"", ""pid"": ""251"", ""process"": ""all"", ""resource_instance_id"": ""8057035535632679842"", ""resource_project_id"": ""proyecto-2-cloud-509714"", ""resource_type"": ""gce_instance"", ""resource_zone"": ""us-central1-a"", ""vm"": ""8057035535632679842""}",25055232
2026-09-27T02:42:29.761436Z,"{""command"": ""systemd-udevd"", ""command_line"": ""/lib/systemd/systemd-udevd"", ""owner"": ""root"", ""pid"": ""251"", ""process"": ""all"", ""resource_instance_id"": ""8057035535632679842"", ""resource_project_id"": ""proyecto-2-cloud-509714"", ""resource_type"": ""gce_instance"", ""resource_zone"": ""us-central1-a"", ""vm"": ""8057035535632679842""}",25055232
2026-09-27T02:41:59.738874Z,"{""command"": ""systemd-udevd"", ""command_line"": ""/lib/systemd/systemd-udevd"", ""owner"": ""root"", ""pid"": ""251"", ""process"": ""all"", ""resource_instance_id"": ""8057035535632679842"", ""resource_project_id"": ""proyecto-2-cloud-509714"", ""resource_type"": ""gce_instance"", ""resource_zone"": ""us-central1-a"", ""vm"": ""8057035535632679842""}",25055232
2026-09-27T02:41:29.742505Z,"{""command"": ""systemd-udevd"", ""command_line"": ""/lib/systemd/systemd-udevd"", ""owner"": ""root"", ""pid"": ""251"", ""process"": ""all"", ""resource_instance_id"": ""8057035535632679842"", ""resource_project_id"": ""proyecto-2-cloud-509714"", ""resource_type"": ""gce_instance"", ""resource_zone"": ""us-central1-a"", ""vm"": ""8057035535632679842""}",25055232
2026-09-27T02:40:59.730119Z,"{""command"": ""systemd-udevd"", ""command_line"": ""/lib/systemd/systemd-udevd"", ""owner"": ""root"", ""pid"": ""251"", ""process"": ""all"", ""resource_instance_id"": ""8057035535632679842"", ""resource_project_id"": ""proyecto-2-cloud-509714"", ""resource_type"": ""gce_instance"", ""resource_zone"": ""us-central1-a"", ""vm"": ""8057035535632679842""}",25055232
2026-09-27T02:40:29.728385Z,"{""command"": ""systemd-udevd"", ""command_line"": ""/lib/systemd/systemd-udevd"", ""owner"": ""root"", ""pid"": ""251"", ""process"": ""all"", ""resource_instance_id"": ""8057035535632679842"", ""resource_project_id"": ""proyecto-2-cloud-509714"", ""resource_type"": ""gce_instance"", ""resource_zone"": ""us-central1-a"", ""vm"": ""8057035535632679842""}",25055232
2026-09-27T02:39:59.735439Z,"{""command"": ""systemd-udevd"", ""command_line"": ""/lib/systemd/systemd-udevd"", ""owner"": ""root"", ""pid"": ""251"", ""process"": ""all"", ""resource_instance_id"": ""8057035535632679842"", ""resource_project_id"": ""proyecto-2-cloud-509714"", ""resource_type"": ""gce_instance"", ""resource_zone"": ""us-central1-a"", ""vm"": ""8057035535632679842""}",25055232
2026-09-27T02:39:29.730043Z,"{""command"": ""systemd-udevd"", ""command_line"": ""/lib/systemd/systemd-udevd"", ""owner"": ""root"", ""pid"": ""251"", ""process"": ""all"", ""resource_instance_id"": ""8057035535632679842"", ""resource_project_id"": ""proyecto-2-cloud-509714"", ""resource_type"": ""gce_instance"", ""resource_zone"": ""us-central1-a"", ""vm"": ""8057035535632679842""}",25055232
2026-09-27T02:38:59.735606Z,"{""command"": ""systemd-udevd"", ""command_line"": ""/lib/systemd/systemd-udevd"", ""owner"": ""root"", ""pid"": ""251"", ""process"": ""all"", ""resource_instance_id"": ""8057035535632679842"", ""resource_project_id"": ""proyecto-2-cloud-509714"", ""resource_type"": ""gce_instance"", ""resource_zone"": ""us-central1-a"", ""vm"": ""8057035535632679842""}",25055232
2026-09-27T02:38:29.727424Z,"{""command"": ""systemd-udevd"", ""command_line"": ""/lib/systemd/systemd-udevd"", ""owner"": ""root"", ""pid"": ""251"", ""process"": ""all"", ""resource_instance_id"": ""8057035535632679842"", ""resource_project_id"": ""proyecto-2-cloud-509714"", ""resource_type"": ""gce_instance"", ""resource_zone"": ""us-central1-a"", ""vm"": ""8057035535632679842""}",25055232
2026-09-27T02:37:59.737893Z,"{""command"": ""systemd-udevd"", ""command_line"": ""/lib/systemd/systemd-udevd"", ""owner"": ""root"", ""pid"": ""251"", ""process"": ""all"", ""resource_instance_id"": ""8057035535632679842"", ""resource_project_id"": ""proyecto-2-cloud-509714"", ""resource_type"": ""gce_instance"", ""resource_zone"": ""us-central1-a"", ""vm"": ""8057035535632679842""}",25055232
2026-09-27T02:37:29.732136Z,"{""command"": ""systemd-udevd"", ""command_line"": ""/lib/systemd/systemd-udevd"", ""owner"": ""root"", ""pid"": ""251"", ""process"": ""all"", ""resource_instance_id"": ""8057035535632679842"", ""resource_project_id"": ""proyecto-2-cloud-509714"", ""resource_type"": ""gce_instance"", ""resource_zone"": ""us-central1-a"", ""vm"": ""8057035535632679842""}",25055232
2026-09-27T02:36:59.739353Z,"{""command"": ""systemd-udevd"", ""command_line"": ""/lib/systemd/systemd-udevd"", ""owner"": ""root"", ""pid"": ""251"", ""process"": ""all"", ""resource_instance_id"": ""8057035535632679842"", ""resource_project_id"": ""proyecto-2-cloud-509714"", ""resource_type"": ""gce_instance"", ""resource_zone"": ""us-central1-a"", ""vm"": ""8057035535632679842""}",25055232
2026-09-27T02:36:29.734461Z,"{""command"": ""systemd-udevd"", ""command_line"": ""/lib/systemd/systemd-udevd"", ""owner"": ""root"", ""pid"": ""251"", ""process"": ""all"", ""resource_instance_id"": ""8057035535632679842"", ""resource_project_id"": ""proyecto-2-cloud-509714"", ""resource_type"": ""gce_instance"", ""resource_zone"": ""us-central1-a"", ""vm"": ""8057035535632679842""}",25055232
2026-09-27T02:35:59.727086Z,"{""command"": ""systemd-udevd"", ""command_line"": ""/lib/systemd/systemd-udevd"", ""owner"": ""root"", ""pid"": ""251"", ""process"": ""all"", ""resource_instance_id"": ""8057035535632679842"", ""resource_project_id"": ""proyecto-2-cloud-509714"", ""resource_type"": ""gce_instance"", ""resource_zone"": ""us-central1-a"", ""vm"": ""8057035535632679842""}",25055232
2026-09-27T02:35:29.725645Z,"{""command"": ""systemd-udevd"", ""command_line"": ""/lib/systemd/systemd-udevd"", ""owner"": ""root"", ""pid"": ""251"", ""process"": ""all"", ""resource_instance_id"": ""8057035535632679842"", ""resource_project_id"": ""proyecto-2-cloud-509714"", ""resource_type"": ""gce_instance"", ""resource_zone"": ""us-central1-a"", ""vm"": ""8057035535632679842""}",25055232
2026-09-27T02:34:59.730788Z,"{""command"": ""systemd-udevd"", ""command_line"": ""/lib/systemd/systemd-udevd"", ""owner"": ""root"", ""pid"": ""251"", ""process"": ""all"", ""resource_instance_id"": ""8057035535632679842"", ""resource_project_id"": ""proyecto-2-cloud-509714"", ""resource_type"": ""gce_instance"", ""resource_zone"": ""us-central1-a"", ""vm"": ""8057035535632679842""}",25055232
2026-09-27T02:34:29.730158Z,"{""command"": ""systemd-udevd"", ""command_line"": ""/lib/systemd/systemd-udevd"", ""owner"": ""root"", ""pid"": ""251"", ""process"": ""all"", ""resource_instance_id"": ""8057035535632679842"", ""resource_project_id"": ""proyecto-2-cloud-509714"", ""resource_type"": ""gce_instance"", ""resource_zone"": ""us-central1-a"", ""vm"": ""8057035535632679842""}",25055232
2026-09-27T02:33:59.737210Z,"{""command"": ""systemd-udevd"", ""command_line"": ""/lib/systemd/systemd-udevd"", ""owner"": ""root"", ""pid"": ""251"", ""process"": ""all"", ""resource_instance_id"": ""8057035535632679842"", ""resource_project_id"": ""proyecto-2-cloud-509714"", ""resource_type"": ""gce_instance"", ""resource_zone"": ""us-central1-a"", ""vm"": ""8057035535632679842""}",25055232
2026-09-27T02:33:29.726404Z,"{""command"": ""systemd-udevd"", ""command_line"": ""/lib/systemd/systemd-udevd"", ""owner"": ""root"", ""pid"": ""251"", ""process"": ""all"", ""resource_instance_id"": ""8057035535632679842"", ""resource_project_id"": ""proyecto-2-cloud-509714"", ""resource_type"": ""gce_instance"", ""resource_zone"": ""us-central1-a"", ""vm"": ""8057035535632679842""}",25055232
2026-09-27T02:32:59.743687Z,"{""command"": ""systemd-udevd"", ""command_line"": ""/lib/systemd/systemd-udevd"", ""owner"": ""root"", ""pid"": ""251"", ""process"": ""all"", ""resource_instance_id"": ""8057035535632679842"", ""resource_project_id"": ""proyecto-2-cloud-509714"", ""resource_type"": ""gce_instance"", ""resource_zone"": ""us-central1-a"", ""vm"": ""8057035535632679842""}",25055232
2026-09-27T02:32:29.735127Z,"{""command"": ""systemd-udevd"", ""command_line"": ""/lib/systemd/systemd-udevd"", ""owner"": ""root"", ""pid"": ""251"", ""process"": ""all"", ""resource_instance_id"": ""8057035535632679842"", ""resource_project_id"": ""proyecto-2-cloud-509714"", ""resource_type"": ""gce_instance"", ""resource_zone"": ""us-central1-a"", ""vm"": ""8057035535632679842""}",25055232
2026-09-27T02:31:59.735112Z,"{""command"": ""systemd-udevd"", ""command_line"": ""/lib/systemd/systemd-udevd"", ""owner"": ""root"", ""pid"": ""251"", ""process"": ""all"", ""resource_instance_id"": ""8057035535632679842"", ""resource_project_id"": ""proyecto-2-cloud-509714"", ""resource_type"": ""gce_instance"", ""resource_zone"": ""us-central1-a"", ""vm"": ""8057035535632679842""}",25055232
2026-09-27T02:31:29.729463Z,"{""command"": ""systemd-udevd"", ""command_line"": ""/lib/systemd/systemd-udevd"", ""owner"": ""root"", ""pid"": ""251"", ""process"": ""all"", ""resource_instance_id"": ""8057035535632679842"", ""resource_project_id"": ""proyecto-2-cloud-509714"", ""resource_type"": ""gce_instance"", ""resource_zone"": ""us-central1-a"", ""vm"": ""8057035535632679842""}",25055232
2026-09-27T02:30:59.745686Z,"{""command"": ""systemd-udevd"", ""command_line"": ""/lib/systemd/systemd-udevd"", ""owner"": ""root"", ""pid"": ""251"", ""process"": ""all"", ""resource_instance_id"": ""8057035535632679842"", ""resource_project_id"": ""proyecto-2-cloud-509714"", ""resource_type"": ""gce_instance"", ""resource_zone"": ""us-central1-a"", ""vm"": ""8057035535632679842""}",25055232
2026-09-27T02:30:29.740200Z,"{""command"": ""systemd-udevd"", ""command_line"": ""/lib/systemd/systemd-udevd"", ""owner"": ""root"", ""pid"": ""251"", ""process"": ""all"", ""resource_instance_id"": ""8057035535632679842"", ""resource_project_id"": ""proyecto-2-cloud-509714"", ""resource_type"": ""gce_instance"", ""resource_zone"": ""us-central1-a"", ""vm"": ""8057035535632679842""}",25055232
2026-09-27T02:30:22.326783Z,"{""command"": ""systemd-udevd"", ""command_line"": ""/lib/systemd/systemd-udevd"", ""owner"": ""root"", ""pid"": ""251"", ""process"": ""all"", ""resource_instance_id"": ""8057035535632679842"", ""resource_project_id"": ""proyecto-2-cloud-509714"", ""resource_type"": ""gce_instance"", ""resource_zone"": ""us-central1-a"", ""vm"": ""8057035535632679842""}",25055232
2026-09-27T02:30:22.328648Z,"{""command"": ""tee"", ""command_line"": ""tee -a /var/log/mooc-startup.log"", ""owner"": ""root"", ""pid"": ""958"", ""process"": ""all"", ""resource_instance_id"": ""8057035535632679842"", ""resource_project_id"": ""proyecto-2-cloud-509714"", ""resource_type"": ""gce_instance"", ""resource_zone"": ""us-central1-a"", ""vm"": ""8057035535632679842""}",2985984
2026-09-27T02:49:59.736997Z,"{""command"": ""tpm_dev_wq"", ""command_line"": """", ""owner"": ""root"", ""pid"": ""40"", ""process"": ""all"", ""resource_instance_id"": ""8057035535632679842"", ""resource_project_id"": ""proyecto-2-cloud-509714"", ""resource_type"": ""gce_instance"", ""resource_zone"": ""us-central1-a"", ""vm"": ""8057035535632679842""}",0
2026-09-27T02:49:29.733881Z,"{""command"": ""tpm_dev_wq"", ""command_line"": """", ""owner"": ""root"", ""pid"": ""40"", ""process"": ""all"", ""resource_instance_id"": ""8057035535632679842"", ""resource_project_id"": ""proyecto-2-cloud-509714"", ""resource_type"": ""gce_instance"", ""resource_zone"": ""us-central1-a"", ""vm"": ""8057035535632679842""}",0
2026-09-27T02:48:59.728911Z,"{""command"": ""tpm_dev_wq"", ""command_line"": """", ""owner"": ""root"", ""pid"": ""40"", ""process"": ""all"", ""resource_instance_id"": ""8057035535632679842"", ""resource_project_id"": ""proyecto-2-cloud-509714"", ""resource_type"": ""gce_instance"", ""resource_zone"": ""us-central1-a"", ""vm"": ""8057035535632679842""}",0
2026-09-27T02:48:29.735504Z,"{""command"": ""tpm_dev_wq"", ""command_line"": """", ""owner"": ""root"", ""pid"": ""40"", ""process"": ""all"", ""resource_instance_id"": ""8057035535632679842"", ""resource_project_id"": ""proyecto-2-cloud-509714"", ""resource_type"": ""gce_instance"", ""resource_zone"": ""us-central1-a"", ""vm"": ""8057035535632679842""}",0
2026-09-27T02:47:59.733349Z,"{""command"": ""tpm_dev_wq"", ""command_line"": """", ""owner"": ""root"", ""pid"": ""40"", ""process"": ""all"", ""resource_instance_id"": ""8057035535632679842"", ""resource_project_id"": ""proyecto-2-cloud-509714"", ""resource_type"": ""gce_instance"", ""resource_zone"": ""us-central1-a"", ""vm"": ""8057035535632679842""}",0
2026-09-27T02:47:29.730118Z,"{""command"": ""tpm_dev_wq"", ""command_line"": """", ""owner"": ""root"", ""pid"": ""40"", ""process"": ""all"", ""resource_instance_id"": ""8057035535632679842"", ""resource_project_id"": ""proyecto-2-cloud-509714"", ""resource_type"": ""gce_instance"", ""resource_zone"": ""us-central1-a"", ""vm"": ""8057035535632679842""}",0
2026-09-27T02:46:59.740644Z,"{""command"": ""tpm_dev_wq"", ""command_line"": """", ""owner"": ""root"", ""pid"": ""40"", ""process"": ""all"", ""resource_instance_id"": ""8057035535632679842"", ""resource_project_id"": ""proyecto-2-cloud-509714"", ""resource_type"": ""gce_instance"", ""resource_zone"": ""us-central1-a"", ""vm"": ""8057035535632679842""}",0
2026-09-27T02:46:29.735314Z,"{""command"": ""tpm_dev_wq"", ""command_line"": """", ""owner"": ""root"", ""pid"": ""40"", ""process"": ""all"", ""resource_instance_id"": ""8057035535632679842"", ""resource_project_id"": ""proyecto-2-cloud-509714"", ""resource_type"": ""gce_instance"", ""resource_zone"": ""us-central1-a"", ""vm"": ""8057035535632679842""}",0
2026-09-27T02:45:59.729863Z,"{""command"": ""tpm_dev_wq"", ""command_line"": """", ""owner"": ""root"", ""pid"": ""40"", ""process"": ""all"", ""resource_instance_id"": ""8057035535632679842"", ""resource_project_id"": ""proyecto-2-cloud-509714"", ""resource_type"": ""gce_instance"", ""resource_zone"": ""us-central1-a"", ""vm"": ""8057035535632679842""}",0
2026-09-27T02:45:29.735675Z,"{""command"": ""tpm_dev_wq"", ""command_line"": """", ""owner"": ""root"", ""pid"": ""40"", ""process"": ""all"", ""resource_instance_id"": ""8057035535632679842"", ""resource_project_id"": ""proyecto-2-cloud-509714"", ""resource_type"": ""gce_instance"", ""resource_zone"": ""us-central1-a"", ""vm"": ""8057035535632679842""}",0
2026-09-27T02:44:59.740976Z,"{""command"": ""tpm_dev_wq"", ""command_line"": """", ""owner"": ""root"", ""pid"": ""40"", ""process"": ""all"", ""resource_instance_id"": ""8057035535632679842"", ""resource_project_id"": ""proyecto-2-cloud-509714"", ""resource_type"": ""gce_instance"", ""resource_zone"": ""us-central1-a"", ""vm"": ""8057035535632679842""}",0
2026-09-27T02:44:29.738048Z,"{""command"": ""tpm_dev_wq"", ""command_line"": """", ""owner"": ""root"", ""pid"": ""40"", ""process"": ""all"", ""resource_instance_id"": ""8057035535632679842"", ""resource_project_id"": ""proyecto-2-cloud-509714"", ""resource_type"": ""gce_instance"", ""resource_zone"": ""us-central1-a"", ""vm"": ""8057035535632679842""}",0
2026-09-27T02:43:59.739654Z,"{""command"": ""tpm_dev_wq"", ""command_line"": """", ""owner"": ""root"", ""pid"": ""40"", ""process"": ""all"", ""resource_instance_id"": ""8057035535632679842"", ""resource_project_id"": ""proyecto-2-cloud-509714"", ""resource_type"": ""gce_instance"", ""resource_zone"": ""us-central1-a"", ""vm"": ""8057035535632679842""}",0
2026-09-27T02:43:29.740196Z,"{""command"": ""tpm_dev_wq"", ""command_line"": """", ""owner"": ""root"", ""pid"": ""40"", ""process"": ""all"", ""resource_instance_id"": ""8057035535632679842"", ""resource_project_id"": ""proyecto-2-cloud-509714"", ""resource_type"": ""gce_instance"", ""resource_zone"": ""us-central1-a"", ""vm"": ""8057035535632679842""}",0
2026-09-27T02:42:59.734043Z,"{""command"": ""tpm_dev_wq"", ""command_line"": """", ""owner"": ""root"", ""pid"": ""40"", ""process"": ""all"", ""resource_instance_id"": ""8057035535632679842"", ""resource_project_id"": ""proyecto-2-cloud-509714"", ""resource_type"": ""gce_instance"", ""resource_zone"": ""us-central1-a"", ""vm"": ""8057035535632679842""}",0
2026-09-27T02:42:29.758912Z,"{""command"": ""tpm_dev_wq"", ""command_line"": """", ""owner"": ""root"", ""pid"": ""40"", ""process"": ""all"", ""resource_instance_id"": ""8057035535632679842"", ""resource_project_id"": ""proyecto-2-cloud-509714"", ""resource_type"": ""gce_instance"", ""resource_zone"": ""us-central1-a"", ""vm"": ""8057035535632679842""}",0
2026-09-27T02:41:59.737302Z,"{""command"": ""tpm_dev_wq"", ""command_line"": """", ""owner"": ""root"", ""pid"": ""40"", ""process"": ""all"", ""resource_instance_id"": ""8057035535632679842"", ""resource_project_id"": ""proyecto-2-cloud-509714"", ""resource_type"": ""gce_instance"", ""resource_zone"": ""us-central1-a"", ""vm"": ""8057035535632679842""}",0
2026-09-27T02:41:29.741181Z,"{""command"": ""tpm_dev_wq"", ""command_line"": """", ""owner"": ""root"", ""pid"": ""40"", ""process"": ""all"", ""resource_instance_id"": ""8057035535632679842"", ""resource_project_id"": ""proyecto-2-cloud-509714"", ""resource_type"": ""gce_instance"", ""resource_zone"": ""us-central1-a"", ""vm"": ""8057035535632679842""}",0
2026-09-27T02:40:59.728938Z,"{""command"": ""tpm_dev_wq"", ""command_line"": """", ""owner"": ""root"", ""pid"": ""40"", ""process"": ""all"", ""resource_instance_id"": ""8057035535632679842"", ""resource_project_id"": ""proyecto-2-cloud-509714"", ""resource_type"": ""gce_instance"", ""resource_zone"": ""us-central1-a"", ""vm"": ""8057035535632679842""}",0
2026-09-27T02:40:29.727122Z,"{""command"": ""tpm_dev_wq"", ""command_line"": """", ""owner"": ""root"", ""pid"": ""40"", ""process"": ""all"", ""resource_instance_id"": ""8057035535632679842"", ""resource_project_id"": ""proyecto-2-cloud-509714"", ""resource_type"": ""gce_instance"", ""resource_zone"": ""us-central1-a"", ""vm"": ""8057035535632679842""}",0
2026-09-27T02:39:59.733105Z,"{""command"": ""tpm_dev_wq"", ""command_line"": """", ""owner"": ""root"", ""pid"": ""40"", ""process"": ""all"", ""resource_instance_id"": ""8057035535632679842"", ""resource_project_id"": ""proyecto-2-cloud-509714"", ""resource_type"": ""gce_instance"", ""resource_zone"": ""us-central1-a"", ""vm"": ""8057035535632679842""}",0
2026-09-27T02:39:29.728902Z,"{""command"": ""tpm_dev_wq"", ""command_line"": """", ""owner"": ""root"", ""pid"": ""40"", ""process"": ""all"", ""resource_instance_id"": ""8057035535632679842"", ""resource_project_id"": ""proyecto-2-cloud-509714"", ""resource_type"": ""gce_instance"", ""resource_zone"": ""us-central1-a"", ""vm"": ""8057035535632679842""}",0
2026-09-27T02:38:59.733505Z,"{""command"": ""tpm_dev_wq"", ""command_line"": """", ""owner"": ""root"", ""pid"": ""40"", ""process"": ""all"", ""resource_instance_id"": ""8057035535632679842"", ""resource_project_id"": ""proyecto-2-cloud-509714"", ""resource_type"": ""gce_instance"", ""resource_zone"": ""us-central1-a"", ""vm"": ""8057035535632679842""}",0
2026-09-27T02:38:29.725958Z,"{""command"": ""tpm_dev_wq"", ""command_line"": """", ""owner"": ""root"", ""pid"": ""40"", ""process"": ""all"", ""resource_instance_id"": ""8057035535632679842"", ""resource_project_id"": ""proyecto-2-cloud-509714"", ""resource_type"": ""gce_instance"", ""resource_zone"": ""us-central1-a"", ""vm"": ""8057035535632679842""}",0
2026-09-27T02:37:59.736458Z,"{""command"": ""tpm_dev_wq"", ""command_line"": """", ""owner"": ""root"", ""pid"": ""40"", ""process"": ""all"", ""resource_instance_id"": ""8057035535632679842"", ""resource_project_id"": ""proyecto-2-cloud-509714"", ""resource_type"": ""gce_instance"", ""resource_zone"": ""us-central1-a"", ""vm"": ""8057035535632679842""}",0
2026-09-27T02:37:29.730103Z,"{""command"": ""tpm_dev_wq"", ""command_line"": """", ""owner"": ""root"", ""pid"": ""40"", ""process"": ""all"", ""resource_instance_id"": ""8057035535632679842"", ""resource_project_id"": ""proyecto-2-cloud-509714"", ""resource_type"": ""gce_instance"", ""resource_zone"": ""us-central1-a"", ""vm"": ""8057035535632679842""}",0
2026-09-27T02:36:59.737408Z,"{""command"": ""tpm_dev_wq"", ""command_line"": """", ""owner"": ""root"", ""pid"": ""40"", ""process"": ""all"", ""resource_instance_id"": ""8057035535632679842"", ""resource_project_id"": ""proyecto-2-cloud-509714"", ""resource_type"": ""gce_instance"", ""resource_zone"": ""us-central1-a"", ""vm"": ""8057035535632679842""}",0
2026-09-27T02:36:29.732464Z,"{""command"": ""tpm_dev_wq"", ""command_line"": """", ""owner"": ""root"", ""pid"": ""40"", ""process"": ""all"", ""resource_instance_id"": ""8057035535632679842"", ""resource_project_id"": ""proyecto-2-cloud-509714"", ""resource_type"": ""gce_instance"", ""resource_zone"": ""us-central1-a"", ""vm"": ""8057035535632679842""}",0
2026-09-27T02:35:59.725738Z,"{""command"": ""tpm_dev_wq"", ""command_line"": """", ""owner"": ""root"", ""pid"": ""40"", ""process"": ""all"", ""resource_instance_id"": ""8057035535632679842"", ""resource_project_id"": ""proyecto-2-cloud-509714"", ""resource_type"": ""gce_instance"", ""resource_zone"": ""us-central1-a"", ""vm"": ""8057035535632679842""}",0
2026-09-27T02:35:29.724515Z,"{""command"": ""tpm_dev_wq"", ""command_line"": """", ""owner"": ""root"", ""pid"": ""40"", ""process"": ""all"", ""resource_instance_id"": ""8057035535632679842"", ""resource_project_id"": ""proyecto-2-cloud-509714"", ""resource_type"": ""gce_instance"", ""resource_zone"": ""us-central1-a"", ""vm"": ""8057035535632679842""}",0
2026-09-27T02:34:59.729307Z,"{""command"": ""tpm_dev_wq"", ""command_line"": """", ""owner"": ""root"", ""pid"": ""40"", ""process"": ""all"", ""resource_instance_id"": ""8057035535632679842"", ""resource_project_id"": ""proyecto-2-cloud-509714"", ""resource_type"": ""gce_instance"", ""resource_zone"": ""us-central1-a"", ""vm"": ""8057035535632679842""}",0
2026-09-27T02:34:29.728826Z,"{""command"": ""tpm_dev_wq"", ""command_line"": """", ""owner"": ""root"", ""pid"": ""40"", ""process"": ""all"", ""resource_instance_id"": ""8057035535632679842"", ""resource_project_id"": ""proyecto-2-cloud-509714"", ""resource_type"": ""gce_instance"", ""resource_zone"": ""us-central1-a"", ""vm"": ""8057035535632679842""}",0
2026-09-27T02:33:59.735869Z,"{""command"": ""tpm_dev_wq"", ""command_line"": """", ""owner"": ""root"", ""pid"": ""40"", ""process"": ""all"", ""resource_instance_id"": ""8057035535632679842"", ""resource_project_id"": ""proyecto-2-cloud-509714"", ""resource_type"": ""gce_instance"", ""resource_zone"": ""us-central1-a"", ""vm"": ""8057035535632679842""}",0
2026-09-27T02:33:29.725222Z,"{""command"": ""tpm_dev_wq"", ""command_line"": """", ""owner"": ""root"", ""pid"": ""40"", ""process"": ""all"", ""resource_instance_id"": ""8057035535632679842"", ""resource_project_id"": ""proyecto-2-cloud-509714"", ""resource_type"": ""gce_instance"", ""resource_zone"": ""us-central1-a"", ""vm"": ""8057035535632679842""}",0
2026-09-27T02:32:59.742299Z,"{""command"": ""tpm_dev_wq"", ""command_line"": """", ""owner"": ""root"", ""pid"": ""40"", ""process"": ""all"", ""resource_instance_id"": ""8057035535632679842"", ""resource_project_id"": ""proyecto-2-cloud-509714"", ""resource_type"": ""gce_instance"", ""resource_zone"": ""us-central1-a"", ""vm"": ""8057035535632679842""}",0
2026-09-27T02:32:29.733491Z,"{""command"": ""tpm_dev_wq"", ""command_line"": """", ""owner"": ""root"", ""pid"": ""40"", ""process"": ""all"", ""resource_instance_id"": ""8057035535632679842"", ""resource_project_id"": ""proyecto-2-cloud-509714"", ""resource_type"": ""gce_instance"", ""resource_zone"": ""us-central1-a"", ""vm"": ""8057035535632679842""}",0
2026-09-27T02:31:59.733724Z,"{""command"": ""tpm_dev_wq"", ""command_line"": """", ""owner"": ""root"", ""pid"": ""40"", ""process"": ""all"", ""resource_instance_id"": ""8057035535632679842"", ""resource_project_id"": ""proyecto-2-cloud-509714"", ""resource_type"": ""gce_instance"", ""resource_zone"": ""us-central1-a"", ""vm"": ""8057035535632679842""}",0
2026-09-27T02:31:29.728297Z,"{""command"": ""tpm_dev_wq"", ""command_line"": """", ""owner"": ""root"", ""pid"": ""40"", ""process"": ""all"", ""resource_instance_id"": ""8057035535632679842"", ""resource_project_id"": ""proyecto-2-cloud-509714"", ""resource_type"": ""gce_instance"", ""resource_zone"": ""us-central1-a"", ""vm"": ""8057035535632679842""}",0
2026-09-27T02:30:59.743573Z,"{""command"": ""tpm_dev_wq"", ""command_line"": """", ""owner"": ""root"", ""pid"": ""40"", ""process"": ""all"", ""resource_instance_id"": ""8057035535632679842"", ""resource_project_id"": ""proyecto-2-cloud-509714"", ""resource_type"": ""gce_instance"", ""resource_zone"": ""us-central1-a"", ""vm"": ""8057035535632679842""}",0
2026-09-27T02:30:29.738725Z,"{""command"": ""tpm_dev_wq"", ""command_line"": """", ""owner"": ""root"", ""pid"": ""40"", ""process"": ""all"", ""resource_instance_id"": ""8057035535632679842"", ""resource_project_id"": ""proyecto-2-cloud-509714"", ""resource_type"": ""gce_instance"", ""resource_zone"": ""us-central1-a"", ""vm"": ""8057035535632679842""}",0
2026-09-27T02:30:22.325125Z,"{""command"": ""tpm_dev_wq"", ""command_line"": """", ""owner"": ""root"", ""pid"": ""40"", ""process"": ""all"", ""resource_instance_id"": ""8057035535632679842"", ""resource_project_id"": ""proyecto-2-cloud-509714"", ""resource_type"": ""gce_instance"", ""resource_zone"": ""us-central1-a"", ""vm"": ""8057035535632679842""}",0
2026-09-27T02:49:59.740723Z,"{""command"": ""unattended-upgr"", ""command_line"": ""/usr/bin/python3 /usr/share/unattended-upgrades/unattended-upgrade-shutdown --wait-for-signal"", ""owner"": ""root"", ""pid"": ""478"", ""process"": ""all"", ""resource_instance_id"": ""8057035535632679842"", ""resource_project_id"": ""proyecto-2-cloud-509714"", ""resource_type"": ""gce_instance"", ""resource_zone"": ""us-central1-a"", ""vm"": ""8057035535632679842""}",110706688
2026-09-27T02:49:29.736199Z,"{""command"": ""unattended-upgr"", ""command_line"": ""/usr/bin/python3 /usr/share/unattended-upgrades/unattended-upgrade-shutdown --wait-for-signal"", ""owner"": ""root"", ""pid"": ""478"", ""process"": ""all"", ""resource_instance_id"": ""8057035535632679842"", ""resource_project_id"": ""proyecto-2-cloud-509714"", ""resource_type"": ""gce_instance"", ""resource_zone"": ""us-central1-a"", ""vm"": ""8057035535632679842""}",110706688
2026-09-27T02:48:59.732094Z,"{""command"": ""unattended-upgr"", ""command_line"": ""/usr/bin/python3 /usr/share/unattended-upgrades/unattended-upgrade-shutdown --wait-for-signal"", ""owner"": ""root"", ""pid"": ""478"", ""process"": ""all"", ""resource_instance_id"": ""8057035535632679842"", ""resource_project_id"": ""proyecto-2-cloud-509714"", ""resource_type"": ""gce_instance"", ""resource_zone"": ""us-central1-a"", ""vm"": ""8057035535632679842""}",110706688
2026-09-27T02:48:29.738122Z,"{""command"": ""unattended-upgr"", ""command_line"": ""/usr/bin/python3 /usr/share/unattended-upgrades/unattended-upgrade-shutdown --wait-for-signal"", ""owner"": ""root"", ""pid"": ""478"", ""process"": ""all"", ""resource_instance_id"": ""8057035535632679842"", ""resource_project_id"": ""proyecto-2-cloud-509714"", ""resource_type"": ""gce_instance"", ""resource_zone"": ""us-central1-a"", ""vm"": ""8057035535632679842""}",110706688
2026-09-27T02:47:59.735767Z,"{""command"": ""unattended-upgr"", ""command_line"": ""/usr/bin/python3 /usr/share/unattended-upgrades/unattended-upgrade-shutdown --wait-for-signal"", ""owner"": ""root"", ""pid"": ""478"", ""process"": ""all"", ""resource_instance_id"": ""8057035535632679842"", ""resource_project_id"": ""proyecto-2-cloud-509714"", ""resource_type"": ""gce_instance"", ""resource_zone"": ""us-central1-a"", ""vm"": ""8057035535632679842""}",110706688
2026-09-27T02:47:29.732853Z,"{""command"": ""unattended-upgr"", ""command_line"": ""/usr/bin/python3 /usr/share/unattended-upgrades/unattended-upgrade-shutdown --wait-for-signal"", ""owner"": ""root"", ""pid"": ""478"", ""process"": ""all"", ""resource_instance_id"": ""8057035535632679842"", ""resource_project_id"": ""proyecto-2-cloud-509714"", ""resource_type"": ""gce_instance"", ""resource_zone"": ""us-central1-a"", ""vm"": ""8057035535632679842""}",110706688
2026-09-27T02:46:59.743627Z,"{""command"": ""unattended-upgr"", ""command_line"": ""/usr/bin/python3 /usr/share/unattended-upgrades/unattended-upgrade-shutdown --wait-for-signal"", ""owner"": ""root"", ""pid"": ""478"", ""process"": ""all"", ""resource_instance_id"": ""8057035535632679842"", ""resource_project_id"": ""proyecto-2-cloud-509714"", ""resource_type"": ""gce_instance"", ""resource_zone"": ""us-central1-a"", ""vm"": ""8057035535632679842""}",110706688
2026-09-27T02:46:29.739607Z,"{""command"": ""unattended-upgr"", ""command_line"": ""/usr/bin/python3 /usr/share/unattended-upgrades/unattended-upgrade-shutdown --wait-for-signal"", ""owner"": ""root"", ""pid"": ""478"", ""process"": ""all"", ""resource_instance_id"": ""8057035535632679842"", ""resource_project_id"": ""proyecto-2-cloud-509714"", ""resource_type"": ""gce_instance"", ""resource_zone"": ""us-central1-a"", ""vm"": ""8057035535632679842""}",110706688
2026-09-27T02:45:59.731956Z,"{""command"": ""unattended-upgr"", ""command_line"": ""/usr/bin/python3 /usr/share/unattended-upgrades/unattended-upgrade-shutdown --wait-for-signal"", ""owner"": ""root"", ""pid"": ""478"", ""process"": ""all"", ""resource_instance_id"": ""8057035535632679842"", ""resource_project_id"": ""proyecto-2-cloud-509714"", ""resource_type"": ""gce_instance"", ""resource_zone"": ""us-central1-a"", ""vm"": ""8057035535632679842""}",110706688
2026-09-27T02:45:29.737741Z,"{""command"": ""unattended-upgr"", ""command_line"": ""/usr/bin/python3 /usr/share/unattended-upgrades/unattended-upgrade-shutdown --wait-for-signal"", ""owner"": ""root"", ""pid"": ""478"", ""process"": ""all"", ""resource_instance_id"": ""8057035535632679842"", ""resource_project_id"": ""proyecto-2-cloud-509714"", ""resource_type"": ""gce_instance"", ""resource_zone"": ""us-central1-a"", ""vm"": ""8057035535632679842""}",110706688
2026-09-27T02:44:59.743512Z,"{""command"": ""unattended-upgr"", ""command_line"": ""/usr/bin/python3 /usr/share/unattended-upgrades/unattended-upgrade-shutdown --wait-for-signal"", ""owner"": ""root"", ""pid"": ""478"", ""process"": ""all"", ""resource_instance_id"": ""8057035535632679842"", ""resource_project_id"": ""proyecto-2-cloud-509714"", ""resource_type"": ""gce_instance"", ""resource_zone"": ""us-central1-a"", ""vm"": ""8057035535632679842""}",110706688
2026-09-27T02:44:29.740383Z,"{""command"": ""unattended-upgr"", ""command_line"": ""/usr/bin/python3 /usr/share/unattended-upgrades/unattended-upgrade-shutdown --wait-for-signal"", ""owner"": ""root"", ""pid"": ""478"", ""process"": ""all"", ""resource_instance_id"": ""8057035535632679842"", ""resource_project_id"": ""proyecto-2-cloud-509714"", ""resource_type"": ""gce_instance"", ""resource_zone"": ""us-central1-a"", ""vm"": ""8057035535632679842""}",110706688
2026-09-27T02:43:59.742074Z,"{""command"": ""unattended-upgr"", ""command_line"": ""/usr/bin/python3 /usr/share/unattended-upgrades/unattended-upgrade-shutdown --wait-for-signal"", ""owner"": ""root"", ""pid"": ""478"", ""process"": ""all"", ""resource_instance_id"": ""8057035535632679842"", ""resource_project_id"": ""proyecto-2-cloud-509714"", ""resource_type"": ""gce_instance"", ""resource_zone"": ""us-central1-a"", ""vm"": ""8057035535632679842""}",110706688
2026-09-27T02:43:29.743126Z,"{""command"": ""unattended-upgr"", ""command_line"": ""/usr/bin/python3 /usr/share/unattended-upgrades/unattended-upgrade-shutdown --wait-for-signal"", ""owner"": ""root"", ""pid"": ""478"", ""process"": ""all"", ""resource_instance_id"": ""8057035535632679842"", ""resource_project_id"": ""proyecto-2-cloud-509714"", ""resource_type"": ""gce_instance"", ""resource_zone"": ""us-central1-a"", ""vm"": ""8057035535632679842""}",110706688
2026-09-27T02:42:59.736505Z,"{""command"": ""unattended-upgr"", ""command_line"": ""/usr/bin/python3 /usr/share/unattended-upgrades/unattended-upgrade-shutdown --wait-for-signal"", ""owner"": ""root"", ""pid"": ""478"", ""process"": ""all"", ""resource_instance_id"": ""8057035535632679842"", ""resource_project_id"": ""proyecto-2-cloud-509714"", ""resource_type"": ""gce_instance"", ""resource_zone"": ""us-central1-a"", ""vm"": ""8057035535632679842""}",110706688
2026-09-27T02:42:29.762410Z,"{""command"": ""unattended-upgr"", ""command_line"": ""/usr/bin/python3 /usr/share/unattended-upgrades/unattended-upgrade-shutdown --wait-for-signal"", ""owner"": ""root"", ""pid"": ""478"", ""process"": ""all"", ""resource_instance_id"": ""8057035535632679842"", ""resource_project_id"": ""proyecto-2-cloud-509714"", ""resource_type"": ""gce_instance"", ""resource_zone"": ""us-central1-a"", ""vm"": ""8057035535632679842""}",110706688
2026-09-27T02:41:59.740043Z,"{""command"": ""unattended-upgr"", ""command_line"": ""/usr/bin/python3 /usr/share/unattended-upgrades/unattended-upgrade-shutdown --wait-for-signal"", ""owner"": ""root"", ""pid"": ""478"", ""process"": ""all"", ""resource_instance_id"": ""8057035535632679842"", ""resource_project_id"": ""proyecto-2-cloud-509714"", ""resource_type"": ""gce_instance"", ""resource_zone"": ""us-central1-a"", ""vm"": ""8057035535632679842""}",110706688
2026-09-27T02:41:29.743493Z,"{""command"": ""unattended-upgr"", ""command_line"": ""/usr/bin/python3 /usr/share/unattended-upgrades/unattended-upgrade-shutdown --wait-for-signal"", ""owner"": ""root"", ""pid"": ""478"", ""process"": ""all"", ""resource_instance_id"": ""8057035535632679842"", ""resource_project_id"": ""proyecto-2-cloud-509714"", ""resource_type"": ""gce_instance"", ""resource_zone"": ""us-central1-a"", ""vm"": ""8057035535632679842""}",110706688
2026-09-27T02:40:59.731676Z,"{""command"": ""unattended-upgr"", ""command_line"": ""/usr/bin/python3 /usr/share/unattended-upgrades/unattended-upgrade-shutdown --wait-for-signal"", ""owner"": ""root"", ""pid"": ""478"", ""process"": ""all"", ""resource_instance_id"": ""8057035535632679842"", ""resource_project_id"": ""proyecto-2-cloud-509714"", ""resource_type"": ""gce_instance"", ""resource_zone"": ""us-central1-a"", ""vm"": ""8057035535632679842""}",110706688
2026-09-27T02:40:29.729542Z,"{""command"": ""unattended-upgr"", ""command_line"": ""/usr/bin/python3 /usr/share/unattended-upgrades/unattended-upgrade-shutdown --wait-for-signal"", ""owner"": ""root"", ""pid"": ""478"", ""process"": ""all"", ""resource_instance_id"": ""8057035535632679842"", ""resource_project_id"": ""proyecto-2-cloud-509714"", ""resource_type"": ""gce_instance"", ""resource_zone"": ""us-central1-a"", ""vm"": ""8057035535632679842""}",110706688
2026-09-27T02:39:59.737259Z,"{""command"": ""unattended-upgr"", ""command_line"": ""/usr/bin/python3 /usr/share/unattended-upgrades/unattended-upgrade-shutdown --wait-for-signal"", ""owner"": ""root"", ""pid"": ""478"", ""process"": ""all"", ""resource_instance_id"": ""8057035535632679842"", ""resource_project_id"": ""proyecto-2-cloud-509714"", ""resource_type"": ""gce_instance"", ""resource_zone"": ""us-central1-a"", ""vm"": ""8057035535632679842""}",110706688
2026-09-27T02:39:29.731170Z,"{""command"": ""unattended-upgr"", ""command_line"": ""/usr/bin/python3 /usr/share/unattended-upgrades/unattended-upgrade-shutdown --wait-for-signal"", ""owner"": ""root"", ""pid"": ""478"", ""process"": ""all"", ""resource_instance_id"": ""8057035535632679842"", ""resource_project_id"": ""proyecto-2-cloud-509714"", ""resource_type"": ""gce_instance"", ""resource_zone"": ""us-central1-a"", ""vm"": ""8057035535632679842""}",110706688
2026-09-27T02:38:59.737354Z,"{""command"": ""unattended-upgr"", ""command_line"": ""/usr/bin/python3 /usr/share/unattended-upgrades/unattended-upgrade-shutdown --wait-for-signal"", ""owner"": ""root"", ""pid"": ""478"", ""process"": ""all"", ""resource_instance_id"": ""8057035535632679842"", ""resource_project_id"": ""proyecto-2-cloud-509714"", ""resource_type"": ""gce_instance"", ""resource_zone"": ""us-central1-a"", ""vm"": ""8057035535632679842""}",110706688
2026-09-27T02:38:29.728389Z,"{""command"": ""unattended-upgr"", ""command_line"": ""/usr/bin/python3 /usr/share/unattended-upgrades/unattended-upgrade-shutdown --wait-for-signal"", ""owner"": ""root"", ""pid"": ""478"", ""process"": ""all"", ""resource_instance_id"": ""8057035535632679842"", ""resource_project_id"": ""proyecto-2-cloud-509714"", ""resource_type"": ""gce_instance"", ""resource_zone"": ""us-central1-a"", ""vm"": ""8057035535632679842""}",110706688
2026-09-27T02:37:59.738980Z,"{""command"": ""unattended-upgr"", ""command_line"": ""/usr/bin/python3 /usr/share/unattended-upgrades/unattended-upgrade-shutdown --wait-for-signal"", ""owner"": ""root"", ""pid"": ""478"", ""process"": ""all"", ""resource_instance_id"": ""8057035535632679842"", ""resource_project_id"": ""proyecto-2-cloud-509714"", ""resource_type"": ""gce_instance"", ""resource_zone"": ""us-central1-a"", ""vm"": ""8057035535632679842""}",110706688
2026-09-27T02:37:29.733220Z,"{""command"": ""unattended-upgr"", ""command_line"": ""/usr/bin/python3 /usr/share/unattended-upgrades/unattended-upgrade-shutdown --wait-for-signal"", ""owner"": ""root"", ""pid"": ""478"", ""process"": ""all"", ""resource_instance_id"": ""8057035535632679842"", ""resource_project_id"": ""proyecto-2-cloud-509714"", ""resource_type"": ""gce_instance"", ""resource_zone"": ""us-central1-a"", ""vm"": ""8057035535632679842""}",110706688
2026-09-27T02:36:59.741002Z,"{""command"": ""unattended-upgr"", ""command_line"": ""/usr/bin/python3 /usr/share/unattended-upgrades/unattended-upgrade-shutdown --wait-for-signal"", ""owner"": ""root"", ""pid"": ""478"", ""process"": ""all"", ""resource_instance_id"": ""8057035535632679842"", ""resource_project_id"": ""proyecto-2-cloud-509714"", ""resource_type"": ""gce_instance"", ""resource_zone"": ""us-central1-a"", ""vm"": ""8057035535632679842""}",110706688
2026-09-27T02:36:29.736231Z,"{""command"": ""unattended-upgr"", ""command_line"": ""/usr/bin/python3 /usr/share/unattended-upgrades/unattended-upgrade-shutdown --wait-for-signal"", ""owner"": ""root"", ""pid"": ""478"", ""process"": ""all"", ""resource_instance_id"": ""8057035535632679842"", ""resource_project_id"": ""proyecto-2-cloud-509714"", ""resource_type"": ""gce_instance"", ""resource_zone"": ""us-central1-a"", ""vm"": ""8057035535632679842""}",110706688
2026-09-27T02:35:59.728552Z,"{""command"": ""unattended-upgr"", ""command_line"": ""/usr/bin/python3 /usr/share/unattended-upgrades/unattended-upgrade-shutdown --wait-for-signal"", ""owner"": ""root"", ""pid"": ""478"", ""process"": ""all"", ""resource_instance_id"": ""8057035535632679842"", ""resource_project_id"": ""proyecto-2-cloud-509714"", ""resource_type"": ""gce_instance"", ""resource_zone"": ""us-central1-a"", ""vm"": ""8057035535632679842""}",110706688
2026-09-27T02:35:29.726689Z,"{""command"": ""unattended-upgr"", ""command_line"": ""/usr/bin/python3 /usr/share/unattended-upgrades/unattended-upgrade-shutdown --wait-for-signal"", ""owner"": ""root"", ""pid"": ""478"", ""process"": ""all"", ""resource_instance_id"": ""8057035535632679842"", ""resource_project_id"": ""proyecto-2-cloud-509714"", ""resource_type"": ""gce_instance"", ""resource_zone"": ""us-central1-a"", ""vm"": ""8057035535632679842""}",110706688
2026-09-27T02:34:59.732314Z,"{""command"": ""unattended-upgr"", ""command_line"": ""/usr/bin/python3 /usr/share/unattended-upgrades/unattended-upgrade-shutdown --wait-for-signal"", ""owner"": ""root"", ""pid"": ""478"", ""process"": ""all"", ""resource_instance_id"": ""8057035535632679842"", ""resource_project_id"": ""proyecto-2-cloud-509714"", ""resource_type"": ""gce_instance"", ""resource_zone"": ""us-central1-a"", ""vm"": ""8057035535632679842""}",110706688
2026-09-27T02:34:29.732098Z,"{""command"": ""unattended-upgr"", ""command_line"": ""/usr/bin/python3 /usr/share/unattended-upgrades/unattended-upgrade-shutdown --wait-for-signal"", ""owner"": ""root"", ""pid"": ""478"", ""process"": ""all"", ""resource_instance_id"": ""8057035535632679842"", ""resource_project_id"": ""proyecto-2-cloud-509714"", ""resource_type"": ""gce_instance"", ""resource_zone"": ""us-central1-a"", ""vm"": ""8057035535632679842""}",110706688
2026-09-27T02:33:59.738250Z,"{""command"": ""unattended-upgr"", ""command_line"": ""/usr/bin/python3 /usr/share/unattended-upgrades/unattended-upgrade-shutdown --wait-for-signal"", ""owner"": ""root"", ""pid"": ""478"", ""process"": ""all"", ""resource_instance_id"": ""8057035535632679842"", ""resource_project_id"": ""proyecto-2-cloud-509714"", ""resource_type"": ""gce_instance"", ""resource_zone"": ""us-central1-a"", ""vm"": ""8057035535632679842""}",110706688
2026-09-27T02:33:29.727459Z,"{""command"": ""unattended-upgr"", ""command_line"": ""/usr/bin/python3 /usr/share/unattended-upgrades/unattended-upgrade-shutdown --wait-for-signal"", ""owner"": ""root"", ""pid"": ""478"", ""process"": ""all"", ""resource_instance_id"": ""8057035535632679842"", ""resource_project_id"": ""proyecto-2-cloud-509714"", ""resource_type"": ""gce_instance"", ""resource_zone"": ""us-central1-a"", ""vm"": ""8057035535632679842""}",110706688
2026-09-27T02:32:59.744768Z,"{""command"": ""unattended-upgr"", ""command_line"": ""/usr/bin/python3 /usr/share/unattended-upgrades/unattended-upgrade-shutdown --wait-for-signal"", ""owner"": ""root"", ""pid"": ""478"", ""process"": ""all"", ""resource_instance_id"": ""8057035535632679842"", ""resource_project_id"": ""proyecto-2-cloud-509714"", ""resource_type"": ""gce_instance"", ""resource_zone"": ""us-central1-a"", ""vm"": ""8057035535632679842""}",110706688
2026-09-27T02:32:29.736194Z,"{""command"": ""unattended-upgr"", ""command_line"": ""/usr/bin/python3 /usr/share/unattended-upgrades/unattended-upgrade-shutdown --wait-for-signal"", ""owner"": ""root"", ""pid"": ""478"", ""process"": ""all"", ""resource_instance_id"": ""8057035535632679842"", ""resource_project_id"": ""proyecto-2-cloud-509714"", ""resource_type"": ""gce_instance"", ""resource_zone"": ""us-central1-a"", ""vm"": ""8057035535632679842""}",110706688
2026-09-27T02:31:59.736190Z,"{""command"": ""unattended-upgr"", ""command_line"": ""/usr/bin/python3 /usr/share/unattended-upgrades/unattended-upgrade-shutdown --wait-for-signal"", ""owner"": ""root"", ""pid"": ""478"", ""process"": ""all"", ""resource_instance_id"": ""8057035535632679842"", ""resource_project_id"": ""proyecto-2-cloud-509714"", ""resource_type"": ""gce_instance"", ""resource_zone"": ""us-central1-a"", ""vm"": ""8057035535632679842""}",110706688
2026-09-27T02:31:29.730524Z,"{""command"": ""unattended-upgr"", ""command_line"": ""/usr/bin/python3 /usr/share/unattended-upgrades/unattended-upgrade-shutdown --wait-for-signal"", ""owner"": ""root"", ""pid"": ""478"", ""process"": ""all"", ""resource_instance_id"": ""8057035535632679842"", ""resource_project_id"": ""proyecto-2-cloud-509714"", ""resource_type"": ""gce_instance"", ""resource_zone"": ""us-central1-a"", ""vm"": ""8057035535632679842""}",110706688
2026-09-27T02:30:59.747153Z,"{""command"": ""unattended-upgr"", ""command_line"": ""/usr/bin/python3 /usr/share/unattended-upgrades/unattended-upgrade-shutdown --wait-for-signal"", ""owner"": ""root"", ""pid"": ""478"", ""process"": ""all"", ""resource_instance_id"": ""8057035535632679842"", ""resource_project_id"": ""proyecto-2-cloud-509714"", ""resource_type"": ""gce_instance"", ""resource_zone"": ""us-central1-a"", ""vm"": ""8057035535632679842""}",110706688
2026-09-27T02:30:29.741393Z,"{""command"": ""unattended-upgr"", ""command_line"": ""/usr/bin/python3 /usr/share/unattended-upgrades/unattended-upgrade-shutdown --wait-for-signal"", ""owner"": ""root"", ""pid"": ""478"", ""process"": ""all"", ""resource_instance_id"": ""8057035535632679842"", ""resource_project_id"": ""proyecto-2-cloud-509714"", ""resource_type"": ""gce_instance"", ""resource_zone"": ""us-central1-a"", ""vm"": ""8057035535632679842""}",110706688
2026-09-27T02:30:22.327915Z,"{""command"": ""unattended-upgr"", ""command_line"": ""/usr/bin/python3 /usr/share/unattended-upgrades/unattended-upgrade-shutdown --wait-for-signal"", ""owner"": ""root"", ""pid"": ""478"", ""process"": ""all"", ""resource_instance_id"": ""8057035535632679842"", ""resource_project_id"": ""proyecto-2-cloud-509714"", ""resource_type"": ""gce_instance"", ""resource_zone"": ""us-central1-a"", ""vm"": ""8057035535632679842""}",110706688
2026-09-27T02:49:59.743088Z,"{""command"": ""worker"", ""command_line"": ""./worker"", ""owner"": ""root"", ""pid"": ""6540"", ""process"": ""all"", ""resource_instance_id"": ""8057035535632679842"", ""resource_project_id"": ""proyecto-2-cloud-509714"", ""resource_type"": ""gce_instance"", ""resource_zone"": ""us-central1-a"", ""vm"": ""8057035535632679842""}",1324470272
2026-09-27T02:49:29.737548Z,"{""command"": ""worker"", ""command_line"": ""./worker"", ""owner"": ""root"", ""pid"": ""6540"", ""process"": ""all"", ""resource_instance_id"": ""8057035535632679842"", ""resource_project_id"": ""proyecto-2-cloud-509714"", ""resource_type"": ""gce_instance"", ""resource_zone"": ""us-central1-a"", ""vm"": ""8057035535632679842""}",1324470272
2026-09-27T02:48:59.733854Z,"{""command"": ""worker"", ""command_line"": ""./worker"", ""owner"": ""root"", ""pid"": ""6540"", ""process"": ""all"", ""resource_instance_id"": ""8057035535632679842"", ""resource_project_id"": ""proyecto-2-cloud-509714"", ""resource_type"": ""gce_instance"", ""resource_zone"": ""us-central1-a"", ""vm"": ""8057035535632679842""}",1324470272
2026-09-27T02:48:29.740142Z,"{""command"": ""worker"", ""command_line"": ""./worker"", ""owner"": ""root"", ""pid"": ""6540"", ""process"": ""all"", ""resource_instance_id"": ""8057035535632679842"", ""resource_project_id"": ""proyecto-2-cloud-509714"", ""resource_type"": ""gce_instance"", ""resource_zone"": ""us-central1-a"", ""vm"": ""8057035535632679842""}",1324470272
2026-09-27T02:47:59.737092Z,"{""command"": ""worker"", ""command_line"": ""./worker"", ""owner"": ""root"", ""pid"": ""6540"", ""process"": ""all"", ""resource_instance_id"": ""8057035535632679842"", ""resource_project_id"": ""proyecto-2-cloud-509714"", ""resource_type"": ""gce_instance"", ""resource_zone"": ""us-central1-a"", ""vm"": ""8057035535632679842""}",1324470272
2026-09-27T02:47:29.734153Z,"{""command"": ""worker"", ""command_line"": ""./worker"", ""owner"": ""root"", ""pid"": ""6540"", ""process"": ""all"", ""resource_instance_id"": ""8057035535632679842"", ""resource_project_id"": ""proyecto-2-cloud-509714"", ""resource_type"": ""gce_instance"", ""resource_zone"": ""us-central1-a"", ""vm"": ""8057035535632679842""}",1324470272
2026-09-27T02:46:59.744978Z,"{""command"": ""worker"", ""command_line"": ""./worker"", ""owner"": ""root"", ""pid"": ""6540"", ""process"": ""all"", ""resource_instance_id"": ""8057035535632679842"", ""resource_project_id"": ""proyecto-2-cloud-509714"", ""resource_type"": ""gce_instance"", ""resource_zone"": ""us-central1-a"", ""vm"": ""8057035535632679842""}",1324470272
2026-09-27T02:46:29.741657Z,"{""command"": ""worker"", ""command_line"": ""./worker"", ""owner"": ""root"", ""pid"": ""6540"", ""process"": ""all"", ""resource_instance_id"": ""8057035535632679842"", ""resource_project_id"": ""proyecto-2-cloud-509714"", ""resource_type"": ""gce_instance"", ""resource_zone"": ""us-central1-a"", ""vm"": ""8057035535632679842""}",1324470272
2026-09-27T02:45:59.733133Z,"{""command"": ""worker"", ""command_line"": ""./worker"", ""owner"": ""root"", ""pid"": ""6540"", ""process"": ""all"", ""resource_instance_id"": ""8057035535632679842"", ""resource_project_id"": ""proyecto-2-cloud-509714"", ""resource_type"": ""gce_instance"", ""resource_zone"": ""us-central1-a"", ""vm"": ""8057035535632679842""}",1324470272
2026-09-27T02:45:29.738980Z,"{""command"": ""worker"", ""command_line"": ""./worker"", ""owner"": ""root"", ""pid"": ""6540"", ""process"": ""all"", ""resource_instance_id"": ""8057035535632679842"", ""resource_project_id"": ""proyecto-2-cloud-509714"", ""resource_type"": ""gce_instance"", ""resource_zone"": ""us-central1-a"", ""vm"": ""8057035535632679842""}",1324470272
2026-09-27T02:44:59.744838Z,"{""command"": ""worker"", ""command_line"": ""./worker"", ""owner"": ""root"", ""pid"": ""6540"", ""process"": ""all"", ""resource_instance_id"": ""8057035535632679842"", ""resource_project_id"": ""proyecto-2-cloud-509714"", ""resource_type"": ""gce_instance"", ""resource_zone"": ""us-central1-a"", ""vm"": ""8057035535632679842""}",1324470272
2026-09-27T02:44:29.741676Z,"{""command"": ""worker"", ""command_line"": ""./worker"", ""owner"": ""root"", ""pid"": ""6540"", ""process"": ""all"", ""resource_instance_id"": ""8057035535632679842"", ""resource_project_id"": ""proyecto-2-cloud-509714"", ""resource_type"": ""gce_instance"", ""resource_zone"": ""us-central1-a"", ""vm"": ""8057035535632679842""}",1324470272
2026-09-27T02:43:59.743690Z,"{""command"": ""worker"", ""command_line"": ""./worker"", ""owner"": ""root"", ""pid"": ""6540"", ""process"": ""all"", ""resource_instance_id"": ""8057035535632679842"", ""resource_project_id"": ""proyecto-2-cloud-509714"", ""resource_type"": ""gce_instance"", ""resource_zone"": ""us-central1-a"", ""vm"": ""8057035535632679842""}",1324470272
2026-09-27T02:43:29.745036Z,"{""command"": ""worker"", ""command_line"": ""./worker"", ""owner"": ""root"", ""pid"": ""6540"", ""process"": ""all"", ""resource_instance_id"": ""8057035535632679842"", ""resource_project_id"": ""proyecto-2-cloud-509714"", ""resource_type"": ""gce_instance"", ""resource_zone"": ""us-central1-a"", ""vm"": ""8057035535632679842""}",1324470272
2026-09-27T02:42:59.737959Z,"{""command"": ""worker"", ""command_line"": ""./worker"", ""owner"": ""root"", ""pid"": ""6540"", ""process"": ""all"", ""resource_instance_id"": ""8057035535632679842"", ""resource_project_id"": ""proyecto-2-cloud-509714"", ""resource_type"": ""gce_instance"", ""resource_zone"": ""us-central1-a"", ""vm"": ""8057035535632679842""}",1324470272
2026-09-27T02:42:29.763760Z,"{""command"": ""worker"", ""command_line"": ""./worker"", ""owner"": ""root"", ""pid"": ""6540"", ""process"": ""all"", ""resource_instance_id"": ""8057035535632679842"", ""resource_project_id"": ""proyecto-2-cloud-509714"", ""resource_type"": ""gce_instance"", ""resource_zone"": ""us-central1-a"", ""vm"": ""8057035535632679842""}",1324470272
2026-09-27T02:41:59.741696Z,"{""command"": ""worker"", ""command_line"": ""./worker"", ""owner"": ""root"", ""pid"": ""6540"", ""process"": ""all"", ""resource_instance_id"": ""8057035535632679842"", ""resource_project_id"": ""proyecto-2-cloud-509714"", ""resource_type"": ""gce_instance"", ""resource_zone"": ""us-central1-a"", ""vm"": ""8057035535632679842""}",1324470272
2026-09-27T02:41:29.745082Z,"{""command"": ""worker"", ""command_line"": ""./worker"", ""owner"": ""root"", ""pid"": ""6540"", ""process"": ""all"", ""resource_instance_id"": ""8057035535632679842"", ""resource_project_id"": ""proyecto-2-cloud-509714"", ""resource_type"": ""gce_instance"", ""resource_zone"": ""us-central1-a"", ""vm"": ""8057035535632679842""}",1324470272
2026-09-27T02:40:59.733834Z,"{""command"": ""worker"", ""command_line"": ""./worker"", ""owner"": ""root"", ""pid"": ""6540"", ""process"": ""all"", ""resource_instance_id"": ""8057035535632679842"", ""resource_project_id"": ""proyecto-2-cloud-509714"", ""resource_type"": ""gce_instance"", ""resource_zone"": ""us-central1-a"", ""vm"": ""8057035535632679842""}",1324470272
2026-09-27T02:40:29.730823Z,"{""command"": ""worker"", ""command_line"": ""./worker"", ""owner"": ""root"", ""pid"": ""6540"", ""process"": ""all"", ""resource_instance_id"": ""8057035535632679842"", ""resource_project_id"": ""proyecto-2-cloud-509714"", ""resource_type"": ""gce_instance"", ""resource_zone"": ""us-central1-a"", ""vm"": ""8057035535632679842""}",1324470272
2026-09-27T02:39:59.741201Z,"{""command"": ""worker"", ""command_line"": ""./worker"", ""owner"": ""root"", ""pid"": ""6540"", ""process"": ""all"", ""resource_instance_id"": ""8057035535632679842"", ""resource_project_id"": ""proyecto-2-cloud-509714"", ""resource_type"": ""gce_instance"", ""resource_zone"": ""us-central1-a"", ""vm"": ""8057035535632679842""}",1324470272
2026-09-27T02:39:29.732454Z,"{""command"": ""worker"", ""command_line"": ""./worker"", ""owner"": ""root"", ""pid"": ""6540"", ""process"": ""all"", ""resource_instance_id"": ""8057035535632679842"", ""resource_project_id"": ""proyecto-2-cloud-509714"", ""resource_type"": ""gce_instance"", ""resource_zone"": ""us-central1-a"", ""vm"": ""8057035535632679842""}",1324470272
2026-09-27T02:38:59.739858Z,"{""command"": ""worker"", ""command_line"": ""./worker"", ""owner"": ""root"", ""pid"": ""6540"", ""process"": ""all"", ""resource_instance_id"": ""8057035535632679842"", ""resource_project_id"": ""proyecto-2-cloud-509714"", ""resource_type"": ""gce_instance"", ""resource_zone"": ""us-central1-a"", ""vm"": ""8057035535632679842""}",1324470272
2026-09-27T02:38:29.729564Z,"{""command"": ""worker"", ""command_line"": ""./worker"", ""owner"": ""root"", ""pid"": ""6540"", ""process"": ""all"", ""resource_instance_id"": ""8057035535632679842"", ""resource_project_id"": ""proyecto-2-cloud-509714"", ""resource_type"": ""gce_instance"", ""resource_zone"": ""us-central1-a"", ""vm"": ""8057035535632679842""}",1324470272
2026-09-27T02:37:59.740280Z,"{""command"": ""worker"", ""command_line"": ""./worker"", ""owner"": ""root"", ""pid"": ""6540"", ""process"": ""all"", ""resource_instance_id"": ""8057035535632679842"", ""resource_project_id"": ""proyecto-2-cloud-509714"", ""resource_type"": ""gce_instance"", ""resource_zone"": ""us-central1-a"", ""vm"": ""8057035535632679842""}",1324470272
2026-09-27T02:37:29.734552Z,"{""command"": ""worker"", ""command_line"": ""./worker"", ""owner"": ""root"", ""pid"": ""6540"", ""process"": ""all"", ""resource_instance_id"": ""8057035535632679842"", ""resource_project_id"": ""proyecto-2-cloud-509714"", ""resource_type"": ""gce_instance"", ""resource_zone"": ""us-central1-a"", ""vm"": ""8057035535632679842""}",1324470272
2026-09-27T02:36:59.742667Z,"{""command"": ""worker"", ""command_line"": ""./worker"", ""owner"": ""root"", ""pid"": ""6540"", ""process"": ""all"", ""resource_instance_id"": ""8057035535632679842"", ""resource_project_id"": ""proyecto-2-cloud-509714"", ""resource_type"": ""gce_instance"", ""resource_zone"": ""us-central1-a"", ""vm"": ""8057035535632679842""}",1324470272
2026-09-27T02:36:29.738371Z,"{""command"": ""worker"", ""command_line"": ""./worker"", ""owner"": ""root"", ""pid"": ""6540"", ""process"": ""all"", ""resource_instance_id"": ""8057035535632679842"", ""resource_project_id"": ""proyecto-2-cloud-509714"", ""resource_type"": ""gce_instance"", ""resource_zone"": ""us-central1-a"", ""vm"": ""8057035535632679842""}",1324470272
2026-09-27T02:35:59.731016Z,"{""command"": ""worker"", ""command_line"": ""./worker"", ""owner"": ""root"", ""pid"": ""6540"", ""process"": ""all"", ""resource_instance_id"": ""8057035535632679842"", ""resource_project_id"": ""proyecto-2-cloud-509714"", ""resource_type"": ""gce_instance"", ""resource_zone"": ""us-central1-a"", ""vm"": ""8057035535632679842""}",1324470272
2026-09-27T02:35:29.727841Z,"{""command"": ""worker"", ""command_line"": ""./worker"", ""owner"": ""root"", ""pid"": ""6540"", ""process"": ""all"", ""resource_instance_id"": ""8057035535632679842"", ""resource_project_id"": ""proyecto-2-cloud-509714"", ""resource_type"": ""gce_instance"", ""resource_zone"": ""us-central1-a"", ""vm"": ""8057035535632679842""}",1324470272
2026-09-27T02:34:59.735085Z,"{""command"": ""worker"", ""command_line"": ""./worker"", ""owner"": ""root"", ""pid"": ""6540"", ""process"": ""all"", ""resource_instance_id"": ""8057035535632679842"", ""resource_project_id"": ""proyecto-2-cloud-509714"", ""resource_type"": ""gce_instance"", ""resource_zone"": ""us-central1-a"", ""vm"": ""8057035535632679842""}",1324470272
2026-09-27T02:34:29.734209Z,"{""command"": ""worker"", ""command_line"": ""./worker"", ""owner"": ""root"", ""pid"": ""6540"", ""process"": ""all"", ""resource_instance_id"": ""8057035535632679842"", ""resource_project_id"": ""proyecto-2-cloud-509714"", ""resource_type"": ""gce_instance"", ""resource_zone"": ""us-central1-a"", ""vm"": ""8057035535632679842""}",1324470272
2026-09-27T02:33:59.739929Z,"{""command"": ""worker"", ""command_line"": ""./worker"", ""owner"": ""root"", ""pid"": ""6540"", ""process"": ""all"", ""resource_instance_id"": ""8057035535632679842"", ""resource_project_id"": ""proyecto-2-cloud-509714"", ""resource_type"": ""gce_instance"", ""resource_zone"": ""us-central1-a"", ""vm"": ""8057035535632679842""}",1324470272
2026-09-27T02:33:29.728723Z,"{""command"": ""worker"", ""command_line"": ""./worker"", ""owner"": ""root"", ""pid"": ""6540"", ""process"": ""all"", ""resource_instance_id"": ""8057035535632679842"", ""resource_project_id"": ""proyecto-2-cloud-509714"", ""resource_type"": ""gce_instance"", ""resource_zone"": ""us-central1-a"", ""vm"": ""8057035535632679842""}",1324470272
2026-09-27T02:32:59.746350Z,"{""command"": ""worker"", ""command_line"": ""./worker"", ""owner"": ""root"", ""pid"": ""6540"", ""process"": ""all"", ""resource_instance_id"": ""8057035535632679842"", ""resource_project_id"": ""proyecto-2-cloud-509714"", ""resource_type"": ""gce_instance"", ""resource_zone"": ""us-central1-a"", ""vm"": ""8057035535632679842""}",1324470272
2026-09-27T02:32:29.737904Z,"{""command"": ""worker"", ""command_line"": ""./worker"", ""owner"": ""root"", ""pid"": ""6540"", ""process"": ""all"", ""resource_instance_id"": ""8057035535632679842"", ""resource_project_id"": ""proyecto-2-cloud-509714"", ""resource_type"": ""gce_instance"", ""resource_zone"": ""us-central1-a"", ""vm"": ""8057035535632679842""}",1324470272
2026-09-27T02:31:59.737671Z,"{""command"": ""worker"", ""command_line"": ""./worker"", ""owner"": ""root"", ""pid"": ""6540"", ""process"": ""all"", ""resource_instance_id"": ""8057035535632679842"", ""resource_project_id"": ""proyecto-2-cloud-509714"", ""resource_type"": ""gce_instance"", ""resource_zone"": ""us-central1-a"", ""vm"": ""8057035535632679842""}",1324470272
2026-09-27T02:31:29.732145Z,"{""command"": ""worker"", ""command_line"": ""./worker"", ""owner"": ""root"", ""pid"": ""6540"", ""process"": ""all"", ""resource_instance_id"": ""8057035535632679842"", ""resource_project_id"": ""proyecto-2-cloud-509714"", ""resource_type"": ""gce_instance"", ""resource_zone"": ""us-central1-a"", ""vm"": ""8057035535632679842""}",1324470272
2026-09-27T02:30:59.748828Z,"{""command"": ""worker"", ""command_line"": ""./worker"", ""owner"": ""root"", ""pid"": ""6540"", ""process"": ""all"", ""resource_instance_id"": ""8057035535632679842"", ""resource_project_id"": ""proyecto-2-cloud-509714"", ""resource_type"": ""gce_instance"", ""resource_zone"": ""us-central1-a"", ""vm"": ""8057035535632679842""}",1324470272
2026-09-27T02:30:29.743226Z,"{""command"": ""worker"", ""command_line"": ""./worker"", ""owner"": ""root"", ""pid"": ""6540"", ""process"": ""all"", ""resource_instance_id"": ""8057035535632679842"", ""resource_project_id"": ""proyecto-2-cloud-509714"", ""resource_type"": ""gce_instance"", ""resource_zone"": ""us-central1-a"", ""vm"": ""8057035535632679842""}",1324470272
2026-09-27T02:30:22.330076Z,"{""command"": ""worker"", ""command_line"": ""./worker"", ""owner"": ""root"", ""pid"": ""6540"", ""process"": ""all"", ""resource_instance_id"": ""8057035535632679842"", ""resource_project_id"": ""proyecto-2-cloud-509714"", ""resource_type"": ""gce_instance"", ""resource_zone"": ""us-central1-a"", ""vm"": ""8057035535632679842""}",1324470272
2026-09-27T02:49:59.736382Z,"{""command"": ""writeback"", ""command_line"": """", ""owner"": ""root"", ""pid"": ""33"", ""process"": ""all"", ""resource_instance_id"": ""8057035535632679842"", ""resource_project_id"": ""proyecto-2-cloud-509714"", ""resource_type"": ""gce_instance"", ""resource_zone"": ""us-central1-a"", ""vm"": ""8057035535632679842""}",0
2026-09-27T02:49:29.733431Z,"{""command"": ""writeback"", ""command_line"": """", ""owner"": ""root"", ""pid"": ""33"", ""process"": ""all"", ""resource_instance_id"": ""8057035535632679842"", ""resource_project_id"": ""proyecto-2-cloud-509714"", ""resource_type"": ""gce_instance"", ""resource_zone"": ""us-central1-a"", ""vm"": ""8057035535632679842""}",0
2026-09-27T02:48:59.728543Z,"{""command"": ""writeback"", ""command_line"": """", ""owner"": ""root"", ""pid"": ""33"", ""process"": ""all"", ""resource_instance_id"": ""8057035535632679842"", ""resource_project_id"": ""proyecto-2-cloud-509714"", ""resource_type"": ""gce_instance"", ""resource_zone"": ""us-central1-a"", ""vm"": ""8057035535632679842""}",0
2026-09-27T02:48:29.734650Z,"{""command"": ""writeback"", ""command_line"": """", ""owner"": ""root"", ""pid"": ""33"", ""process"": ""all"", ""resource_instance_id"": ""8057035535632679842"", ""resource_project_id"": ""proyecto-2-cloud-509714"", ""resource_type"": ""gce_instance"", ""resource_zone"": ""us-central1-a"", ""vm"": ""8057035535632679842""}",0
2026-09-27T02:47:59.732897Z,"{""command"": ""writeback"", ""command_line"": """", ""owner"": ""root"", ""pid"": ""33"", ""process"": ""all"", ""resource_instance_id"": ""8057035535632679842"", ""resource_project_id"": ""proyecto-2-cloud-509714"", ""resource_type"": ""gce_instance"", ""resource_zone"": ""us-central1-a"", ""vm"": ""8057035535632679842""}",0
2026-09-27T02:47:29.729543Z,"{""command"": ""writeback"", ""command_line"": """", ""owner"": ""root"", ""pid"": ""33"", ""process"": ""all"", ""resource_instance_id"": ""8057035535632679842"", ""resource_project_id"": ""proyecto-2-cloud-509714"", ""resource_type"": ""gce_instance"", ""resource_zone"": ""us-central1-a"", ""vm"": ""8057035535632679842""}",0
2026-09-27T02:46:59.740094Z,"{""command"": ""writeback"", ""command_line"": """", ""owner"": ""root"", ""pid"": ""33"", ""process"": ""all"", ""resource_instance_id"": ""8057035535632679842"", ""resource_project_id"": ""proyecto-2-cloud-509714"", ""resource_type"": ""gce_instance"", ""resource_zone"": ""us-central1-a"", ""vm"": ""8057035535632679842""}",0
2026-09-27T02:46:29.734890Z,"{""command"": ""writeback"", ""command_line"": """", ""owner"": ""root"", ""pid"": ""33"", ""process"": ""all"", ""resource_instance_id"": ""8057035535632679842"", ""resource_project_id"": ""proyecto-2-cloud-509714"", ""resource_type"": ""gce_instance"", ""resource_zone"": ""us-central1-a"", ""vm"": ""8057035535632679842""}",0
2026-09-27T02:45:59.729495Z,"{""command"": ""writeback"", ""command_line"": """", ""owner"": ""root"", ""pid"": ""33"", ""process"": ""all"", ""resource_instance_id"": ""8057035535632679842"", ""resource_project_id"": ""proyecto-2-cloud-509714"", ""resource_type"": ""gce_instance"", ""resource_zone"": ""us-central1-a"", ""vm"": ""8057035535632679842""}",0
2026-09-27T02:45:29.735324Z,"{""command"": ""writeback"", ""command_line"": """", ""owner"": ""root"", ""pid"": ""33"", ""process"": ""all"", ""resource_instance_id"": ""8057035535632679842"", ""resource_project_id"": ""proyecto-2-cloud-509714"", ""resource_type"": ""gce_instance"", ""resource_zone"": ""us-central1-a"", ""vm"": ""8057035535632679842""}",0
2026-09-27T02:44:59.740537Z,"{""command"": ""writeback"", ""command_line"": """", ""owner"": ""root"", ""pid"": ""33"", ""process"": ""all"", ""resource_instance_id"": ""8057035535632679842"", ""resource_project_id"": ""proyecto-2-cloud-509714"", ""resource_type"": ""gce_instance"", ""resource_zone"": ""us-central1-a"", ""vm"": ""8057035535632679842""}",0
2026-09-27T02:44:29.737619Z,"{""command"": ""writeback"", ""command_line"": """", ""owner"": ""root"", ""pid"": ""33"", ""process"": ""all"", ""resource_instance_id"": ""8057035535632679842"", ""resource_project_id"": ""proyecto-2-cloud-509714"", ""resource_type"": ""gce_instance"", ""resource_zone"": ""us-central1-a"", ""vm"": ""8057035535632679842""}",0
2026-09-27T02:43:59.739251Z,"{""command"": ""writeback"", ""command_line"": """", ""owner"": ""root"", ""pid"": ""33"", ""process"": ""all"", ""resource_instance_id"": ""8057035535632679842"", ""resource_project_id"": ""proyecto-2-cloud-509714"", ""resource_type"": ""gce_instance"", ""resource_zone"": ""us-central1-a"", ""vm"": ""8057035535632679842""}",0
2026-09-27T02:43:29.739664Z,"{""command"": ""writeback"", ""command_line"": """", ""owner"": ""root"", ""pid"": ""33"", ""process"": ""all"", ""resource_instance_id"": ""8057035535632679842"", ""resource_project_id"": ""proyecto-2-cloud-509714"", ""resource_type"": ""gce_instance"", ""resource_zone"": ""us-central1-a"", ""vm"": ""8057035535632679842""}",0
2026-09-27T02:42:59.733632Z,"{""command"": ""writeback"", ""command_line"": """", ""owner"": ""root"", ""pid"": ""33"", ""process"": ""all"", ""resource_instance_id"": ""8057035535632679842"", ""resource_project_id"": ""proyecto-2-cloud-509714"", ""resource_type"": ""gce_instance"", ""resource_zone"": ""us-central1-a"", ""vm"": ""8057035535632679842""}",0
2026-09-27T02:42:29.758479Z,"{""command"": ""writeback"", ""command_line"": """", ""owner"": ""root"", ""pid"": ""33"", ""process"": ""all"", ""resource_instance_id"": ""8057035535632679842"", ""resource_project_id"": ""proyecto-2-cloud-509714"", ""resource_type"": ""gce_instance"", ""resource_zone"": ""us-central1-a"", ""vm"": ""8057035535632679842""}",0
2026-09-27T02:41:59.736876Z,"{""command"": ""writeback"", ""command_line"": """", ""owner"": ""root"", ""pid"": ""33"", ""process"": ""all"", ""resource_instance_id"": ""8057035535632679842"", ""resource_project_id"": ""proyecto-2-cloud-509714"", ""resource_type"": ""gce_instance"", ""resource_zone"": ""us-central1-a"", ""vm"": ""8057035535632679842""}",0
2026-09-27T02:41:29.740766Z,"{""command"": ""writeback"", ""command_line"": """", ""owner"": ""root"", ""pid"": ""33"", ""process"": ""all"", ""resource_instance_id"": ""8057035535632679842"", ""resource_project_id"": ""proyecto-2-cloud-509714"", ""resource_type"": ""gce_instance"", ""resource_zone"": ""us-central1-a"", ""vm"": ""8057035535632679842""}",0
2026-09-27T02:40:59.728565Z,"{""command"": ""writeback"", ""command_line"": """", ""owner"": ""root"", ""pid"": ""33"", ""process"": ""all"", ""resource_instance_id"": ""8057035535632679842"", ""resource_project_id"": ""proyecto-2-cloud-509714"", ""resource_type"": ""gce_instance"", ""resource_zone"": ""us-central1-a"", ""vm"": ""8057035535632679842""}",0
2026-09-27T02:40:29.726257Z,"{""command"": ""writeback"", ""command_line"": """", ""owner"": ""root"", ""pid"": ""33"", ""process"": ""all"", ""resource_instance_id"": ""8057035535632679842"", ""resource_project_id"": ""proyecto-2-cloud-509714"", ""resource_type"": ""gce_instance"", ""resource_zone"": ""us-central1-a"", ""vm"": ""8057035535632679842""}",0
2026-09-27T02:39:59.732408Z,"{""command"": ""writeback"", ""command_line"": """", ""owner"": ""root"", ""pid"": ""33"", ""process"": ""all"", ""resource_instance_id"": ""8057035535632679842"", ""resource_project_id"": ""proyecto-2-cloud-509714"", ""resource_type"": ""gce_instance"", ""resource_zone"": ""us-central1-a"", ""vm"": ""8057035535632679842""}",0
2026-09-27T02:39:29.728537Z,"{""command"": ""writeback"", ""command_line"": """", ""owner"": ""root"", ""pid"": ""33"", ""process"": ""all"", ""resource_instance_id"": ""8057035535632679842"", ""resource_project_id"": ""proyecto-2-cloud-509714"", ""resource_type"": ""gce_instance"", ""resource_zone"": ""us-central1-a"", ""vm"": ""8057035535632679842""}",0
2026-09-27T02:38:59.732839Z,"{""command"": ""writeback"", ""command_line"": """", ""owner"": ""root"", ""pid"": ""33"", ""process"": ""all"", ""resource_instance_id"": ""8057035535632679842"", ""resource_project_id"": ""proyecto-2-cloud-509714"", ""resource_type"": ""gce_instance"", ""resource_zone"": ""us-central1-a"", ""vm"": ""8057035535632679842""}",0
2026-09-27T02:38:29.725376Z,"{""command"": ""writeback"", ""command_line"": """", ""owner"": ""root"", ""pid"": ""33"", ""process"": ""all"", ""resource_instance_id"": ""8057035535632679842"", ""resource_project_id"": ""proyecto-2-cloud-509714"", ""resource_type"": ""gce_instance"", ""resource_zone"": ""us-central1-a"", ""vm"": ""8057035535632679842""}",0
2026-09-27T02:37:59.736062Z,"{""command"": ""writeback"", ""command_line"": """", ""owner"": ""root"", ""pid"": ""33"", ""process"": ""all"", ""resource_instance_id"": ""8057035535632679842"", ""resource_project_id"": ""proyecto-2-cloud-509714"", ""resource_type"": ""gce_instance"", ""resource_zone"": ""us-central1-a"", ""vm"": ""8057035535632679842""}",0
2026-09-27T02:37:29.729407Z,"{""command"": ""writeback"", ""command_line"": """", ""owner"": ""root"", ""pid"": ""33"", ""process"": ""all"", ""resource_instance_id"": ""8057035535632679842"", ""resource_project_id"": ""proyecto-2-cloud-509714"", ""resource_type"": ""gce_instance"", ""resource_zone"": ""us-central1-a"", ""vm"": ""8057035535632679842""}",0
2026-09-27T02:36:59.736822Z,"{""command"": ""writeback"", ""command_line"": """", ""owner"": ""root"", ""pid"": ""33"", ""process"": ""all"", ""resource_instance_id"": ""8057035535632679842"", ""resource_project_id"": ""proyecto-2-cloud-509714"", ""resource_type"": ""gce_instance"", ""resource_zone"": ""us-central1-a"", ""vm"": ""8057035535632679842""}",0
2026-09-27T02:36:29.731847Z,"{""command"": ""writeback"", ""command_line"": """", ""owner"": ""root"", ""pid"": ""33"", ""process"": ""all"", ""resource_instance_id"": ""8057035535632679842"", ""resource_project_id"": ""proyecto-2-cloud-509714"", ""resource_type"": ""gce_instance"", ""resource_zone"": ""us-central1-a"", ""vm"": ""8057035535632679842""}",0
2026-09-27T02:35:59.725333Z,"{""command"": ""writeback"", ""command_line"": """", ""owner"": ""root"", ""pid"": ""33"", ""process"": ""all"", ""resource_instance_id"": ""8057035535632679842"", ""resource_project_id"": ""proyecto-2-cloud-509714"", ""resource_type"": ""gce_instance"", ""resource_zone"": ""us-central1-a"", ""vm"": ""8057035535632679842""}",0
2026-09-27T02:35:29.724158Z,"{""command"": ""writeback"", ""command_line"": """", ""owner"": ""root"", ""pid"": ""33"", ""process"": ""all"", ""resource_instance_id"": ""8057035535632679842"", ""resource_project_id"": ""proyecto-2-cloud-509714"", ""resource_type"": ""gce_instance"", ""resource_zone"": ""us-central1-a"", ""vm"": ""8057035535632679842""}",0
2026-09-27T02:34:59.728830Z,"{""command"": ""writeback"", ""command_line"": """", ""owner"": ""root"", ""pid"": ""33"", ""process"": ""all"", ""resource_instance_id"": ""8057035535632679842"", ""resource_project_id"": ""proyecto-2-cloud-509714"", ""resource_type"": ""gce_instance"", ""resource_zone"": ""us-central1-a"", ""vm"": ""8057035535632679842""}",0
2026-09-27T02:34:29.728407Z,"{""command"": ""writeback"", ""command_line"": """", ""owner"": ""root"", ""pid"": ""33"", ""process"": ""all"", ""resource_instance_id"": ""8057035535632679842"", ""resource_project_id"": ""proyecto-2-cloud-509714"", ""resource_type"": ""gce_instance"", ""resource_zone"": ""us-central1-a"", ""vm"": ""8057035535632679842""}",0
2026-09-27T02:33:59.735458Z,"{""command"": ""writeback"", ""command_line"": """", ""owner"": ""root"", ""pid"": ""33"", ""process"": ""all"", ""resource_instance_id"": ""8057035535632679842"", ""resource_project_id"": ""proyecto-2-cloud-509714"", ""resource_type"": ""gce_instance"", ""resource_zone"": ""us-central1-a"", ""vm"": ""8057035535632679842""}",0
2026-09-27T02:33:29.724863Z,"{""command"": ""writeback"", ""command_line"": """", ""owner"": ""root"", ""pid"": ""33"", ""process"": ""all"", ""resource_instance_id"": ""8057035535632679842"", ""resource_project_id"": ""proyecto-2-cloud-509714"", ""resource_type"": ""gce_instance"", ""resource_zone"": ""us-central1-a"", ""vm"": ""8057035535632679842""}",0
2026-09-27T02:32:59.741904Z,"{""command"": ""writeback"", ""command_line"": """", ""owner"": ""root"", ""pid"": ""33"", ""process"": ""all"", ""resource_instance_id"": ""8057035535632679842"", ""resource_project_id"": ""proyecto-2-cloud-509714"", ""resource_type"": ""gce_instance"", ""resource_zone"": ""us-central1-a"", ""vm"": ""8057035535632679842""}",0
2026-09-27T02:32:29.733072Z,"{""command"": ""writeback"", ""command_line"": """", ""owner"": ""root"", ""pid"": ""33"", ""process"": ""all"", ""resource_instance_id"": ""8057035535632679842"", ""resource_project_id"": ""proyecto-2-cloud-509714"", ""resource_type"": ""gce_instance"", ""resource_zone"": ""us-central1-a"", ""vm"": ""8057035535632679842""}",0
2026-09-27T02:31:59.733358Z,"{""command"": ""writeback"", ""command_line"": """", ""owner"": ""root"", ""pid"": ""33"", ""process"": ""all"", ""resource_instance_id"": ""8057035535632679842"", ""resource_project_id"": ""proyecto-2-cloud-509714"", ""resource_type"": ""gce_instance"", ""resource_zone"": ""us-central1-a"", ""vm"": ""8057035535632679842""}",0
2026-09-27T02:31:29.727892Z,"{""command"": ""writeback"", ""command_line"": """", ""owner"": ""root"", ""pid"": ""33"", ""process"": ""all"", ""resource_instance_id"": ""8057035535632679842"", ""resource_project_id"": ""proyecto-2-cloud-509714"", ""resource_type"": ""gce_instance"", ""resource_zone"": ""us-central1-a"", ""vm"": ""8057035535632679842""}",0
2026-09-27T02:30:59.742838Z,"{""command"": ""writeback"", ""command_line"": """", ""owner"": ""root"", ""pid"": ""33"", ""process"": ""all"", ""resource_instance_id"": ""8057035535632679842"", ""resource_project_id"": ""proyecto-2-cloud-509714"", ""resource_type"": ""gce_instance"", ""resource_zone"": ""us-central1-a"", ""vm"": ""8057035535632679842""}",0
2026-09-27T02:30:29.738168Z,"{""command"": ""writeback"", ""command_line"": """", ""owner"": ""root"", ""pid"": ""33"", ""process"": ""all"", ""resource_instance_id"": ""8057035535632679842"", ""resource_project_id"": ""proyecto-2-cloud-509714"", ""resource_type"": ""gce_instance"", ""resource_zone"": ""us-central1-a"", ""vm"": ""8057035535632679842""}",0
2026-09-27T02:30:22.324636Z,"{""command"": ""writeback"", ""command_line"": """", ""owner"": ""root"", ""pid"": ""33"", ""process"": ""all"", ""resource_instance_id"": ""8057035535632679842"", ""resource_project_id"": ""proyecto-2-cloud-509714"", ""resource_type"": ""gce_instance"", ""resource_zone"": ""us-central1-a"", ""vm"": ""8057035535632679842""}",0
